Waf: Entering directory `/home/ubuntu/ns-3.30-obss/build'
Waf: Leaving directory `/home/ubuntu/ns-3.30-obss/build'
Build commands will be stored in build/compile_commands.json
'build' finished successfully (0.812s)
--------------------------Rate[Kbps]--------------------------
Time[s]	cl-1	cl-2	cl-3	cl-4	cl-5	cl-6	cl-7	cl-8	cl-9	cl-10	cl-11	cl-12
60	15.6	13.6	15	14.6	14.2	14.2	17.4	14.6	10.8	14.6	15	15.6
61	940.8	0	0	0	880	972.8	729.6	739.2	873.6	806.4	1116.8	1174.4
62	1484.8	0	0	0	892.8	995.2	1036.8	1158.4	1027.2	854.4	1347.2	1008
63	1145.6	0	0	0	1123.2	1155.2	1174.4	1228.8	851.2	1043.2	1388.8	1369.6
64	1024	0	0	0	1184	976	1097.6	1180.8	825.6	1334.4	1260.8	1212.8
65	1212.8	0	0	0	1126.4	1696	1052.8	1318.4	1270.4	854.4	1043.2	940.8
66	931.2	0	0	0	1123.2	1104	1177.6	880	1193.6	1062.4	726.4	1228.8
67	1043.2	0	0	0	1385.6	883.2	1219.2	1091.2	1507.2	1260.8	1244.8	1164.8
68	937.6	0	0	0	1244.8	1222.4	1337.6	1145.6	1299.2	1187.2	1113.6	745.6
69	1449.6	0	0	0	992	982.4	1443.2	1228.8	1161.6	848	1219.2	876.8
70	867.2	0	0	0	1014.4	1420.8	1008	1068.8	963.2	1027.2	1097.6	1260.8
71	960	0	0	0	937.6	1228.8	892.8	1305.6	1068.8	1369.6	1113.6	1324.8
72	1337.6	0	0	0	915.2	924.8	1193.6	1142.4	1100.8	1443.2	822.4	1158.4
73	1084.8	0	0	0	819.2	1340.8	684.8	1187.2	1145.6	1081.6	867.2	1084.8
74	1280	0	0	0	1363.2	761.6	864	1420.8	662.4	1001.6	995.2	960
75	1196.8	0	0	0	1180.8	1036.8	963.2	1024	787.2	1404.8	1081.6	1097.6
76	1238.4	0	0	0	1196.8	892.8	796.8	1024	1561.6	1299.2	713.6	1283.2
77	896	0	0	0	1158.4	1270.4	1059.2	1030.4	1267.2	886.4	1308.8	918.4
78	1356.8	0	0	0	985.6	896	988.8	963.2	1206.4	1286.4	1216	1753.6
79	1360	0	0	0	675.2	1369.6	1123.2	1372.8	1408	934.4	899.2	1203.2
80	1609.6	0	0	0	819.2	966.4	1126.4	1193.6	1126.4	1030.4	1340.8	896
81	1321.6	0	0	0	1529.6	1232	752	1254.4	947.2	1382.4	1184	976
82	1260.8	0	0	0	1152	1078.4	1075.2	1529.6	857.6	1168	1123.2	1200
83	1145.6	0	0	0	1392	1216	1459.2	1305.6	1068.8	905.6	1225.6	1254.4
84	912	0	0	0	1312	1187.2	1027.2	1500.8	1177.6	1068.8	1270.4	1500.8
85	1228.8	0	0	0	1091.2	1046.4	1216	1129.6	1209.6	1251.2	889.6	1654.4
86	1200	0	0	0	1046.4	1052.8	1177.6	796.8	1155.2	960	1347.2	1344
87	1484.8	0	0	0	1196.8	828.8	630.4	1120	1222.4	912	1062.4	1174.4
88	1116.8	0	0	0	1120	1129.6	1113.6	1276.8	1081.6	992	1027.2	960
89	937.6	0	0	0	1161.6	1116.8	1081.6	1216	1152	1052.8	1174.4	972.8
90	1465.6	0	0	0	1126.4	1110.4	1193.6	1264	755.2	947.2	1257.6	780.8
(1,0)	(2,3911)	(3,1730)	(4,325)	
(1,0)	(2,497)	(3,0)	(4,0)	
(1,0)	(2,465)	(3,0)	(4,0)	
(1,0)	(2,467)	(3,0)	(4,0)	
(1,0)	(2,462)	(3,0)	(4,0)	
(1,0)	(2,0)	(3,0)	(4,0)	
(1,0)	(2,0)	(3,0)	(4,0)	
(1,0)	(2,0)	(3,0)	(4,0)	
(1,0)	(2,0)	(3,0)	(4,0)	
(1,0)	(2,0)	(3,0)	(4,0)	
(1,0)	(2,0)	(3,0)	(4,0)	
(1,0)	(2,0)	(3,0)	(4,0)	
(1,0)	(2,0)	(3,0)	(4,0)	
avg	1181.01	0	0	0	1104.85	1103.15	1056.53	1169.92	1097.81	1088.53	1115.95	1149.33
delay	3.95604	0.0588235	0.0533333	0.0547945	6.35955	6.47415	6.23922	7.27778	8.31621	8.09887	6.52649	9.28816
loss	0	0	0	0	0	0	0	0	0.00160256	0	0	0
Command ['/home/ubuntu/ns-3.30-obss/build/scratch/simple-ofdma-adhoc6', '--ofdmaEnabled=true', '--startTime=60', '--totalTime=90', '--packetSize=4e3', '--dataMode=HeMcs5', '--datarate=20e6', '--ratio=0.375', '--RngRun=42', '--locationFile=locationtxt/locationFile42a.txt', '--routingFile=locationtxt/routingFile42.txt', '--appFile=locationtxt/appFile.txt', '--tcp=0', '--randomTime=true', '--qosDisabled=true'] terminated with signal SIGSEGV. Run it under a debugger to get more information (./waf --run <program> --command-template="gdb --args %s <args>").
