Waf: Entering directory `/home/ubuntu/ns-3.30-obss/build'
Waf: Leaving directory `/home/ubuntu/ns-3.30-obss/build'
Build commands will be stored in build/compile_commands.json
'build' finished successfully (0.820s)
--------------------------Rate[Kbps]--------------------------
Time[s]	cl-1	cl-2	cl-3	cl-4	cl-5	cl-6	cl-7	cl-8	cl-9	cl-10	cl-11	cl-12
60	13.6	18	19.4	16.6	13.8	14.2	14.8	12	15	14.8	15.4	16
61	1356.8	0	0	0	1110.4	1017.6	1270.4	1308.8	1209.6	1251.2	1478.4	832
62	889.6	0	0	0	812.8	1324.8	1145.6	963.2	1529.6	1270.4	1241.6	956.8
63	1097.6	0	0	0	1193.6	1203.2	1337.6	1337.6	1164.8	1356.8	972.8	1113.6
64	1097.6	0	0	0	675.2	873.6	1164.8	1347.2	1212.8	1232	1299.2	800
65	1184	0	0	0	1440	1017.6	950.4	1094.4	1372.8	992	1340.8	1104
66	944	0	0	0	1296	787.2	892.8	1257.6	1209.6	1091.2	1129.6	726.4
67	1280	0	0	0	1356.8	1152	1356.8	963.2	1161.6	1209.6	1452.8	691.2
68	1104	0	0	0	1033.6	1033.6	1251.2	867.2	876.8	1420.8	1328	880
69	742.4	0	0	0	768	713.6	1088	1161.6	1161.6	1177.6	800	1222.4
70	1068.8	0	0	0	1264	854.4	908.8	1270.4	1219.2	1014.4	880	1024
71	1040	0	0	0	1222.4	896	1017.6	1404.8	969.6	960	1107.2	908.8
72	768	0	0	0	1072	921.6	1193.6	1302.4	976	1212.8	966.4	1228.8
73	659.2	0	0	0	1068.8	787.2	1120	1072	928	860.8	809.6	1017.6
74	1078.4	0	0	0	982.4	592	1091.2	1200	1200	1315.2	1040	771.2
75	1241.6	0	0	0	1177.6	624	1049.6	1164.8	896	944	1532.8	1289.6
76	876.8	0	0	0	713.6	700.8	1126.4	1232	915.2	1334.4	1260.8	1142.4
77	1155.2	0	0	0	1036.8	819.2	1516.8	1673.6	819.2	1433.6	995.2	1046.4
78	908.8	0	0	0	1372.8	1001.6	873.6	1036.8	1334.4	825.6	1235.2	1110.4
79	1222.4	0	0	0	857.6	838.4	1184	1017.6	822.4	1100.8	1270.4	1001.6
80	1132.8	0	0	0	649.6	620.8	1040	883.2	1324.8	915.2	1107.2	1379.2
81	1040	0	0	0	1209.6	1062.4	1654.4	1110.4	886.4	796.8	1417.6	1081.6
82	1228.8	0	0	0	972.8	940.8	1014.4	1043.2	1340.8	851.2	1132.8	1200
83	1321.6	0	0	0	1174.4	851.2	1196.8	876.8	1516.8	873.6	1120	979.2
84	1049.6	0	0	0	1257.6	937.6	1161.6	1523.2	918.4	1216	1222.4	851.2
85	1148.8	0	0	0	1081.6	1001.6	1129.6	1161.6	1900.8	1276.8	995.2	1056
86	1001.6	0	0	0	1232	835.2	1308.8	1148.8	1110.4	1116.8	1225.6	1260.8
87	988.8	0	0	0	998.4	1001.6	1046.4	1516.8	1219.2	1283.2	854.4	1036.8
88	1427.2	0	0	0	1049.6	560	752	979.2	1235.2	1628.8	1132.8	1619.2
89	918.4	0	0	0	1110.4	1001.6	1248	963.2	953.6	1129.6	950.4	905.6
90	668.8	0	0	0	1110.4	608	1152	851.2	899.2	985.6	1145.6	1155.2
(1,0)	(2,5226)	(3,6040)	(4,1606)	
(1,0)	(2,1774)	(3,0)	(4,0)	
(1,0)	(2,2098)	(3,0)	(4,0)	
(1,0)	(2,2105)	(3,0)	(4,0)	
(1,0)	(2,1695)	(3,0)	(4,0)	
(1,0)	(2,0)	(3,0)	(4,0)	
(1,0)	(2,0)	(3,0)	(4,0)	
(1,0)	(2,0)	(3,0)	(4,0)	
(1,0)	(2,0)	(3,0)	(4,0)	
(1,0)	(2,0)	(3,0)	(4,0)	
(1,0)	(2,0)	(3,0)	(4,0)	
(1,0)	(2,0)	(3,0)	(4,0)	
(1,0)	(2,0)	(3,0)	(4,0)	
avg	1054.72	0	0	0	1076.69	885.973	1141.44	1157.76	1142.83	1135.89	1148.16	1046.4
delay	481.886	0.0888889	0.0618557	0.060241	528.787	563.531	516.384	541.495	520.018	520.26	529.342	531.843
loss	0.103448	0	0	0	0.10757	0.326923	0.0893082	0.321059	0.170648	0.363337	0.168113	0.344459
Command ['/home/ubuntu/ns-3.30-obss/build/scratch/simple-ofdma-adhoc6', '--ofdmaEnabled=true', '--startTime=60', '--totalTime=90', '--packetSize=4e3', '--dataMode=HeMcs5', '--datarate=30e6', '--ratio=0.375', '--RngRun=5', '--locationFile=locationtxt/locationFile42a.txt', '--routingFile=locationtxt/routingFile42.txt', '--appFile=locationtxt/appFile.txt', '--tcp=0', '--randomTime=true', '--qosDisabled=true'] terminated with signal SIGSEGV. Run it under a debugger to get more information (./waf --run <program> --command-template="gdb --args %s <args>").
