Waf: Entering directory `/home/ubuntu/ns-3.30-obss/build'
Waf: Leaving directory `/home/ubuntu/ns-3.30-obss/build'
Build commands will be stored in build/compile_commands.json
'build' finished successfully (0.788s)
--------------------------Rate[Kbps]--------------------------
Time[s]	cl-1	cl-2	cl-3	cl-4	cl-5	cl-6	cl-7	cl-8	cl-9	cl-10	cl-11	cl-12
60	17.8	15.8	16.4	15.8	13.2	14.6	14.2	16	14.2	13.2	17	13.2
61	1046.4	0	0	0	764.8	700.8	1113.6	988.8	1132.8	835.2	1068.8	1091.2
62	1158.4	0	0	0	1148.8	1142.4	1078.4	1036.8	953.6	1260.8	976	937.6
63	979.2	0	0	0	1043.2	1264	1155.2	1091.2	1177.6	1408	1033.6	1200
64	1196.8	0	0	0	1392	1456	1024	1190.4	1244.8	1164.8	1088	1376
65	1033.6	0	0	0	1155.2	1273.6	1241.6	1139.2	1273.6	713.6	1417.6	700.8
66	1209.6	0	0	0	1248	1171.2	886.4	940.8	1340.8	1318.4	867.2	1116.8
67	889.6	0	0	0	1312	1382.4	1120	1088	1417.6	1152	1164.8	1187.2
68	963.2	0	0	0	860.8	1385.6	1372.8	1312	1049.6	857.6	1126.4	1097.6
69	1107.2	0	0	0	1369.6	844.8	1232	1030.4	1324.8	1241.6	1008	982.4
70	1068.8	0	0	0	720	1267.2	1046.4	1251.2	1174.4	1353.6	697.6	1347.2
71	1084.8	0	0	0	1072	1318.4	780.8	1094.4	1491.2	1484.8	758.4	828.8
72	1299.2	0	0	0	1068.8	1001.6	1107.2	1107.2	1075.2	864	880	972.8
73	1139.2	0	0	0	1283.2	1248	1056	1276.8	1078.4	1024	784	1065.6
74	1350.4	0	0	0	1177.6	1161.6	620.8	1126.4	886.4	880	1324.8	1097.6
75	1184	0	0	0	1292.8	908.8	1155.2	982.4	1318.4	1254.4	1308.8	710.4
76	1366.4	0	0	0	1161.6	1132.8	937.6	1084.8	1152	796.8	876.8	1251.2
77	1155.2	0	0	0	924.8	931.2	1094.4	1235.2	924.8	979.2	1177.6	1145.6
78	1100.8	0	0	0	1113.6	1065.6	1270.4	1411.2	838.4	1139.2	1129.6	1065.6
79	979.2	0	0	0	902.4	758.4	1123.2	1193.6	1443.2	1321.6	1129.6	988.8
80	649.6	0	0	0	1273.6	1126.4	985.6	1347.2	1190.4	1152	1024	1158.4
81	617.6	0	0	0	966.4	966.4	1075.2	1203.2	1238.4	899.2	1088	1174.4
82	1104	0	0	0	1318.4	1436.8	1328	1404.8	1008	646.4	1267.2	1260.8
83	1113.6	0	0	0	921.6	1078.4	1072	1299.2	848	1267.2	956.8	1107.2
84	1228.8	0	0	0	1072	1235.2	899.2	1155.2	1264	1123.2	1020.8	1193.6
85	1004.8	0	0	0	912	1020.8	1500.8	1123.2	796.8	1334.4	1097.6	1110.4
86	1174.4	0	0	0	1072	1238.4	1369.6	1161.6	1430.4	1200	755.2	1062.4
87	1372.8	0	0	0	992	985.6	1152	1011.2	1158.4	985.6	1161.6	1280
88	940.8	0	0	0	1068.8	1078.4	1158.4	1235.2	1504	1177.6	1059.2	835.2
89	1372.8	0	0	0	1161.6	1145.6	1456	1177.6	1222.4	729.6	1142.4	1065.6
90	1193.6	0	0	0	1180.8	988.8	1468.8	1328	931.2	1360	1494.4	1225.6
(1,0)	(2,3902)	(3,1759)	(4,295)	
(1,0)	(2,446)	(3,0)	(4,0)	
(1,0)	(2,508)	(3,0)	(4,0)	
(1,0)	(2,563)	(3,0)	(4,0)	
(1,0)	(2,475)	(3,0)	(4,0)	
(1,0)	(2,0)	(3,0)	(4,0)	
(1,0)	(2,0)	(3,0)	(4,0)	
(1,0)	(2,0)	(3,0)	(4,0)	
(1,0)	(2,0)	(3,0)	(4,0)	
(1,0)	(2,0)	(3,0)	(4,0)	
(1,0)	(2,0)	(3,0)	(4,0)	
(1,0)	(2,0)	(3,0)	(4,0)	
(1,0)	(2,0)	(3,0)	(4,0)	
avg	1102.83	0	0	0	1098.35	1123.84	1129.39	1167.57	1162.99	1097.49	1062.83	1087.89
delay	3.90252	0.113924	0.0487805	0.0506329	9.9064	8.84914	9.83522	6.65637	6.19355	7.17733	7.16174	7.17863
loss	0	0	0	0	0	0	0	0	0	0	0	0
Command ['/home/ubuntu/ns-3.30-obss/build/scratch/simple-ofdma-adhoc6', '--ofdmaEnabled=true', '--startTime=60', '--totalTime=90', '--packetSize=4e3', '--dataMode=HeMcs5', '--datarate=20e6', '--ratio=0.375', '--RngRun=6', '--locationFile=locationtxt/locationFile42a.txt', '--routingFile=locationtxt/routingFile42.txt', '--appFile=locationtxt/appFile.txt', '--tcp=0', '--randomTime=true', '--qosDisabled=true'] terminated with signal SIGSEGV. Run it under a debugger to get more information (./waf --run <program> --command-template="gdb --args %s <args>").
