Waf: Entering directory `/home/ubuntu/ns-3.30-obss/build'
Waf: Leaving directory `/home/ubuntu/ns-3.30-obss/build'
Build commands will be stored in build/compile_commands.json
'build' finished successfully (0.802s)
--------------------------Rate[Kbps]--------------------------
Time[s]	cl-1	cl-2	cl-3	cl-4	cl-5	cl-6	cl-7	cl-8	cl-9	cl-10	cl-11	cl-12
60	12.2	13.8	15	15.6	10.8	17.2	16.6	13.6	18	16.2	15.2	15.2
61	678.4	0	0	0	614.4	534.4	444.8	438.4	358.4	579.2	544	483.2
62	572.8	0	0	0	489.6	537.6	435.2	595.2	515.2	473.6	524.8	316.8
63	412.8	0	0	0	592	531.2	633.6	496	668.8	636.8	409.6	403.2
64	534.4	0	0	0	512	454.4	393.6	467.2	496	652.8	524.8	684.8
65	518.4	0	0	0	572.8	630.4	524.8	681.6	534.4	688	624	396.8
66	550.4	0	0	0	649.6	662.4	457.6	361.6	640	601.6	579.2	588.8
67	656	0	0	0	486.4	508.8	582.4	508.8	444.8	515.2	649.6	649.6
68	492.8	0	0	0	460.8	524.8	579.2	630.4	588.8	579.2	563.2	374.4
69	457.6	0	0	0	643.2	563.2	614.4	572.8	544	665.6	675.2	585.6
70	508.8	0	0	0	534.4	544	528	505.6	614.4	768	428.8	588.8
71	588.8	0	0	0	700.8	668.8	342.4	630.4	451.2	604.8	710.4	476.8
72	700.8	0	0	0	560	432	480	684.8	550.4	624	553.6	483.2
73	588.8	0	0	0	419.2	579.2	627.2	448	556.8	438.4	550.4	457.6
74	528	0	0	0	422.4	454.4	652.8	403.2	563.2	566.4	665.6	649.6
75	320	0	0	0	611.2	483.2	457.6	441.6	604.8	457.6	665.6	531.2
76	444.8	0	0	0	579.2	716.8	467.2	521.6	582.4	652.8	371.2	614.4
77	502.4	0	0	0	512	448	512	489.6	534.4	764.8	646.4	540.8
78	496	0	0	0	544	595.2	550.4	416	496	563.2	502.4	566.4
79	441.6	0	0	0	534.4	393.6	480	560	553.6	489.6	432	572.8
80	464	0	0	0	704	691.2	784	569.6	748.8	608	534.4	496
81	441.6	0	0	0	630.4	531.2	617.6	617.6	467.2	524.8	579.2	566.4
82	752	0	0	0	432	368	512	556.8	649.6	617.6	748.8	396.8
83	502.4	0	0	0	422.4	572.8	742.4	496	540.8	592	441.6	569.6
84	448	0	0	0	508.8	611.2	649.6	390.4	528	518.4	633.6	569.6
85	592	0	0	0	393.6	595.2	505.6	441.6	598.4	518.4	777.6	668.8
86	512	0	0	0	582.4	540.8	544	608	540.8	505.6	704	617.6
87	736	0	0	0	659.2	572.8	643.2	438.4	457.6	451.2	412.8	518.4
88	464	0	0	0	496	502.4	604.8	598.4	505.6	640	777.6	534.4
89	566.4	0	0	0	454.4	432	579.2	608	502.4	528	700.8	556.8
90	563.2	0	0	0	499.2	540.8	499.2	659.2	588.8	569.6	688	582.4
(1,0)	(2,661)	(3,52)	(4,2)	
(1,0)	(2,28)	(3,0)	(4,0)	
(1,0)	(2,41)	(3,0)	(4,0)	
(1,0)	(2,30)	(3,0)	(4,0)	
(1,0)	(2,38)	(3,0)	(4,0)	
(1,0)	(2,0)	(3,0)	(4,0)	
(1,0)	(2,0)	(3,0)	(4,0)	
(1,0)	(2,0)	(3,0)	(4,0)	
(1,0)	(2,0)	(3,0)	(4,0)	
(1,0)	(2,0)	(3,0)	(4,0)	
(1,0)	(2,0)	(3,0)	(4,0)	
(1,0)	(2,0)	(3,0)	(4,0)	
(1,0)	(2,0)	(3,0)	(4,0)	
avg	534.507	0	0	0	540.693	540.693	548.16	527.893	547.52	579.84	587.307	534.72
delay	1.25497	0.057971	0.0533333	0.0512821	1.31104	1.01498	0.964286	1.25773	2.58667	0.899225	1.24038	2.87333
loss	0	0	0	0	0	0	0	0	0	0	0	0
Command ['/home/ubuntu/ns-3.30-obss/build/scratch/simple-ofdma-adhoc6', '--ofdmaEnabled=true', '--startTime=60', '--totalTime=90', '--packetSize=4e3', '--dataMode=HeMcs5', '--datarate=10e6', '--ratio=0.375', '--RngRun=19', '--locationFile=locationtxt/locationFile42a.txt', '--routingFile=locationtxt/routingFile42.txt', '--appFile=locationtxt/appFile.txt', '--tcp=0', '--randomTime=true', '--qosDisabled=true'] terminated with signal SIGSEGV. Run it under a debugger to get more information (./waf --run <program> --command-template="gdb --args %s <args>").
