Waf: Entering directory `/home/ubuntu/ns-3.30-obss/build'
Waf: Leaving directory `/home/ubuntu/ns-3.30-obss/build'
Build commands will be stored in build/compile_commands.json
'build' finished successfully (1.019s)
--------------------------Rate[Kbps]--------------------------
Time[s]	cl-1	cl-2	cl-3	cl-4	cl-5	cl-6	cl-7	cl-8	cl-9	cl-10	cl-11	cl-12
60	13.2	14.2	14	16	12.4	18.4	13.6	15	13	16	13.4	13.8
61	1084.8	0	0	0	1027.2	1177.6	966.4	1212.8	1270.4	1248	1145.6	1280
62	1308.8	0	0	0	1484.8	1520	1456	1321.6	956.8	1484.8	1027.2	1136
63	1155.2	0	0	0	1116.8	1209.6	1232	1379.2	771.2	1315.2	1155.2	1753.6
64	1734.4	0	0	0	1305.6	1225.6	1203.2	1500.8	1123.2	1225.6	1049.6	1107.2
65	1440	0	0	0	1222.4	972.8	1356.8	1219.2	1379.2	899.2	1363.2	1481.6
66	1075.2	0	0	0	1004.8	889.6	1251.2	1395.2	780.8	1014.4	1577.6	1612.8
67	812.8	0	0	0	1292.8	1004.8	873.6	739.2	1417.6	1446.4	1203.2	1024
68	553.6	0	0	0	1238.4	1328	1478.4	1689.6	1344	796.8	848	1161.6
69	1424	0	0	0	1123.2	1350.4	1104	1068.8	1136	1254.4	1180.8	1113.6
70	1008	0	0	0	1081.6	966.4	1532.8	1462.4	1241.6	803.2	1145.6	1619.2
71	1136	0	0	0	1203.2	1030.4	1340.8	1334.4	1264	1107.2	883.2	876.8
72	1168	0	0	0	1667.2	1484.8	1488	998.4	1011.2	1328	1132.8	902.4
73	1091.2	0	0	0	1308.8	1008	1203.2	1462.4	1068.8	1078.4	1232	1513.6
74	1001.6	0	0	0	1817.6	1225.6	1078.4	691.2	1577.6	1052.8	1305.6	1014.4
75	979.2	0	0	0	988.8	1120	969.6	1664	1212.8	1411.2	1267.2	1427.2
76	1196.8	0	0	0	1331.2	1296	1302.4	1427.2	1129.6	1222.4	828.8	1107.2
77	1344	0	0	0	1011.2	1219.2	1158.4	912	1209.6	1488	1203.2	1305.6
78	969.6	0	0	0	1107.2	908.8	1232	931.2	1638.4	1270.4	1273.6	1449.6
79	1020.8	0	0	0	1068.8	1392	1280	1206.4	1478.4	1376	825.6	825.6
80	745.6	0	0	0	1180.8	1312	1075.2	1075.2	1171.2	1203.2	1977.6	1472
81	1254.4	0	0	0	1324.8	851.2	985.6	1369.6	1392	1110.4	1350.4	800
82	1056	0	0	0	1564.8	1203.2	1180.8	988.8	1433.6	1494.4	1168	1120
83	1193.6	0	0	0	1052.8	1283.2	1427.2	1072	1264	1017.6	1628.8	1238.4
84	1584	0	0	0	1465.6	1078.4	966.4	1244.8	1340.8	1059.2	1040	1312
85	825.6	0	0	0	1107.2	1158.4	899.2	1321.6	1564.8	1107.2	1241.6	1347.2
86	1312	0	0	0	1456	1123.2	1059.2	1356.8	1433.6	1203.2	1193.6	1289.6
87	1171.2	0	0	0	1545.6	1196.8	1417.6	1148.8	1203.2	1139.2	985.6	1241.6
88	1017.6	0	0	0	1382.4	1001.6	1401.6	1126.4	1286.4	1264	1401.6	1267.2
89	1260.8	0	0	0	1033.6	1270.4	1161.6	1081.6	1670.4	1260.8	1184	1001.6
90	1190.4	0	0	0	1740.8	1555.2	1011.2	1222.4	1008	1360	1462.4	1510.4
(1,0)	(2,5533)	(3,5812)	(4,1521)	
(1,0)	(2,2022)	(3,0)	(4,0)	
(1,0)	(2,1683)	(3,0)	(4,0)	
(1,0)	(2,1734)	(3,0)	(4,0)	
(1,0)	(2,1927)	(3,0)	(4,0)	
(1,0)	(2,0)	(3,0)	(4,0)	
(1,0)	(2,0)	(3,0)	(4,0)	
(1,0)	(2,0)	(3,0)	(4,0)	
(1,0)	(2,0)	(3,0)	(4,0)	
(1,0)	(2,0)	(3,0)	(4,0)	
(1,0)	(2,0)	(3,0)	(4,0)	
(1,0)	(2,0)	(3,0)	(4,0)	
(1,0)	(2,0)	(3,0)	(4,0)	
avg	1137.17	0	0	0	1275.2	1178.77	1203.09	1220.8	1259.31	1201.39	1209.39	1243.73
delay	414.365	0.056338	0.0571429	0.05	467.927	456.629	453.753	450.201	447.711	433.398	462.592	451.733
loss	0.0494012	0	0	0	0.057377	0.0616197	0.14267	0.0481728	0.0348387	0.113103	0.0390879	0.0302648
Command ['/home/ubuntu/ns-3.30-obss/build/scratch/simple-ofdma-adhoc6', '--ofdmaEnabled=true', '--startTime=60', '--totalTime=90', '--packetSize=4e3', '--dataMode=HeMcs5', '--datarate=25e6', '--ratio=0.375', '--RngRun=8', '--locationFile=locationtxt/locationFile42a.txt', '--routingFile=locationtxt/routingFile42.txt', '--appFile=locationtxt/appFile.txt', '--tcp=0', '--randomTime=true', '--qosDisabled=true'] terminated with signal SIGSEGV. Run it under a debugger to get more information (./waf --run <program> --command-template="gdb --args %s <args>").
