Waf: Entering directory `/home/ubuntu/ns-3.30-obss/build'
Waf: Leaving directory `/home/ubuntu/ns-3.30-obss/build'
Build commands will be stored in build/compile_commands.json
'build' finished successfully (0.809s)
--------------------------Rate[Kbps]--------------------------
Time[s]	cl-1	cl-2	cl-3	cl-4	cl-5	cl-6	cl-7	cl-8	cl-9	cl-10	cl-11	cl-12
60	17.2	15.2	15.4	16	16.8	15.4	16.4	14.6	12.6	13	16.6	12.2
61	1094.4	0	0	0	1040	768	1708.8	1104	1491.2	1289.6	886.4	707.2
62	1190.4	0	0	0	1232	1878.4	1046.4	1049.6	1017.6	1094.4	1395.2	1475.2
63	1193.6	0	0	0	924.8	812.8	1030.4	1033.6	1068.8	1388.8	937.6	1244.8
64	662.4	0	0	0	1056	624	1238.4	1225.6	1011.2	972.8	896	1036.8
65	1094.4	0	0	0	873.6	880	1056	1372.8	832	1059.2	1366.4	1548.8
66	976	0	0	0	1008	921.6	960	1209.6	1107.2	1168	1040	1200
67	848	0	0	0	905.6	681.6	1040	1212.8	822.4	1123.2	1206.4	1004.8
68	966.4	0	0	0	1328	963.2	876.8	1222.4	1299.2	1302.4	1344	1219.2
69	1219.2	0	0	0	1196.8	656	1136	1331.2	1104	947.2	1312	1017.6
70	822.4	0	0	0	1068.8	752	924.8	1155.2	1036.8	1334.4	889.6	752
71	908.8	0	0	0	822.4	819.2	985.6	1113.6	1180.8	1065.6	1062.4	1312
72	1209.6	0	0	0	1088	720	1180.8	1340.8	886.4	896	1126.4	956.8
73	1174.4	0	0	0	995.2	486.4	1683.2	966.4	1276.8	608	1398.4	947.2
74	777.6	0	0	0	1180.8	1139.2	828.8	966.4	1052.8	1404.8	1001.6	1014.4
75	838.4	0	0	0	1129.6	835.2	956.8	1228.8	1123.2	1222.4	1049.6	976
76	998.4	0	0	0	892.8	851.2	1040	1145.6	1027.2	969.6	844.8	1552
77	953.6	0	0	0	992	1014.4	1353.6	1043.2	796.8	876.8	1379.2	1206.4
78	1036.8	0	0	0	844.8	470.4	1142.4	1088	1100.8	1529.6	793.6	611.2
79	1225.6	0	0	0	1251.2	646.4	1142.4	841.6	1209.6	1020.8	1056	1478.4
80	755.2	0	0	0	873.6	940.8	1174.4	1225.6	1452.8	966.4	1084.8	1065.6
81	944	0	0	0	915.2	995.2	1168	1052.8	1033.6	1014.4	1177.6	1430.4
82	1401.6	0	0	0	806.4	1062.4	1040	931.2	1212.8	1289.6	1203.2	1129.6
83	1126.4	0	0	0	1385.6	1056	1024	1052.8	1209.6	1273.6	1238.4	800
84	1059.2	0	0	0	857.6	870.4	1126.4	1388.8	1040	1363.2	1033.6	800
85	1097.6	0	0	0	1299.2	1008	841.6	1030.4	1168	851.2	1043.2	966.4
86	988.8	0	0	0	998.4	691.2	1388.8	1264	1081.6	1097.6	1052.8	716.8
87	867.2	0	0	0	1180.8	870.4	956.8	1088	1011.2	1177.6	758.4	1065.6
88	921.6	0	0	0	1040	928	1120	1040	956.8	1020.8	1232	1440
89	825.6	0	0	0	1228.8	780.8	1078.4	1104	1043.2	1132.8	1270.4	681.6
90	1116.8	0	0	0	864	924.8	1216	1190.4	953.6	1132.8	1376	1027.2
(1,0)	(2,4929)	(3,6035)	(4,1691)	
(1,0)	(2,1588)	(3,0)	(4,0)	
(1,0)	(2,2007)	(3,0)	(4,0)	
(1,0)	(2,2160)	(3,0)	(4,0)	
(1,0)	(2,2093)	(3,0)	(4,0)	
(1,0)	(2,0)	(3,0)	(4,0)	
(1,0)	(2,0)	(3,0)	(4,0)	
(1,0)	(2,0)	(3,0)	(4,0)	
(1,0)	(2,0)	(3,0)	(4,0)	
(1,0)	(2,0)	(3,0)	(4,0)	
(1,0)	(2,0)	(3,0)	(4,0)	
(1,0)	(2,0)	(3,0)	(4,0)	
(1,0)	(2,0)	(3,0)	(4,0)	
avg	1009.81	0	0	0	1042.67	868.267	1115.52	1133.97	1086.93	1119.79	1115.2	1079.47
delay	479.587	0.0526316	0.0649351	0.05	538.438	565.168	520.204	538.02	536.939	552.296	538.854	517.81
loss	0.0790885	0	0	0	0.224037	0.379673	0.0834553	0.379924	0.167991	0.195175	0.368794	0.0785908
Command ['/home/ubuntu/ns-3.30-obss/build/scratch/simple-ofdma-adhoc6', '--ofdmaEnabled=true', '--startTime=60', '--totalTime=90', '--packetSize=4e3', '--dataMode=HeMcs5', '--datarate=30e6', '--ratio=0.375', '--RngRun=15', '--locationFile=locationtxt/locationFile42a.txt', '--routingFile=locationtxt/routingFile42.txt', '--appFile=locationtxt/appFile.txt', '--tcp=0', '--randomTime=true', '--qosDisabled=true'] terminated with signal SIGSEGV. Run it under a debugger to get more information (./waf --run <program> --command-template="gdb --args %s <args>").
