Waf: Entering directory `/home/ubuntu/ns-3.30-obss/build'
Waf: Leaving directory `/home/ubuntu/ns-3.30-obss/build'
Build commands will be stored in build/compile_commands.json
'build' finished successfully (0.928s)
--------------------------Rate[Kbps]--------------------------
Time[s]	cl-1	cl-2	cl-3	cl-4	cl-5	cl-6	cl-7	cl-8	cl-9	cl-10	cl-11	cl-12
60	13.2	17	15.2	11.8	16.6	15.2	14.4	17.2	15.2	14.4	17.6	14
61	0	0	0	729.6	608	796.8	400	710.4	934.4	668.8	848	419.2
62	0	0	0	732.8	825.6	678.4	608	457.6	828.8	771.2	678.4	844.8
63	0	0	0	377.6	592	576	800	675.2	662.4	880	377.6	713.6
64	0	0	0	576	726.4	902.4	726.4	678.4	528	502.4	480	528
65	0	0	0	627.2	528	662.4	419.2	368	665.6	582.4	652.8	691.2
66	0	0	0	668.8	668.8	844.8	585.6	736	668.8	374.4	326.4	486.4
67	0	0	0	624	384	496	566.4	710.4	483.2	700.8	876.8	796.8
68	0	0	0	432	499.2	630.4	614.4	700.8	595.2	454.4	502.4	588.8
69	0	0	0	729.6	576	448	627.2	371.2	502.4	732.8	963.2	832
70	0	0	0	524.8	665.6	396.8	473.6	844.8	652.8	633.6	512	499.2
71	0	0	0	976	662.4	924.8	438.4	601.6	540.8	528	732.8	464
72	0	0	0	220.8	512	569.6	617.6	592	569.6	486.4	547.2	707.2
73	0	0	0	985.6	985.6	780.8	537.6	534.4	576	457.6	358.4	636.8
74	0	0	0	329.6	620.8	524.8	768	547.2	556.8	681.6	342.4	665.6
75	0	0	0	668.8	755.2	636.8	633.6	572.8	460.8	624	649.6	524.8
76	0	0	0	620.8	953.6	880	364.8	547.2	601.6	444.8	595.2	630.4
77	0	0	0	582.4	499.2	547.2	524.8	582.4	611.2	547.2	582.4	720
78	0	0	0	726.4	812.8	739.2	588.8	630.4	787.2	416	582.4	432
79	0	0	0	771.2	416	441.6	428.8	665.6	540.8	809.6	678.4	924.8
80	0	0	0	700.8	835.2	518.4	809.6	694.4	816	592	448	387.2
81	0	0	0	569.6	780.8	803.2	614.4	422.4	611.2	547.2	515.2	652.8
82	0	0	0	473.6	470.4	572.8	604.8	588.8	649.6	928	569.6	713.6
83	0	0	0	681.6	736	825.6	425.6	489.6	659.2	601.6	649.6	601.6
84	0	0	0	576	441.6	534.4	416	499.2	656	582.4	444.8	697.6
85	0	0	0	691.2	435.2	636.8	697.6	604.8	432	409.6	576	569.6
86	0	0	0	448	876.8	524.8	620.8	464	633.6	854.4	854.4	582.4
87	0	0	0	467.2	646.4	784	780.8	595.2	659.2	620.8	624	406.4
88	0	0	0	966.4	764.8	848	428.8	464	300.8	700.8	252.8	480
89	0	0	0	534.4	454.4	368	704	966.4	681.6	828.8	793.6	723.2
90	0	0	0	528	512	566.4	537.6	700.8	819.2	636.8	601.6	819.2
(1,0)	(2,4834)	(3,3379)	(4,0)	
(1,0)	(2,1523)	(3,597)	(4,0)	
(1,0)	(2,1469)	(3,647)	(4,0)	
(1,0)	(2,1498)	(3,584)	(4,0)	
(1,0)	(2,0)	(3,0)	(4,0)	
(1,0)	(2,0)	(3,0)	(4,0)	
(1,0)	(2,0)	(3,0)	(4,0)	
(1,0)	(2,0)	(3,0)	(4,0)	
(1,0)	(2,0)	(3,0)	(4,0)	
(1,0)	(2,0)	(3,0)	(4,0)	
(1,0)	(2,0)	(3,0)	(4,0)	
(1,0)	(2,0)	(3,0)	(4,0)	
(1,0)	(2,0)	(3,0)	(4,0)	
avg	0	0	0	618.027	641.493	648.64	578.773	600.533	622.827	619.947	587.2	624.64
delay	0.106061	0.0705882	0.0657895	561.671	556.605	560.027	572.328	557.538	560.417	573.722	557.003	558.025
loss	0	0	0	0.447876	0.417795	0.207343	0.454167	0.187633	0.203571	0.163569	0.211401	0.166355
Command ['/home/ubuntu/ns-3.30-obss/build/scratch/simple-ofdma-adhoc6', '--ofdmaEnabled=true', '--startTime=60', '--totalTime=90', '--packetSize=4e3', '--dataMode=HeMcs3', '--datarate=20e6', '--ratio=0.375', '--RngRun=7', '--locationFile=locationtxt/locationFile33.txt', '--routingFile=locationtxt/routingFile33.txt', '--appFile=locationtxt/appFile.txt', '--tcp=0', '--randomTime=true', '--qosDisabled=true'] terminated with signal SIGSEGV. Run it under a debugger to get more information (./waf --run <program> --command-template="gdb --args %s <args>").
