Waf: Entering directory `/home/ubuntu/ns-3.30-obss/build'
Waf: Leaving directory `/home/ubuntu/ns-3.30-obss/build'
Build commands will be stored in build/compile_commands.json
'build' finished successfully (0.716s)
--------------------------Rate[Kbps]--------------------------
Time[s]	cl-1	cl-2	cl-3	cl-4	cl-5	cl-6	cl-7	cl-8	cl-9	cl-10	cl-11	cl-12
60	13	13.6	11.4	13.8	17.4	14.8	14.4	14.6	15.2	14.6	11.6	15.2
61	0	0	0	787.2	857.6	662.4	508.8	620.8	428.8	918.4	723.2	768
62	0	0	0	483.2	515.2	339.2	713.6	691.2	620.8	547.2	313.6	524.8
63	0	0	0	700.8	288	192	528	588.8	601.6	502.4	630.4	544
64	0	0	0	556.8	451.2	569.6	662.4	470.4	649.6	342.4	457.6	355.2
65	0	0	0	544	521.6	496	601.6	403.2	576	809.6	883.2	473.6
66	0	0	0	560	556.8	342.4	601.6	556.8	633.6	534.4	380.8	460.8
67	0	0	0	569.6	598.4	416	339.2	419.2	502.4	620.8	633.6	476.8
68	0	0	0	380.8	339.2	403.2	505.6	512	592	576	723.2	787.2
69	0	0	0	246.4	249.6	310.4	534.4	832	582.4	640	377.6	384
70	0	0	0	374.4	601.6	480	428.8	355.2	297.6	521.6	483.2	646.4
71	0	0	0	592	534.4	601.6	374.4	409.6	844.8	636.8	489.6	611.2
72	0	0	0	438.4	409.6	451.2	300.8	534.4	371.2	508.8	787.2	438.4
73	0	0	0	771.2	569.6	336	454.4	592	438.4	556.8	448	316.8
74	0	0	0	284.8	505.6	387.2	496	374.4	620.8	547.2	617.6	745.6
75	0	0	0	576	355.2	435.2	652.8	604.8	672	441.6	400	384
76	0	0	0	323.2	451.2	342.4	425.6	451.2	556.8	544	537.6	521.6
77	0	0	0	713.6	694.4	425.6	345.6	355.2	214.4	448	588.8	627.2
78	0	0	0	576	422.4	473.6	563.2	614.4	633.6	496	595.2	604.8
79	0	0	0	534.4	425.6	396.8	550.4	275.2	364.8	390.4	473.6	652.8
80	0	0	0	646.4	387.2	323.2	681.6	460.8	611.2	265.6	444.8	675.2
81	0	0	0	268.8	348.8	288	352	505.6	502.4	540.8	585.6	473.6
82	0	0	0	793.6	640	531.2	406.4	406.4	448	534.4	438.4	416
83	0	0	0	576	611.2	224	377.6	550.4	457.6	512	499.2	483.2
84	0	0	0	665.6	604.8	531.2	569.6	633.6	553.6	736	803.2	435.2
85	0	0	0	547.2	633.6	473.6	489.6	556.8	643.2	323.2	352	444.8
86	0	0	0	496	576	438.4	473.6	409.6	457.6	662.4	627.2	422.4
87	0	0	0	617.6	310.4	508.8	643.2	611.2	630.4	416	598.4	352
88	0	0	0	544	278.4	176	540.8	476.8	550.4	489.6	390.4	585.6
89	0	0	0	796.8	416	700.8	464	601.6	611.2	272	649.6	460.8
90	0	0	0	572.8	435.2	409.6	492.8	649.6	537.6	499.2	499.2	364.8
(1,0)	(2,4429)	(3,3801)	(4,0)	
(1,0)	(2,1480)	(3,670)	(4,0)	
(1,0)	(2,1637)	(3,584)	(4,0)	
(1,0)	(2,1663)	(3,710)	(4,0)	
(1,0)	(2,0)	(3,0)	(4,0)	
(1,0)	(2,0)	(3,0)	(4,0)	
(1,0)	(2,0)	(3,0)	(4,0)	
(1,0)	(2,0)	(3,0)	(4,0)	
(1,0)	(2,0)	(3,0)	(4,0)	
(1,0)	(2,0)	(3,0)	(4,0)	
(1,0)	(2,0)	(3,0)	(4,0)	
(1,0)	(2,0)	(3,0)	(4,0)	
(1,0)	(2,0)	(3,0)	(4,0)	
avg	0	0	0	551.253	486.293	422.187	502.613	517.44	540.16	527.787	547.733	514.56
delay	0.0615385	0.0735294	0.0701754	614.193	578.47	630.988	595.347	559.491	568.867	624.815	605.651	610.904
loss	0	0	0	0.74896	0.289634	0.601485	0.749638	0.310789	0.274453	0.45977	0.727156	0.725381
Command ['/home/ubuntu/ns-3.30-obss/build/scratch/simple-ofdma-adhoc6', '--ofdmaEnabled=true', '--startTime=60', '--totalTime=90', '--packetSize=4e3', '--dataMode=HeMcs3', '--datarate=30e6', '--ratio=0.375', '--RngRun=33', '--locationFile=locationtxt/locationFile33.txt', '--routingFile=locationtxt/routingFile33.txt', '--appFile=locationtxt/appFile.txt', '--tcp=0', '--randomTime=true', '--qosDisabled=true'] terminated with signal SIGSEGV. Run it under a debugger to get more information (./waf --run <program> --command-template="gdb --args %s <args>").
