Waf: Entering directory `/home/ubuntu/ns-3.30-obss/build'
Waf: Leaving directory `/home/ubuntu/ns-3.30-obss/build'
Build commands will be stored in build/compile_commands.json
'build' finished successfully (0.891s)
--------------------------Rate[Kbps]--------------------------
Time[s]	cl-1	cl-2	cl-3	cl-4	cl-5	cl-6	cl-7	cl-8	cl-9	cl-10	cl-11	cl-12
60	15.4	17.2	12.8	15.8	14.6	17.6	14	14	18.8	17	13.4	16.6
61	0	0	0	550.4	358.4	476.8	601.6	604.8	550.4	486.4	582.4	332.8
62	0	0	0	588.8	556.8	467.2	460.8	512	643.2	566.4	582.4	403.2
63	0	0	0	582.4	617.6	656	601.6	566.4	710.4	464	729.6	438.4
64	0	0	0	576	556.8	640	486.4	480	614.4	499.2	339.2	316.8
65	0	0	0	736	483.2	496	604.8	499.2	508.8	672	588.8	508.8
66	0	0	0	499.2	515.2	614.4	611.2	614.4	617.6	710.4	502.4	444.8
67	0	0	0	588.8	531.2	668.8	540.8	656	480	457.6	572.8	544
68	0	0	0	566.4	726.4	643.2	726.4	732.8	547.2	448	480	540.8
69	0	0	0	569.6	656	403.2	585.6	435.2	636.8	524.8	630.4	534.4
70	0	0	0	534.4	505.6	713.6	640	470.4	489.6	416	390.4	579.2
71	0	0	0	521.6	499.2	576	460.8	528	512	473.6	672	464
72	0	0	0	684.8	617.6	499.2	688	470.4	646.4	780.8	681.6	627.2
73	0	0	0	470.4	553.6	659.2	428.8	537.6	675.2	524.8	537.6	451.2
74	0	0	0	448	745.6	691.2	707.2	601.6	598.4	576	550.4	438.4
75	0	0	0	681.6	528	528	566.4	422.4	595.2	572.8	563.2	668.8
76	0	0	0	496	569.6	656	502.4	675.2	662.4	515.2	582.4	553.6
77	0	0	0	448	352	486.4	480	569.6	579.2	464	582.4	419.2
78	0	0	0	588.8	425.6	515.2	620.8	518.4	396.8	451.2	572.8	678.4
79	0	0	0	576	406.4	515.2	406.4	489.6	419.2	556.8	694.4	422.4
80	0	0	0	553.6	515.2	611.2	473.6	393.6	505.6	435.2	524.8	524.8
81	0	0	0	736	358.4	486.4	585.6	614.4	624	595.2	534.4	608
82	0	0	0	566.4	608	566.4	550.4	550.4	396.8	736	643.2	492.8
83	0	0	0	665.6	611.2	566.4	486.4	643.2	633.6	636.8	483.2	601.6
84	0	0	0	694.4	704	518.4	489.6	595.2	643.2	627.2	496	528
85	0	0	0	675.2	659.2	425.6	432	566.4	595.2	486.4	380.8	595.2
86	0	0	0	544	534.4	649.6	483.2	492.8	592	630.4	550.4	646.4
87	0	0	0	316.8	438.4	531.2	665.6	524.8	630.4	604.8	662.4	425.6
88	0	0	0	729.6	585.6	649.6	713.6	617.6	553.6	473.6	547.2	528
89	0	0	0	617.6	467.2	572.8	566.4	403.2	611.2	739.2	585.6	540.8
90	0	0	0	662.4	518.4	425.6	489.6	576	720	521.6	544	435.2
(1,0)	(2,1425)	(3,220)	(4,0)	
(1,0)	(2,191)	(3,7)	(4,0)	
(1,0)	(2,227)	(3,10)	(4,0)	
(1,0)	(2,185)	(3,6)	(4,0)	
(1,0)	(2,0)	(3,0)	(4,0)	
(1,0)	(2,0)	(3,0)	(4,0)	
(1,0)	(2,0)	(3,0)	(4,0)	
(1,0)	(2,0)	(3,0)	(4,0)	
(1,0)	(2,0)	(3,0)	(4,0)	
(1,0)	(2,0)	(3,0)	(4,0)	
(1,0)	(2,0)	(3,0)	(4,0)	
(1,0)	(2,0)	(3,0)	(4,0)	
(1,0)	(2,0)	(3,0)	(4,0)	
avg	0	0	0	582.293	540.16	563.627	555.2	545.387	579.627	554.88	559.573	509.76
delay	0.0649351	0.151163	0.0625	3.4744	3.1745	5.62275	2.85882	2.72862	3.02941	2.87879	2.64103	6.01091
loss	0	0	0	0	0	0	0	0	0	0	0	0
Command ['/home/ubuntu/ns-3.30-obss/build/scratch/simple-ofdma-adhoc6', '--ofdmaEnabled=true', '--startTime=60', '--totalTime=90', '--packetSize=4e3', '--dataMode=HeMcs3', '--datarate=10e6', '--ratio=0.375', '--RngRun=34', '--locationFile=locationtxt/locationFile33.txt', '--routingFile=locationtxt/routingFile33.txt', '--appFile=locationtxt/appFile.txt', '--tcp=0', '--randomTime=true', '--qosDisabled=true'] terminated with signal SIGSEGV. Run it under a debugger to get more information (./waf --run <program> --command-template="gdb --args %s <args>").
