Waf: Entering directory `/home/ubuntu/ns-3.30-obss/build'
Waf: Leaving directory `/home/ubuntu/ns-3.30-obss/build'
Build commands will be stored in build/compile_commands.json
'build' finished successfully (1.170s)
--------------------------Rate[Kbps]--------------------------
Time[s]	cl-1	cl-2	cl-3	cl-4	cl-5	cl-6	cl-7	cl-8	cl-9	cl-10	cl-11	cl-12
60	15	16.6	16	13.6	14.8	13.6	15	18.6	16.4	14.4	12.8	14.8
61	0	0	0	768	508.8	588.8	323.2	377.6	444.8	979.2	816	1030.4
62	0	0	0	697.6	499.2	457.6	828.8	937.6	1059.2	342.4	566.4	630.4
63	0	0	0	428.8	860.8	380.8	720	524.8	422.4	336	502.4	592
64	0	0	0	803.2	809.6	553.6	313.6	214.4	428.8	483.2	694.4	544
65	0	0	0	550.4	633.6	720	569.6	675.2	742.4	380.8	310.4	480
66	0	0	0	755.2	614.4	412.8	976	678.4	569.6	553.6	582.4	380.8
67	0	0	0	361.6	604.8	480	688	704	499.2	464	726.4	393.6
68	0	0	0	332.8	492.8	486.4	537.6	515.2	854.4	576	694.4	713.6
69	0	0	0	969.6	684.8	297.6	563.2	518.4	406.4	636.8	326.4	419.2
70	0	0	0	451.2	851.2	617.6	918.4	889.6	428.8	380.8	508.8	422.4
71	0	0	0	256	208	371.2	598.4	572.8	739.2	672	761.6	761.6
72	0	0	0	441.6	617.6	502.4	460.8	547.2	412.8	752	435.2	464
73	0	0	0	659.2	572.8	915.2	371.2	403.2	416	368	544	579.2
74	0	0	0	476.8	569.6	358.4	761.6	620.8	508.8	585.6	432	662.4
75	0	0	0	656	310.4	576	691.2	675.2	598.4	464	384	553.6
76	0	0	0	505.6	592	489.6	467.2	633.6	464	643.2	972.8	361.6
77	0	0	0	400	425.6	704	496	512	550.4	508.8	451.2	262.4
78	0	0	0	374.4	435.2	630.4	310.4	390.4	512	412.8	864	774.4
79	0	0	0	540.8	460.8	432	656	278.4	508.8	345.6	505.6	435.2
80	0	0	0	579.2	540.8	556.8	316.8	563.2	304	697.6	505.6	793.6
81	0	0	0	534.4	521.6	652.8	739.2	624	630.4	438.4	614.4	278.4
82	0	0	0	252.8	512	400	451.2	611.2	467.2	595.2	723.2	1046.4
83	0	0	0	617.6	659.2	579.2	291.2	515.2	460.8	307.2	832	681.6
84	0	0	0	416	707.2	524.8	889.6	918.4	454.4	467.2	678.4	556.8
85	0	0	0	595.2	483.2	720	345.6	467.2	774.4	454.4	496	604.8
86	0	0	0	393.6	604.8	256	739.2	752	704	675.2	595.2	627.2
87	0	0	0	796.8	844.8	652.8	572.8	694.4	300.8	304	176	176
88	0	0	0	668.8	499.2	448	451.2	640	387.2	608	739.2	528
89	0	0	0	579.2	396.8	700.8	336	403.2	470.4	592	569.6	681.6
90	0	0	0	476.8	364.8	684.8	764.8	550.4	694.4	368	320	630.4
(1,0)	(2,4841)	(3,3467)	(4,0)	
(1,0)	(2,1412)	(3,533)	(4,0)	
(1,0)	(2,1634)	(3,660)	(4,0)	
(1,0)	(2,1531)	(3,585)	(4,0)	
(1,0)	(2,0)	(3,0)	(4,0)	
(1,0)	(2,0)	(3,0)	(4,0)	
(1,0)	(2,0)	(3,0)	(4,0)	
(1,0)	(2,0)	(3,0)	(4,0)	
(1,0)	(2,0)	(3,0)	(4,0)	
(1,0)	(2,0)	(3,0)	(4,0)	
(1,0)	(2,0)	(3,0)	(4,0)	
(1,0)	(2,0)	(3,0)	(4,0)	
(1,0)	(2,0)	(3,0)	(4,0)	
avg	0	0	0	544.64	562.88	538.347	571.627	580.267	540.48	513.067	577.6	568.853
delay	0.08	0.0722892	0.075	558.234	569.741	548.158	592.774	588.476	592.296	573.545	572.994	536.758
loss	0	0	0	0.282443	0.280797	0.652921	0.278351	0.2736	0.292096	0.269492	0.26462	0.653226
Command ['/home/ubuntu/ns-3.30-obss/build/scratch/simple-ofdma-adhoc6', '--ofdmaEnabled=true', '--startTime=60', '--totalTime=90', '--packetSize=4e3', '--dataMode=HeMcs3', '--datarate=25e6', '--ratio=0.375', '--RngRun=20', '--locationFile=locationtxt/locationFile33.txt', '--routingFile=locationtxt/routingFile33.txt', '--appFile=locationtxt/appFile.txt', '--tcp=0', '--randomTime=true', '--qosDisabled=true'] terminated with signal SIGSEGV. Run it under a debugger to get more information (./waf --run <program> --command-template="gdb --args %s <args>").
