Waf: Entering directory `/home/ubuntu/ns-3.30-obss/build'
Waf: Leaving directory `/home/ubuntu/ns-3.30-obss/build'
Build commands will be stored in build/compile_commands.json
'build' finished successfully (0.791s)
--------------------------Rate[Kbps]--------------------------
Time[s]	cl-1	cl-2	cl-3	cl-4	cl-5	cl-6	cl-7	cl-8	cl-9	cl-10	cl-11	cl-12
60	15.6	16.8	17	15.2	14	16.4	17	13.4	14	15.6	15.4	15
61	0	0	0	576	595.2	1100.8	883.2	512	857.6	764.8	768	444.8
62	0	0	0	739.2	544	412.8	486.4	512	489.6	448	556.8	326.4
63	0	0	0	553.6	313.6	422.4	694.4	716.8	595.2	304	387.2	364.8
64	0	0	0	460.8	428.8	476.8	185.6	371.2	246.4	707.2	582.4	524.8
65	0	0	0	377.6	428.8	406.4	672	732.8	835.2	400	537.6	550.4
66	0	0	0	560	374.4	259.2	457.6	489.6	540.8	406.4	409.6	476.8
67	0	0	0	467.2	665.6	416	630.4	339.2	518.4	393.6	384	412.8
68	0	0	0	345.6	400	272	425.6	486.4	588.8	563.2	726.4	624
69	0	0	0	704	425.6	332.8	428.8	643.2	540.8	585.6	563.2	576
70	0	0	0	755.2	649.6	460.8	198.4	233.6	115.2	448	524.8	534.4
71	0	0	0	403.2	550.4	268.8	448	620.8	745.6	460.8	419.2	416
72	0	0	0	361.6	220.8	140.8	534.4	588.8	675.2	723.2	547.2	665.6
73	0	0	0	259.2	457.6	147.2	403.2	444.8	550.4	473.6	499.2	585.6
74	0	0	0	768	608	409.6	409.6	467.2	476.8	576	339.2	409.6
75	0	0	0	611.2	499.2	297.6	627.2	585.6	576	406.4	499.2	563.2
76	0	0	0	220.8	214.4	73.6	553.6	489.6	508.8	684.8	912	716.8
77	0	0	0	636.8	547.2	515.2	332.8	345.6	384	518.4	492.8	476.8
78	0	0	0	678.4	716.8	371.2	326.4	665.6	665.6	348.8	518.4	598.4
79	0	0	0	560	457.6	268.8	563.2	659.2	528	473.6	332.8	428.8
80	0	0	0	617.6	617.6	406.4	483.2	665.6	540.8	441.6	617.6	553.6
81	0	0	0	528	467.2	355.2	412.8	489.6	780.8	243.2	172.8	278.4
82	0	0	0	505.6	576	316.8	480	547.2	448	588.8	937.6	652.8
83	0	0	0	755.2	496	332.8	268.8	297.6	320	524.8	441.6	473.6
84	0	0	0	422.4	560	275.2	476.8	742.4	784	412.8	531.2	515.2
85	0	0	0	480	640	406.4	512	416	521.6	528	467.2	649.6
86	0	0	0	435.2	230.4	233.6	668.8	515.2	547.2	540.8	480	492.8
87	0	0	0	608	566.4	515.2	412.8	521.6	451.2	259.2	601.6	441.6
88	0	0	0	515.2	534.4	256	601.6	480	691.2	681.6	412.8	390.4
89	0	0	0	540.8	310.4	339.2	198.4	364.8	547.2	435.2	544	553.6
90	0	0	0	342.4	432	409.6	640	617.6	601.6	544	425.6	409.6
(1,0)	(2,4897)	(3,3579)	(4,0)	
(1,0)	(2,1412)	(3,719)	(4,0)	
(1,0)	(2,1515)	(3,697)	(4,0)	
(1,0)	(2,1471)	(3,613)	(4,0)	
(1,0)	(2,0)	(3,0)	(4,0)	
(1,0)	(2,0)	(3,0)	(4,0)	
(1,0)	(2,0)	(3,0)	(4,0)	
(1,0)	(2,0)	(3,0)	(4,0)	
(1,0)	(2,0)	(3,0)	(4,0)	
(1,0)	(2,0)	(3,0)	(4,0)	
(1,0)	(2,0)	(3,0)	(4,0)	
(1,0)	(2,0)	(3,0)	(4,0)	
(1,0)	(2,0)	(3,0)	(4,0)	
avg	0	0	0	526.293	484.267	363.307	480.533	518.72	555.733	496.213	521.067	503.573
delay	0.0641026	0.0714286	0.0705882	605.932	644.337	604.366	625.845	633.491	609.527	590.411	561.33	599.699
loss	0	0	0	0.340796	0.548387	0.345029	0.596825	0.574761	0.828037	0.812067	0.321883	0.833805
Command ['/home/ubuntu/ns-3.30-obss/build/scratch/simple-ofdma-adhoc6', '--ofdmaEnabled=true', '--startTime=60', '--totalTime=90', '--packetSize=4e3', '--dataMode=HeMcs3', '--datarate=35e6', '--ratio=0.375', '--RngRun=27', '--locationFile=locationtxt/locationFile33.txt', '--routingFile=locationtxt/routingFile33.txt', '--appFile=locationtxt/appFile.txt', '--tcp=0', '--randomTime=true', '--qosDisabled=true'] terminated with signal SIGSEGV. Run it under a debugger to get more information (./waf --run <program> --command-template="gdb --args %s <args>").
