Waf: Entering directory `/home/ubuntu/ns-3.30-obss/build'
Waf: Leaving directory `/home/ubuntu/ns-3.30-obss/build'
Build commands will be stored in build/compile_commands.json
'build' finished successfully (0.346s)
--------------------------Rate[Kbps]--------------------------
Time[s]	cl-1	cl-2	cl-3	cl-4	cl-5	cl-6	cl-7	cl-8	cl-9	cl-10	cl-11	cl-12
60	13.6	17	16.6	16	15	17.4	12.6	13.4	17.8	14.8	15	12
61	0	0	0	780.8	649.6	816	534.4	704	812.8	636.8	592	646.4
62	0	0	0	518.4	742.4	576	966.4	1132.8	809.6	323.2	390.4	358.4
63	0	0	0	684.8	300.8	636.8	576	556.8	556.8	745.6	662.4	678.4
64	0	0	0	550.4	681.6	563.2	732.8	784	505.6	627.2	784	601.6
65	0	0	0	784	614.4	652.8	553.6	630.4	630.4	400	300.8	348.8
66	0	0	0	563.2	707.2	595.2	336	688	646.4	636.8	566.4	876.8
67	0	0	0	643.2	217.6	265.6	540.8	553.6	528	723.2	627.2	790.4
68	0	0	0	953.6	832	1110.4	659.2	467.2	713.6	345.6	512	451.2
69	0	0	0	422.4	377.6	592	649.6	592	460.8	857.6	684.8	640
70	0	0	0	662.4	707.2	739.2	582.4	371.2	822.4	457.6	649.6	563.2
71	0	0	0	451.2	460.8	681.6	569.6	748.8	633.6	457.6	310.4	771.2
72	0	0	0	902.4	524.8	601.6	592	668.8	544	473.6	566.4	665.6
73	0	0	0	515.2	662.4	492.8	550.4	512	598.4	828.8	812.8	608
74	0	0	0	537.6	512	761.6	624	675.2	470.4	505.6	547.2	611.2
75	0	0	0	403.2	288	377.6	809.6	742.4	576	659.2	473.6	537.6
76	0	0	0	755.2	604.8	880	438.4	422.4	323.2	272	684.8	966.4
77	0	0	0	403.2	681.6	835.2	454.4	713.6	969.6	691.2	684.8	556.8
78	0	0	0	569.6	457.6	611.2	601.6	428.8	758.4	624	483.2	707.2
79	0	0	0	550.4	592	403.2	512	566.4	691.2	908.8	803.2	521.6
80	0	0	0	707.2	787.2	563.2	912	486.4	467.2	659.2	601.6	588.8
81	0	0	0	560	537.6	601.6	576	537.6	739.2	748.8	732.8	572.8
82	0	0	0	534.4	665.6	508.8	489.6	694.4	899.2	598.4	576	419.2
83	0	0	0	812.8	438.4	886.4	496	563.2	816	755.2	800	777.6
84	0	0	0	876.8	752	774.4	672	438.4	601.6	518.4	560	467.2
85	0	0	0	470.4	419.2	473.6	540.8	883.2	611.2	656	508.8	560
86	0	0	0	320	691.2	496	1036.8	748.8	684.8	620.8	627.2	796.8
87	0	0	0	556.8	502.4	320	620.8	624	1097.6	502.4	550.4	393.6
88	0	0	0	825.6	662.4	726.4	547.2	617.6	774.4	537.6	316.8	406.4
89	0	0	0	428.8	691.2	566.4	489.6	739.2	697.6	473.6	745.6	537.6
90	0	0	0	531.2	700.8	524.8	729.6	425.6	515.2	729.6	691.2	617.6
(1,0)	(2,4841)	(3,3431)	(4,0)	
(1,0)	(2,1542)	(3,563)	(4,0)	
(1,0)	(2,1449)	(3,491)	(4,0)	
(1,0)	(2,1392)	(3,724)	(4,0)	
(1,0)	(2,0)	(3,0)	(4,0)	
(1,0)	(2,0)	(3,0)	(4,0)	
(1,0)	(2,0)	(3,0)	(4,0)	
(1,0)	(2,0)	(3,0)	(4,0)	
(1,0)	(2,0)	(3,0)	(4,0)	
(1,0)	(2,0)	(3,0)	(4,0)	
(1,0)	(2,0)	(3,0)	(4,0)	
(1,0)	(2,0)	(3,0)	(4,0)	
(1,0)	(2,0)	(3,0)	(4,0)	
avg	0	0	0	609.173	582.08	621.12	613.12	623.893	665.173	599.147	594.88	601.28
delay	0.0735294	0.0705882	0.156627	567.665	557.673	552.787	552.426	545.644	531.787	601.071	598.406	587.882
loss	0	0	0	0.228448	0.21328	0.438356	0.438735	0.185118	0.218947	0.462572	0.228145	0.221973
Command ['/home/ubuntu/ns-3.30-obss/build/scratch/simple-ofdma-adhoc6', '--ofdmaEnabled=true', '--startTime=60', '--totalTime=90', '--packetSize=4e3', '--dataMode=HeMcs3', '--datarate=20e6', '--ratio=0.375', '--RngRun=1', '--locationFile=locationtxt/locationFile33.txt', '--routingFile=locationtxt/routingFile33.txt', '--appFile=locationtxt/appFile.txt', '--tcp=0', '--randomTime=true', '--qosDisabled=true'] terminated with signal SIGSEGV. Run it under a debugger to get more information (./waf --run <program> --command-template="gdb --args %s <args>").
