Waf: Entering directory `/home/ubuntu/ns-3.30-obss/build'
Waf: Leaving directory `/home/ubuntu/ns-3.30-obss/build'
Build commands will be stored in build/compile_commands.json
'build' finished successfully (0.840s)
--------------------------Rate[Kbps]--------------------------
Time[s]	cl-1	cl-2	cl-3	cl-4	cl-5	cl-6	cl-7	cl-8	cl-9	cl-10	cl-11	cl-12
60	14	15.6	16.8	14.6	17.4	16.2	14	17.2	15.8	13.4	15.6	12.4
61	0	0	0	227.2	252.8	163.2	252.8	304	252.8	249.6	323.2	188.8
62	0	0	0	352	329.6	256	297.6	236.8	272	240	240	249.6
63	0	0	0	291.2	275.2	313.6	256	195.2	233.6	288	355.2	256
64	0	0	0	243.2	416	288	243.2	288	304	265.6	230.4	304
65	0	0	0	272	233.6	249.6	294.4	272	243.2	313.6	272	179.2
66	0	0	0	182.4	352	300.8	304	230.4	233.6	233.6	320	198.4
67	0	0	0	246.4	352	265.6	284.8	265.6	297.6	243.2	307.2	304
68	0	0	0	307.2	179.2	361.6	300.8	278.4	323.2	361.6	262.4	345.6
69	0	0	0	297.6	371.2	281.6	297.6	313.6	240	259.2	169.6	313.6
70	0	0	0	259.2	249.6	179.2	332.8	304	249.6	204.8	310.4	272
71	0	0	0	361.6	291.2	224	352	256	281.6	291.2	288	265.6
72	0	0	0	236.8	320	307.2	329.6	307.2	281.6	262.4	281.6	288
73	0	0	0	243.2	217.6	313.6	300.8	204.8	259.2	310.4	268.8	249.6
74	0	0	0	217.6	256	233.6	336	281.6	313.6	294.4	323.2	332.8
75	0	0	0	336	297.6	259.2	281.6	233.6	294.4	300.8	316.8	304
76	0	0	0	265.6	297.6	313.6	320	169.6	329.6	291.2	227.2	323.2
77	0	0	0	249.6	211.2	278.4	275.2	313.6	281.6	240	201.6	291.2
78	0	0	0	188.8	313.6	336	313.6	281.6	281.6	233.6	278.4	268.8
79	0	0	0	336	265.6	233.6	284.8	272	304	272	265.6	275.2
80	0	0	0	240	297.6	249.6	307.2	300.8	208	233.6	233.6	201.6
81	0	0	0	233.6	176	249.6	268.8	249.6	348.8	227.2	249.6	326.4
82	0	0	0	275.2	288	291.2	345.6	291.2	195.2	256	281.6	233.6
83	0	0	0	320	310.4	329.6	214.4	272	294.4	256	342.4	348.8
84	0	0	0	249.6	249.6	249.6	137.6	300.8	163.2	281.6	169.6	256
85	0	0	0	288	275.2	297.6	259.2	243.2	361.6	320	249.6	256
86	0	0	0	153.6	233.6	208	176	291.2	288	262.4	281.6	294.4
87	0	0	0	281.6	304	313.6	272	220.8	278.4	323.2	313.6	291.2
88	0	0	0	249.6	249.6	275.2	208	336	272	281.6	297.6	297.6
89	0	0	0	224	265.6	281.6	262.4	304	304	272	275.2	217.6
90	0	0	0	217.6	256	288	185.6	240	256	227.2	313.6	265.6
(1,0)	(2,250)	(3,12)	(4,0)	
(1,0)	(2,34)	(3,0)	(4,0)	
(1,0)	(2,25)	(3,0)	(4,0)	
(1,0)	(2,29)	(3,1)	(4,0)	
(1,0)	(2,0)	(3,0)	(4,0)	
(1,0)	(2,0)	(3,0)	(4,0)	
(1,0)	(2,0)	(3,0)	(4,0)	
(1,0)	(2,0)	(3,0)	(4,0)	
(1,0)	(2,0)	(3,0)	(4,0)	
(1,0)	(2,0)	(3,0)	(4,0)	
(1,0)	(2,0)	(3,0)	(4,0)	
(1,0)	(2,0)	(3,0)	(4,0)	
(1,0)	(2,0)	(3,0)	(4,0)	
avg	0	0	0	261.547	279.573	273.067	276.48	268.587	274.88	269.867	274.987	273.28
delay	0.0714286	0.0641026	0.0714286	2.03333	3.76101	3.94702	1.25191	4.00685	1.25191	2.00725	1.18605	1.36029
loss	0	0	0	0	0	0	0	0	0	0	0	0
Command ['/home/ubuntu/ns-3.30-obss/build/scratch/simple-ofdma-adhoc6', '--ofdmaEnabled=true', '--startTime=60', '--totalTime=90', '--packetSize=4e3', '--dataMode=HeMcs3', '--datarate=5e6', '--ratio=0.375', '--RngRun=47', '--locationFile=locationtxt/locationFile33.txt', '--routingFile=locationtxt/routingFile33.txt', '--appFile=locationtxt/appFile.txt', '--tcp=0', '--randomTime=true', '--qosDisabled=true'] terminated with signal SIGSEGV. Run it under a debugger to get more information (./waf --run <program> --command-template="gdb --args %s <args>").
