Waf: Entering directory `/home/ubuntu/ns-3.30-obss/build'
Waf: Leaving directory `/home/ubuntu/ns-3.30-obss/build'
Build commands will be stored in build/compile_commands.json
'build' finished successfully (0.752s)
--------------------------Rate[Kbps]--------------------------
Time[s]	cl-1	cl-2	cl-3	cl-4	cl-5	cl-6	cl-7	cl-8	cl-9	cl-10
60	12.2	16.6	11.4	16.6	14	13.8	13	14.6	16.8	15.4
61	0	0	1180.8	2038.4	1494.4	1593.6	1094.4	1184	1376	2076.8
62	0	0	1177.6	1635.2	1270.4	1260.8	1308.8	1507.2	1977.6	982.4
63	0	0	944	1228.8	1353.6	1302.4	1459.2	1020.8	908.8	1017.6
64	0	0	809.6	1219.2	1212.8	1078.4	1107.2	1270.4	1644.8	988.8
65	0	0	988.8	1337.6	1238.4	1449.6	1084.8	1497.6	1347.2	1088
66	0	0	835.2	1116.8	1408	1443.2	1196.8	1385.6	1232	848
67	0	0	886.4	1129.6	947.2	1280	1372.8	1360	1353.6	812.8
68	0	0	921.6	976	1174.4	1126.4	1244.8	1376	1328	787.2
69	0	0	950.4	1238.4	1094.4	1449.6	1302.4	1337.6	1244.8	937.6
70	0	0	736	1366.4	1481.6	1308.8	1043.2	1315.2	1600	1065.6
71	0	0	1075.2	1440	1302.4	1468.8	1459.2	1324.8	1104	1212.8
72	0	0	1065.6	1206.4	1177.6	1238.4	1289.6	1299.2	1164.8	960
73	0	0	790.4	1286.4	1110.4	1395.2	1305.6	1091.2	1203.2	1017.6
74	0	0	764.8	1123.2	1200	1388.8	1398.4	1302.4	1174.4	921.6
75	0	0	886.4	1094.4	1395.2	1104	1280	1504	1222.4	1024
76	0	0	1027.2	1049.6	1235.2	1340.8	1209.6	1286.4	1308.8	931.2
77	0	0	1027.2	1100.8	1292.8	1411.2	1228.8	1475.2	1376	1152
78	0	0	908.8	1280	1168	1251.2	1260.8	1324.8	1305.6	1027.2
79	0	0	1024	1152	1078.4	1040	1212.8	1331.2	1347.2	870.4
80	0	0	675.2	1196.8	1187.2	1244.8	956.8	1148.8	1401.6	899.2
81	0	0	928	1235.2	1283.2	1171.2	1427.2	1379.2	1033.6	992
82	0	0	998.4	1692.8	1427.2	1155.2	1446.4	1260.8	1376	1132.8
83	0	0	1062.4	1075.2	1427.2	1312	1324.8	1331.2	1484.8	1097.6
84	0	0	892.8	1081.6	1395.2	1251.2	1388.8	1148.8	1187.2	1030.4
85	0	0	944	857.6	1408	1219.2	1484.8	1318.4	1491.2	822.4
86	0	0	1046.4	1488	1356.8	1603.2	1644.8	1206.4	1078.4	1123.2
87	0	0	880	1190.4	1190.4	1516.8	1292.8	1260.8	1344	960
88	0	0	896	1337.6	1216	1184	1276.8	1443.2	1260.8	857.6
89	0	0	832	1206.4	1452.8	1068.8	1107.2	1398.4	1417.6	1040
90	0	0	995.2	1088	1510.4	1257.6	1308.8	1408	1273.6	1075.2
(1,0)	(2,13305)	(3,0)	(4,0)	
(1,0)	(2,2913)	(3,675)	(4,82)	
(1,0)	(2,2846)	(3,727)	(4,67)	
(1,0)	(2,0)	(3,0)	(4,0)	
(1,0)	(2,0)	(3,0)	(4,0)	
(1,0)	(2,0)	(3,0)	(4,0)	
(1,0)	(2,0)	(3,0)	(4,0)	
(1,0)	(2,0)	(3,0)	(4,0)	
(1,0)	(2,0)	(3,0)	(4,0)	
(1,0)	(2,0)	(3,0)	(4,0)	
(1,0)	(2,0)	(3,0)	(4,0)	
avg	0	0	938.347	1248.96	1282.99	1297.17	1283.95	1316.59	1318.93	1025.07
delay	0.0491803	0.0481928	577.629	550.071	562.665	501.653	563.005	570.04	561.032	637.389
loss	0	0	0.450041	0.608839	0.355353	0.0485175	0.546465	0.602143	0.610534	0.66899
Command ['/home/ubuntu/ns-3.30-obss/build/scratch/simple-ofdma-adhoc6', '--ofdmaEnabled=true', '--startTime=60', '--totalTime=90', '--packetSize=4e3', '--dataMode=HeMcs5', '--datarate=40e6', '--ratio=0.375', '--RngRun=49', '--locationFile=locationtxt/locationFile24.txt', '--routingFile=locationtxt/routingFile24.txt', '--appFile=locationtxt/appFile.txt', '--tcp=0', '--randomTime=true', '--qosDisabled=true'] terminated with signal SIGSEGV. Run it under a debugger to get more information (./waf --run <program> --command-template="gdb --args %s <args>").
