Waf: Entering directory `/home/ubuntu/ns-3.30-obss/build'
Waf: Leaving directory `/home/ubuntu/ns-3.30-obss/build'
Build commands will be stored in build/compile_commands.json
'build' finished successfully (0.754s)
--------------------------Rate[Kbps]--------------------------
Time[s]	cl-1	cl-2	cl-3	cl-4	cl-5	cl-6	cl-7	cl-8	cl-9	cl-10
60	16.8	16.4	12	13	17	15	15.4	14.4	14	14.4
61	0	0	1593.6	1283.2	1584	1670.4	1606.4	1033.6	2118.4	1427.2
62	0	0	694.4	1350.4	1398.4	1724.8	1033.6	1344	1590.4	1724.8
63	0	0	678.4	1296	1174.4	1280	1030.4	918.4	1193.6	988.8
64	0	0	806.4	1286.4	1456	1363.2	1504	1584	1190.4	867.2
65	0	0	723.2	1241.6	1046.4	1577.6	1312	1177.6	1360	1264
66	0	0	867.2	1145.6	1254.4	860.8	982.4	1145.6	1491.2	928
67	0	0	838.4	1126.4	1302.4	1187.2	1264	1244.8	1456	1248
68	0	0	793.6	1270.4	1059.2	940.8	1129.6	1193.6	1132.8	1084.8
69	0	0	867.2	1254.4	1392	1366.4	1353.6	1324.8	838.4	953.6
70	0	0	931.2	1033.6	1411.2	1452.8	1232	1331.2	1094.4	918.4
71	0	0	809.6	1187.2	1219.2	1408	1120	1324.8	1417.6	1126.4
72	0	0	956.8	1081.6	1104	1436.8	1334.4	1440	1193.6	1011.2
73	0	0	1011.2	1558.4	1529.6	1276.8	1110.4	1107.2	1187.2	1100.8
74	0	0	870.4	1369.6	1520	1411.2	1276.8	1129.6	1494.4	1206.4
75	0	0	992	950.4	1123.2	1350.4	1376	1408	1241.6	560
76	0	0	899.2	1948.8	1414.4	1619.2	1433.6	880	1427.2	1225.6
77	0	0	659.2	1510.4	1398.4	1216	1478.4	1251.2	1280	1084.8
78	0	0	982.4	995.2	1427.2	1459.2	1225.6	1267.2	1337.6	972.8
79	0	0	713.6	1225.6	1366.4	1094.4	1468.8	1337.6	1142.4	1036.8
80	0	0	768	1334.4	1139.2	1264	1318.4	1177.6	1340.8	697.6
81	0	0	771.2	1088	1449.6	1040	1427.2	1251.2	1228.8	908.8
82	0	0	998.4	1350.4	1065.6	1427.2	1622.4	1286.4	1164.8	972.8
83	0	0	611.2	1238.4	1126.4	1347.2	1337.6	1369.6	1155.2	803.2
84	0	0	921.6	976	1593.6	1206.4	1376	1417.6	1328	1046.4
85	0	0	864	1100.8	1344	1411.2	1379.2	1142.4	1305.6	825.6
86	0	0	1072	1129.6	1302.4	1302.4	1244.8	1075.2	1209.6	771.2
87	0	0	739.2	992	1212.8	1318.4	1353.6	1401.6	1129.6	950.4
88	0	0	921.6	1360	1244.8	1171.2	1321.6	1459.2	1209.6	771.2
89	0	0	953.6	1193.6	1625.6	1264	1200	1411.2	1350.4	1001.6
90	0	0	1139.2	1088	1180.8	1276.8	1363.2	1228.8	963.2	838.4
(1,0)	(2,13198)	(3,0)	(4,0)	
(1,0)	(2,2821)	(3,699)	(4,85)	
(1,0)	(2,2932)	(3,717)	(4,89)	
(1,0)	(2,0)	(3,0)	(4,0)	
(1,0)	(2,0)	(3,0)	(4,0)	
(1,0)	(2,0)	(3,0)	(4,0)	
(1,0)	(2,0)	(3,0)	(4,0)	
(1,0)	(2,0)	(3,0)	(4,0)	
(1,0)	(2,0)	(3,0)	(4,0)	
(1,0)	(2,0)	(3,0)	(4,0)	
(1,0)	(2,0)	(3,0)	(4,0)	
avg	0	0	881.6	1232.21	1315.52	1324.16	1307.2	1255.47	1285.76	1010.56
delay	0.0595238	0.109756	626.484	604.674	560.554	563.911	507.839	566.402	503.93	644.86
loss	0	0	0.825682	0.438416	0.631445	0.600923	0.0413223	0.622771	0.0514563	0.618661
Command ['/home/ubuntu/ns-3.30-obss/build/scratch/simple-ofdma-adhoc6', '--ofdmaEnabled=true', '--startTime=60', '--totalTime=90', '--packetSize=4e3', '--dataMode=HeMcs5', '--datarate=40e6', '--ratio=0.375', '--RngRun=48', '--locationFile=locationtxt/locationFile24.txt', '--routingFile=locationtxt/routingFile24.txt', '--appFile=locationtxt/appFile.txt', '--tcp=0', '--randomTime=true', '--qosDisabled=true'] terminated with signal SIGSEGV. Run it under a debugger to get more information (./waf --run <program> --command-template="gdb --args %s <args>").
