Waf: Entering directory `/home/ubuntu/ns-3.30-obss/build'
Waf: Leaving directory `/home/ubuntu/ns-3.30-obss/build'
Build commands will be stored in build/compile_commands.json
'build' finished successfully (0.847s)
--------------------------Rate[Kbps]--------------------------
Time[s]	cl-1	cl-2	cl-3	cl-4	cl-5	cl-6	cl-7	cl-8	cl-9	cl-10
60	12.2	16.6	11.4	16.6	14	13.8	13	14.6	16.8	15.4
61	0	0	723.2	1171.2	812.8	947.2	704	761.6	1008	931.2
62	0	0	905.6	931.2	1059.2	544	771.2	1084.8	1084.8	1088
63	0	0	931.2	832	1100.8	1104	880	828.8	1264	921.6
64	0	0	995.2	1075.2	928	1088	691.2	1174.4	1200	854.4
65	0	0	860.8	880	937.6	931.2	812.8	1024	665.6	812.8
66	0	0	1004.8	1046.4	979.2	940.8	1081.6	1011.2	752	694.4
67	0	0	1148.8	803.2	688	902.4	969.6	1273.6	950.4	992
68	0	0	1254.4	662.4	854.4	1100.8	915.2	1081.6	713.6	790.4
69	0	0	966.4	1142.4	857.6	902.4	697.6	793.6	1129.6	902.4
70	0	0	1136	784	915.2	707.2	732.8	864	822.4	1068.8
71	0	0	800	848	870.4	870.4	934.4	886.4	912	1014.4
72	0	0	912	1148.8	1168	761.6	886.4	950.4	940.8	1424
73	0	0	1046.4	832	992	1123.2	1017.6	1062.4	790.4	1104
74	0	0	1017.6	1094.4	956.8	764.8	873.6	896	707.2	1174.4
75	0	0	992	1011.2	1126.4	880	908.8	1062.4	908.8	928
76	0	0	969.6	806.4	1017.6	880	739.2	883.2	1049.6	886.4
77	0	0	1008	982.4	828.8	691.2	1017.6	777.6	604.8	771.2
78	0	0	854.4	864	908.8	1174.4	835.2	931.2	1052.8	892.8
79	0	0	1027.2	1267.2	838.4	889.6	979.2	956.8	784	1126.4
80	0	0	1280	806.4	704	812.8	1030.4	944	1091.2	1168
81	0	0	1030.4	880	729.6	572.8	729.6	883.2	1033.6	768
82	0	0	608	1196.8	736	784	748.8	640	1097.6	764.8
83	0	0	1014.4	806.4	912	1158.4	620.8	1059.2	1020.8	972.8
84	0	0	870.4	1011.2	812.8	998.4	860.8	880	969.6	675.2
85	0	0	688	633.6	889.6	1200	937.6	784	998.4	809.6
86	0	0	889.6	960	1049.6	873.6	1062.4	601.6	988.8	1132.8
87	0	0	873.6	934.4	918.4	992	966.4	924.8	595.2	1017.6
88	0	0	748.8	912	854.4	841.6	1030.4	860.8	793.6	841.6
89	0	0	1116.8	1040	921.6	707.2	864	979.2	665.6	870.4
90	0	0	1206.4	1017.6	1036.8	1001.6	742.4	1088	1180.8	988.8
(1,0)	(2,1614)	(3,0)	(4,0)	
(1,0)	(2,589)	(3,30)	(4,0)	
(1,0)	(2,593)	(3,43)	(4,0)	
(1,0)	(2,0)	(3,0)	(4,0)	
(1,0)	(2,0)	(3,0)	(4,0)	
(1,0)	(2,0)	(3,0)	(4,0)	
(1,0)	(2,0)	(3,0)	(4,0)	
(1,0)	(2,0)	(3,0)	(4,0)	
(1,0)	(2,0)	(3,0)	(4,0)	
(1,0)	(2,0)	(3,0)	(4,0)	
(1,0)	(2,0)	(3,0)	(4,0)	
avg	0	0	962.667	946.027	913.493	904.853	868.053	931.627	925.867	946.24
delay	0.0491803	0.0481928	1.49053	3.40223	1.76863	1.56221	3.24672	3.46899	3.506	1.65982
loss	0	0	0	0	0	0	0	0	0	0
Command ['/home/ubuntu/ns-3.30-obss/build/scratch/simple-ofdma-adhoc6', '--ofdmaEnabled=true', '--startTime=60', '--totalTime=90', '--packetSize=4e3', '--dataMode=HeMcs5', '--datarate=15e6', '--ratio=0.375', '--RngRun=49', '--locationFile=locationtxt/locationFile24.txt', '--routingFile=locationtxt/routingFile24.txt', '--appFile=locationtxt/appFile.txt', '--tcp=0', '--randomTime=true', '--qosDisabled=true'] terminated with signal SIGSEGV. Run it under a debugger to get more information (./waf --run <program> --command-template="gdb --args %s <args>").
