Waf: Entering directory `/home/ubuntu/ns-3.30-obss/build'
Waf: Leaving directory `/home/ubuntu/ns-3.30-obss/build'
Build commands will be stored in build/compile_commands.json
'build' finished successfully (0.933s)
--------------------------Rate[Kbps]--------------------------
Time[s]	cl-1	cl-2	cl-3	cl-4	cl-5	cl-6	cl-7	cl-8	cl-9	cl-10
60	16.8	16.4	12	13	17	15	15.4	14.4	14	14.4
61	0	0	1478.4	1222.4	1644.8	1657.6	1497.6	1126.4	1932.8	1606.4
62	0	0	774.4	1686.4	1593.6	1536	1420.8	1168	1616	2041.6
63	0	0	956.8	1184	1472	1468.8	1385.6	1043.2	1216	1078.4
64	0	0	912	1526.4	1449.6	1350.4	1468.8	1740.8	1398.4	1139.2
65	0	0	1091.2	1315.2	1552	1331.2	1276.8	1187.2	1529.6	1395.2
66	0	0	976	1203.2	1270.4	1286.4	1030.4	1257.6	1500.8	1238.4
67	0	0	1036.8	1088	1251.2	1440	1440	1161.6	1721.6	1196.8
68	0	0	665.6	1315.2	1017.6	1433.6	1379.2	1286.4	1337.6	1241.6
69	0	0	1033.6	1145.6	1328	1350.4	1385.6	1459.2	1168	1043.2
70	0	0	1116.8	1443.2	1276.8	1523.2	1225.6	1462.4	1376	844.8
71	0	0	985.6	1155.2	1363.2	1648	1120	1331.2	1753.6	1129.6
72	0	0	1174.4	1139.2	1452.8	1430.4	1664	1593.6	1030.4	1273.6
73	0	0	1123.2	1494.4	1539.2	1328	1273.6	1219.2	1036.8	1011.2
74	0	0	1081.6	1340.8	1532.8	1286.4	1420.8	1686.4	1305.6	1142.4
75	0	0	921.6	982.4	1302.4	1542.4	1232	1414.4	1340.8	1024
76	0	0	1027.2	1740.8	1337.6	1619.2	1494.4	777.6	1408	1625.6
77	0	0	665.6	1590.4	1353.6	1212.8	1513.6	1475.2	1299.2	1305.6
78	0	0	1084.8	1139.2	1468.8	1408	1238.4	1696	1484.8	1273.6
79	0	0	825.6	1100.8	1366.4	1504	1312	1372.8	1033.6	1302.4
80	0	0	896	1369.6	1132.8	1382.4	1340.8	1120	1315.2	822.4
81	0	0	931.2	1328	1468.8	1308.8	1734.4	1488	1081.6	963.2
82	0	0	1356.8	1200	1494.4	1456	1283.2	1369.6	1456	1072
83	0	0	803.2	1139.2	1235.2	1478.4	1280	1542.4	1212.8	1113.6
84	0	0	1126.4	1155.2	1395.2	1084.8	1561.6	1228.8	1292.8	1110.4
85	0	0	800	1356.8	1190.4	1497.6	1459.2	1017.6	1382.4	1193.6
86	0	0	1129.6	1539.2	1251.2	1478.4	1670.4	1161.6	1267.2	1084.8
87	0	0	902.4	1116.8	1696	1264	1516.8	1385.6	1094.4	1091.2
88	0	0	976	1363.2	1462.4	1184	1363.2	1593.6	1401.6	931.2
89	0	0	1024	1340.8	1296	1468.8	1244.8	1472	1257.6	1062.4
90	0	0	1036.8	963.2	1238.4	1392	1395.2	1222.4	1164.8	998.4
(1,0)	(2,13211)	(3,0)	(4,0)	
(1,0)	(2,2811)	(3,625)	(4,78)	
(1,0)	(2,2940)	(3,705)	(4,71)	
(1,0)	(2,0)	(3,0)	(4,0)	
(1,0)	(2,0)	(3,0)	(4,0)	
(1,0)	(2,0)	(3,0)	(4,0)	
(1,0)	(2,0)	(3,0)	(4,0)	
(1,0)	(2,0)	(3,0)	(4,0)	
(1,0)	(2,0)	(3,0)	(4,0)	
(1,0)	(2,0)	(3,0)	(4,0)	
(1,0)	(2,0)	(3,0)	(4,0)	
avg	0	0	997.12	1289.49	1381.12	1411.73	1387.63	1335.36	1347.2	1178.56
delay	0.0595238	0.109756	587.57	557.772	531.35	536.971	500.686	543.486	495.115	594.59
loss	0	0	0.711006	0.327759	0.47619	0.423416	0.0441176	0.454392	0.0441501	0.513302
Command ['/home/ubuntu/ns-3.30-obss/build/scratch/simple-ofdma-adhoc6', '--ofdmaEnabled=true', '--startTime=60', '--totalTime=90', '--packetSize=4e3', '--dataMode=HeMcs5', '--datarate=35e6', '--ratio=0.375', '--RngRun=48', '--locationFile=locationtxt/locationFile24.txt', '--routingFile=locationtxt/routingFile24.txt', '--appFile=locationtxt/appFile.txt', '--tcp=0', '--randomTime=true', '--qosDisabled=true'] terminated with signal SIGSEGV. Run it under a debugger to get more information (./waf --run <program> --command-template="gdb --args %s <args>").
