Waf: Entering directory `/home/ubuntu/ns-3.30-obss/build'
Waf: Leaving directory `/home/ubuntu/ns-3.30-obss/build'
Build commands will be stored in build/compile_commands.json
'build' finished successfully (1.218s)
--------------------------Rate[Kbps]--------------------------
Time[s]	cl-1	cl-2	cl-3	cl-4	cl-5	cl-6	cl-7	cl-8	cl-9	cl-10
60	14.4	14.4	12.6	15	18.2	15.8	13.2	15.6	15.2	15
61	0	0	1292.8	1452.8	1574.4	1363.2	1404.8	1747.2	1264	1734.4
62	0	0	1708.8	1436.8	1203.2	1356.8	2195.2	1750.4	1321.6	1523.2
63	0	0	1257.6	1577.6	1264	1705.6	1430.4	1523.2	1888	1820.8
64	0	0	1529.6	1830.4	816	1820.8	1564.8	1488	1526.4	1337.6
65	0	0	1296	1481.6	1574.4	1308.8	1052.8	1321.6	1520	1107.2
66	0	0	1580.8	1459.2	1456	1465.6	1744	1568	665.6	1276.8
67	0	0	966.4	1280	1248	1276.8	1174.4	1436.8	1747.2	1641.6
68	0	0	1427.2	1430.4	1283.2	1241.6	1625.6	1523.2	1561.6	1059.2
69	0	0	1574.4	1225.6	1110.4	1654.4	1475.2	1417.6	1744	1225.6
70	0	0	1168	1209.6	1347.2	1401.6	1472	1561.6	1878.4	1363.2
71	0	0	1200	1542.4	1840	1382.4	1484.8	1008	1456	1430.4
72	0	0	1468.8	1603.2	1411.2	1747.2	1270.4	1443.2	1472	1417.6
73	0	0	1110.4	1350.4	1625.6	1264	1292.8	1299.2	1590.4	1497.6
74	0	0	1612.8	1081.6	1379.2	1398.4	1078.4	1728	1523.2	1257.6
75	0	0	1340.8	1763.2	1625.6	1059.2	1136	1379.2	1465.6	1417.6
76	0	0	963.2	1219.2	1424	1696	1100.8	1401.6	1491.2	1193.6
77	0	0	1158.4	1308.8	1251.2	1241.6	1574.4	1280	1558.4	1155.2
78	0	0	1132.8	1577.6	1891.2	1404.8	1404.8	1036.8	1417.6	1078.4
79	0	0	876.8	1516.8	1568	1219.2	1532.8	1206.4	1596.8	1321.6
80	0	0	1190.4	1244.8	1190.4	1558.4	1462.4	1683.2	1270.4	1155.2
81	0	0	1072	1420.8	1788.8	1584	1401.6	1414.4	1449.6	1232
82	0	0	1200	1219.2	1836.8	1408	1379.2	1168	1740.8	1705.6
83	0	0	1139.2	1411.2	1417.6	1440	1270.4	1564.8	1417.6	1068.8
84	0	0	1721.6	1264	1244.8	1705.6	1696	1388.8	1312	908.8
85	0	0	953.6	1481.6	1472	1251.2	1436.8	1532.8	1360	1081.6
86	0	0	1516.8	1369.6	1481.6	1084.8	1702.4	1366.4	1408	1148.8
87	0	0	1257.6	1449.6	905.6	1494.4	1587.2	1088	1398.4	1104
88	0	0	1328	1126.4	1427.2	1241.6	1548.8	1910.4	1356.8	1302.4
89	0	0	1475.2	1043.2	1561.6	1385.6	1603.2	1779.2	1030.4	1222.4
90	0	0	1542.4	1427.2	1024	1830.4	1552	1571.2	1046.4	1203.2
(1,0)	(2,13201)	(3,0)	(4,0)	
(1,0)	(2,2882)	(3,759)	(4,106)	
(1,0)	(2,2965)	(3,697)	(4,104)	
(1,0)	(2,0)	(3,0)	(4,0)	
(1,0)	(2,0)	(3,0)	(4,0)	
(1,0)	(2,0)	(3,0)	(4,0)	
(1,0)	(2,0)	(3,0)	(4,0)	
(1,0)	(2,0)	(3,0)	(4,0)	
(1,0)	(2,0)	(3,0)	(4,0)	
(1,0)	(2,0)	(3,0)	(4,0)	
(1,0)	(2,0)	(3,0)	(4,0)	
avg	0	0	1302.08	1393.49	1408.11	1433.07	1455.15	1452.91	1449.28	1299.73
delay	0.0555556	0.0555556	492.391	489.993	492.639	487.342	488.324	485.69	501.2	509.667
loss	0	0	0.0930233	0.268806	0.112008	0.221622	0.241692	0.242211	0.238189	0.270889
Command ['/home/ubuntu/ns-3.30-obss/build/scratch/simple-ofdma-adhoc6', '--ofdmaEnabled=true', '--startTime=60', '--totalTime=90', '--packetSize=4e3', '--dataMode=HeMcs5', '--datarate=30e6', '--ratio=0.375', '--RngRun=36', '--locationFile=locationtxt/locationFile24.txt', '--routingFile=locationtxt/routingFile24.txt', '--appFile=locationtxt/appFile.txt', '--tcp=0', '--randomTime=true', '--qosDisabled=true'] terminated with signal SIGSEGV. Run it under a debugger to get more information (./waf --run <program> --command-template="gdb --args %s <args>").
