Waf: Entering directory `/home/ubuntu/ns-3.30-obss/build'
Waf: Leaving directory `/home/ubuntu/ns-3.30-obss/build'
Build commands will be stored in build/compile_commands.json
'build' finished successfully (0.910s)
--------------------------Rate[Kbps]--------------------------
Time[s]	cl-1	cl-2	cl-3	cl-4	cl-5	cl-6	cl-7	cl-8	cl-9	cl-10
60	12.6	15.4	15	13.8	12.6	15.4	14.8	13.2	13.6	13
61	0	0	156.8	188.8	227.2	288	320	310.4	313.6	265.6
62	0	0	342.4	326.4	224	412.8	281.6	320	281.6	291.2
63	0	0	256	297.6	380.8	310.4	230.4	326.4	310.4	358.4
64	0	0	297.6	281.6	294.4	249.6	345.6	256	262.4	304
65	0	0	288	313.6	307.2	268.8	310.4	345.6	336	342.4
66	0	0	262.4	361.6	272	326.4	243.2	358.4	294.4	304
67	0	0	361.6	358.4	464	256	412.8	377.6	326.4	342.4
68	0	0	422.4	284.8	163.2	272	326.4	400	281.6	352
69	0	0	380.8	310.4	294.4	374.4	348.8	217.6	339.2	409.6
70	0	0	275.2	243.2	425.6	272	284.8	390.4	329.6	294.4
71	0	0	256	329.6	236.8	368	256	252.8	243.2	268.8
72	0	0	316.8	336	313.6	294.4	342.4	384	294.4	329.6
73	0	0	320	377.6	396.8	262.4	332.8	278.4	224	272
74	0	0	320	272	233.6	355.2	364.8	332.8	329.6	464
75	0	0	323.2	294.4	320	288	256	185.6	304	268.8
76	0	0	416	332.8	332.8	281.6	294.4	342.4	326.4	320
77	0	0	310.4	224	416	284.8	300.8	224	304	313.6
78	0	0	320	304	352	336	416	307.2	368	294.4
79	0	0	352	416	204.8	448	278.4	291.2	409.6	352
80	0	0	249.6	272	380.8	281.6	300.8	336	256	352
81	0	0	336	368	304	352	368	275.2	281.6	268.8
82	0	0	374.4	374.4	345.6	329.6	374.4	384	348.8	265.6
83	0	0	339.2	310.4	368	185.6	374.4	294.4	281.6	342.4
84	0	0	329.6	377.6	300.8	294.4	233.6	368	304	304
85	0	0	352	249.6	288	345.6	294.4	336	236.8	342.4
86	0	0	364.8	307.2	384	275.2	256	387.2	169.6	288
87	0	0	240	368	208	256	265.6	406.4	393.6	393.6
88	0	0	288	294.4	240	291.2	339.2	329.6	336	390.4
89	0	0	268.8	310.4	348.8	288	412.8	262.4	412.8	384
90	0	0	448	294.4	342.4	304	316.8	339.2	380.8	332.8
(1,0)	(2,113)	(3,0)	(4,0)	
(1,0)	(2,56)	(3,1)	(4,0)	
(1,0)	(2,45)	(3,0)	(4,0)	
(1,0)	(2,0)	(3,0)	(4,0)	
(1,0)	(2,0)	(3,0)	(4,0)	
(1,0)	(2,0)	(3,0)	(4,0)	
(1,0)	(2,0)	(3,0)	(4,0)	
(1,0)	(2,0)	(3,0)	(4,0)	
(1,0)	(2,0)	(3,0)	(4,0)	
(1,0)	(2,0)	(3,0)	(4,0)	
(1,0)	(2,0)	(3,0)	(4,0)	
avg	0	0	318.933	312.64	312.32	305.067	316.053	320.64	309.333	327.04
delay	0.142857	0.0519481	0.689655	0.716216	0.680556	1.0814	2.24444	1.07738	0.717241	0.689189
loss	0	0	0	0	0	0	0	0	0	0
Command ['/home/ubuntu/ns-3.30-obss/build/scratch/simple-ofdma-adhoc6', '--ofdmaEnabled=true', '--startTime=60', '--totalTime=90', '--packetSize=4e3', '--dataMode=HeMcs5', '--datarate=5e6', '--ratio=0.375', '--RngRun=12', '--locationFile=locationtxt/locationFile24.txt', '--routingFile=locationtxt/routingFile24.txt', '--appFile=locationtxt/appFile.txt', '--tcp=0', '--randomTime=true', '--qosDisabled=true'] terminated with signal SIGSEGV. Run it under a debugger to get more information (./waf --run <program> --command-template="gdb --args %s <args>").
