Waf: Entering directory `/home/ubuntu/ns-3.30-obss/build'
Waf: Leaving directory `/home/ubuntu/ns-3.30-obss/build'
Build commands will be stored in build/compile_commands.json
'build' finished successfully (0.358s)
--------------------------Rate[Kbps]--------------------------
Time[s]	cl-1	cl-2	cl-3	cl-4	cl-5	cl-6	cl-7	cl-8	cl-9	cl-10
60	18	13.6	16.6	16	14.4	15.2	10.6	13.2	15	14.6
61	0	0	1120	1936	1334.4	1315.2	1481.6	1616	1091.2	1820.8
62	0	0	1660.8	1648	1196.8	1382.4	1571.2	2102.4	1744	1203.2
63	0	0	1299.2	1107.2	1897.6	1846.4	1555.2	1612.8	1798.4	1190.4
64	0	0	1568	1366.4	1705.6	1369.6	1862.4	1568	1484.8	931.2
65	0	0	995.2	1020.8	1945.6	1222.4	1337.6	1174.4	1728	1238.4
66	0	0	1305.6	1376	1641.6	1411.2	1820.8	1574.4	1123.2	979.2
67	0	0	1203.2	1958.4	1468.8	1347.2	1548.8	1318.4	1350.4	985.6
68	0	0	1244.8	1462.4	1289.6	1673.6	1241.6	1344	1475.2	1334.4
69	0	0	1094.4	1526.4	1606.4	1731.2	1539.2	1481.6	2000	768
70	0	0	1440	1216	1590.4	1872	1510.4	1500.8	1433.6	1084.8
71	0	0	1401.6	1683.2	1628.8	1280	1843.2	1129.6	1558.4	1321.6
72	0	0	1040	1392	1171.2	1472	1804.8	1529.6	1308.8	1228.8
73	0	0	1334.4	1360	1401.6	1292.8	1040	1433.6	1340.8	1510.4
74	0	0	1324.8	1430.4	1372.8	1459.2	1574.4	1276.8	1379.2	1305.6
75	0	0	1516.8	1318.4	1686.4	1475.2	1321.6	1820.8	1107.2	915.2
76	0	0	876.8	1363.2	1347.2	1568	1593.6	1344	1408	1091.2
77	0	0	944	1513.6	1292.8	1593.6	1436.8	1244.8	1315.2	1379.2
78	0	0	1264	1398.4	985.6	1731.2	1212.8	1638.4	1363.2	1097.6
79	0	0	918.4	1500.8	1667.2	1084.8	1164.8	1203.2	1388.8	1145.6
80	0	0	803.2	1100.8	1619.2	1385.6	1491.2	1244.8	1299.2	1260.8
81	0	0	1024	1574.4	1299.2	1180.8	1513.6	1363.2	1488	1155.2
82	0	0	1324.8	1475.2	1164.8	1315.2	1184	1507.2	1475.2	1817.6
83	0	0	931.2	1260.8	1360	1488	1529.6	1366.4	1014.4	1260.8
84	0	0	1404.8	1164.8	1388.8	1094.4	1376	1523.2	1513.6	1017.6
85	0	0	921.6	1603.2	1088	1606.4	1728	1504	1526.4	1504
86	0	0	1104	1129.6	1635.2	1536	1526.4	1408	1337.6	1292.8
87	0	0	1446.4	1392	1360	1481.6	1228.8	1385.6	1334.4	1036.8
88	0	0	1145.6	1164.8	1507.2	1446.4	1084.8	1462.4	1286.4	940.8
89	0	0	1068.8	1356.8	1276.8	1561.6	1353.6	1404.8	1142.4	1292.8
90	0	0	1142.4	1433.6	1468.8	1504	1641.6	1427.2	1468.8	1088
(1,0)	(2,13303)	(3,0)	(4,0)	
(1,0)	(2,2847)	(3,727)	(4,97)	
(1,0)	(2,2786)	(3,741)	(4,90)	
(1,0)	(2,0)	(3,0)	(4,0)	
(1,0)	(2,0)	(3,0)	(4,0)	
(1,0)	(2,0)	(3,0)	(4,0)	
(1,0)	(2,0)	(3,0)	(4,0)	
(1,0)	(2,0)	(3,0)	(4,0)	
(1,0)	(2,0)	(3,0)	(4,0)	
(1,0)	(2,0)	(3,0)	(4,0)	
(1,0)	(2,0)	(3,0)	(4,0)	
avg	0	0	1195.63	1407.79	1446.61	1457.6	1470.61	1450.35	1409.49	1206.61
delay	0.0555556	0.0588235	509.597	483.677	488.015	491.161	494.815	488.001	490.509	537.289
loss	0	0	0.160798	0.229979	0.281982	0.256086	0.116832	0.118259	0.27832	0.305376
Command ['/home/ubuntu/ns-3.30-obss/build/scratch/simple-ofdma-adhoc6', '--ofdmaEnabled=true', '--startTime=60', '--totalTime=90', '--packetSize=4e3', '--dataMode=HeMcs5', '--datarate=30e6', '--ratio=0.375', '--RngRun=1', '--locationFile=locationtxt/locationFile24.txt', '--routingFile=locationtxt/routingFile24.txt', '--appFile=locationtxt/appFile.txt', '--tcp=0', '--randomTime=true', '--qosDisabled=true'] terminated with signal SIGSEGV. Run it under a debugger to get more information (./waf --run <program> --command-template="gdb --args %s <args>").
