Waf: Entering directory `/home/ubuntu/ns-3.30-obss/build'
Waf: Leaving directory `/home/ubuntu/ns-3.30-obss/build'
Build commands will be stored in build/compile_commands.json
'build' finished successfully (0.358s)
--------------------------Rate[Kbps]--------------------------
Time[s]	cl-1	cl-2	cl-3	cl-4	cl-5	cl-6	cl-7	cl-8	cl-9	cl-10
60	18	13.6	16.6	16	14.4	15.2	10.6	13.2	15	14.6
61	0	0	1241.6	2352	1017.6	1507.2	1497.6	1420.8	998.4	1833.6
62	0	0	1264	1318.4	1280	1302.4	1440	1920	1513.6	1488
63	0	0	931.2	1033.6	1193.6	1267.2	1036.8	1254.4	1372.8	832
64	0	0	899.2	1024	1273.6	1312	1452.8	1443.2	1241.6	988.8
65	0	0	1014.4	1270.4	1494.4	1136	1164.8	1206.4	1324.8	832
66	0	0	892.8	1129.6	1107.2	1116.8	1548.8	1475.2	1081.6	889.6
67	0	0	876.8	1212.8	1472	1238.4	1190.4	1171.2	1369.6	960
68	0	0	768	1270.4	1030.4	1411.2	1216	1158.4	1289.6	1097.6
69	0	0	892.8	1072	1500.8	1347.2	1561.6	1388.8	1427.2	681.6
70	0	0	896	1232	1347.2	1388.8	1264	1244.8	1142.4	963.2
71	0	0	953.6	1308.8	982.4	1414.4	1440	1190.4	1452.8	1017.6
72	0	0	851.2	1139.2	995.2	1174.4	1612.8	1238.4	1328	1068.8
73	0	0	905.6	1142.4	1222.4	1190.4	1049.6	1424	1513.6	1059.2
74	0	0	803.2	1036.8	1408	1296	1488	1196.8	1148.8	1001.6
75	0	0	944	1347.2	1382.4	1372.8	1363.2	1203.2	1126.4	928
76	0	0	601.6	1110.4	1257.6	1308.8	1292.8	1068.8	1286.4	876.8
77	0	0	780.8	1408	1340.8	1440	1446.4	1270.4	1164.8	825.6
78	0	0	956.8	1385.6	1152	902.4	1318.4	1440	1321.6	902.4
79	0	0	873.6	1379.2	1056	1100.8	1107.2	1388.8	1030.4	988.8
80	0	0	998.4	1152	1059.2	1299.2	1328	1417.6	1280	828.8
81	0	0	819.2	1056	1312	1161.6	1219.2	1430.4	1385.6	1011.2
82	0	0	1100.8	1209.6	1302.4	1168	1129.6	1417.6	1529.6	1110.4
83	0	0	768	1174.4	1193.6	1324.8	1360	1264	1139.2	844.8
84	0	0	1033.6	1142.4	1347.2	1324.8	1084.8	1315.2	1123.2	838.4
85	0	0	771.2	1350.4	1222.4	1404.8	1555.2	1267.2	1116.8	1017.6
86	0	0	777.6	1267.2	1465.6	1468.8	1187.2	1228.8	1209.6	902.4
87	0	0	758.4	1347.2	1334.4	1244.8	1260.8	1094.4	1424	800
88	0	0	1014.4	1072	1072	1286.4	1315.2	1331.2	1257.6	592
89	0	0	707.2	1187.2	1366.4	1132.8	1209.6	1062.4	1196.8	1164.8
90	0	0	886.4	1104	1408	1251.2	1411.2	1353.6	1363.2	915.2
(1,0)	(2,13447)	(3,0)	(4,0)	
(1,0)	(2,2824)	(3,700)	(4,138)	
(1,0)	(2,2901)	(3,657)	(4,101)	
(1,0)	(2,0)	(3,0)	(4,0)	
(1,0)	(2,0)	(3,0)	(4,0)	
(1,0)	(2,0)	(3,0)	(4,0)	
(1,0)	(2,0)	(3,0)	(4,0)	
(1,0)	(2,0)	(3,0)	(4,0)	
(1,0)	(2,0)	(3,0)	(4,0)	
(1,0)	(2,0)	(3,0)	(4,0)	
(1,0)	(2,0)	(3,0)	(4,0)	
avg	0	0	899.413	1241.17	1253.23	1276.48	1318.4	1309.55	1272	975.36
delay	0.0555556	0.0588235	599.561	548.14	564.505	560.108	561.151	560.328	567.548	641.102
loss	0	0	0.467993	0.601599	0.679584	0.649718	0.336735	0.396925	0.647619	0.636651
Command ['/home/ubuntu/ns-3.30-obss/build/scratch/simple-ofdma-adhoc6', '--ofdmaEnabled=true', '--startTime=60', '--totalTime=90', '--packetSize=4e3', '--dataMode=HeMcs5', '--datarate=40e6', '--ratio=0.375', '--RngRun=1', '--locationFile=locationtxt/locationFile24.txt', '--routingFile=locationtxt/routingFile24.txt', '--appFile=locationtxt/appFile.txt', '--tcp=0', '--randomTime=true', '--qosDisabled=true'] terminated with signal SIGSEGV. Run it under a debugger to get more information (./waf --run <program> --command-template="gdb --args %s <args>").
