Waf: Entering directory `/home/ubuntu/ns-3.30-obss/build'
Waf: Leaving directory `/home/ubuntu/ns-3.30-obss/build'
Build commands will be stored in build/compile_commands.json
'build' finished successfully (0.833s)
--------------------------Rate[Kbps]--------------------------
Time[s]	cl-1	cl-2	cl-3	cl-4	cl-5	cl-6	cl-7	cl-8	cl-9	cl-10
60	17.6	15.6	13.6	14	15.6	15.6	15.8	16.4	14	16.8
61	0	0	1302.4	1184	1206.4	1459.2	1356.8	1497.6	902.4	1155.2
62	0	0	1398.4	1369.6	1078.4	1254.4	1833.6	1049.6	1376	1171.2
63	0	0	1472	1235.2	1324.8	1312	1171.2	1321.6	1344	1072
64	0	0	1350.4	1395.2	1024	1040	1574.4	1184	1030.4	995.2
65	0	0	1299.2	1347.2	988.8	1180.8	1296	1052.8	1033.6	812.8
66	0	0	1206.4	1209.6	1648	1379.2	1347.2	1168	1219.2	1190.4
67	0	0	1129.6	1222.4	876.8	1139.2	870.4	1222.4	1040	1062.4
68	0	0	1273.6	940.8	1177.6	1337.6	1139.2	918.4	1478.4	1065.6
69	0	0	1267.2	1539.2	1209.6	790.4	1392	1222.4	1203.2	1190.4
70	0	0	931.2	1276.8	1324.8	912	1200	1049.6	1369.6	876.8
71	0	0	1497.6	1526.4	1216	1305.6	1148.8	1139.2	1097.6	1264
72	0	0	998.4	1417.6	1356.8	972.8	1580.8	838.4	1196.8	1558.4
73	0	0	1558.4	860.8	1136	1334.4	1334.4	1065.6	1424	1161.6
74	0	0	921.6	828.8	1513.6	1446.4	1344	1168	851.2	1283.2
75	0	0	1408	1660.8	828.8	1443.2	1449.6	1350.4	1136	1516.8
76	0	0	1145.6	1392	1267.2	956.8	1321.6	1456	1440	1104
77	0	0	1500.8	1078.4	1356.8	1206.4	1193.6	700.8	1388.8	1030.4
78	0	0	1158.4	1385.6	1286.4	1148.8	1033.6	1491.2	1030.4	1465.6
79	0	0	988.8	1308.8	1004.8	1558.4	1020.8	1052.8	1168	1366.4
80	0	0	1280	1238.4	1395.2	1212.8	1244.8	876.8	1635.2	1238.4
81	0	0	796.8	1196.8	1244.8	1792	1209.6	1331.2	1190.4	1168
82	0	0	1430.4	1225.6	1388.8	1296	1177.6	867.2	1484.8	1238.4
83	0	0	1062.4	1395.2	1488	1462.4	1020.8	768	1238.4	1398.4
84	0	0	1552	1062.4	1280	1136	1056	1075.2	1145.6	937.6
85	0	0	1056	1366.4	1187.2	1161.6	1225.6	1283.2	1123.2	889.6
86	0	0	1507.2	1404.8	1504	1628.8	1612.8	1091.2	1161.6	768
87	0	0	1401.6	1379.2	1001.6	1308.8	1270.4	1692.8	912	1904
88	0	0	1104	1590.4	1376	995.2	1222.4	1465.6	1244.8	1276.8
89	0	0	1321.6	1283.2	1036.8	1388.8	1276.8	1536	1264	1260.8
90	0	0	1011.2	924.8	1369.6	1347.2	1155.2	1075.2	1216	1129.6
(1,0)	(2,4478)	(3,0)	(4,0)	
(1,0)	(2,1305)	(3,171)	(4,19)	
(1,0)	(2,1235)	(3,133)	(4,7)	
(1,0)	(2,0)	(3,0)	(4,0)	
(1,0)	(2,0)	(3,0)	(4,0)	
(1,0)	(2,0)	(3,0)	(4,0)	
(1,0)	(2,0)	(3,0)	(4,0)	
(1,0)	(2,0)	(3,0)	(4,0)	
(1,0)	(2,0)	(3,0)	(4,0)	
(1,0)	(2,0)	(3,0)	(4,0)	
(1,0)	(2,0)	(3,0)	(4,0)	
avg	0	0	1244.37	1274.88	1236.59	1263.57	1269.33	1167.04	1211.52	1185.07
delay	0.0568182	0.102564	3.3172	3.61604	3.4278	3.47833	3.80143	3.29674	3.81646	5.72331
loss	0	0	0	0	0	0	0	0	0	0
Command ['/home/ubuntu/ns-3.30-obss/build/scratch/simple-ofdma-adhoc6', '--ofdmaEnabled=true', '--startTime=60', '--totalTime=90', '--packetSize=4e3', '--dataMode=HeMcs5', '--datarate=20e6', '--ratio=0.375', '--RngRun=43', '--locationFile=locationtxt/locationFile24.txt', '--routingFile=locationtxt/routingFile24.txt', '--appFile=locationtxt/appFile.txt', '--tcp=0', '--randomTime=true', '--qosDisabled=true'] terminated with signal SIGSEGV. Run it under a debugger to get more information (./waf --run <program> --command-template="gdb --args %s <args>").
