Waf: Entering directory `/home/ubuntu/ns-3.30-obss/build'
Waf: Leaving directory `/home/ubuntu/ns-3.30-obss/build'
Build commands will be stored in build/compile_commands.json
'build' finished successfully (0.794s)
--------------------------Rate[Kbps]--------------------------
Time[s]	cl-1	cl-2	cl-3	cl-4	cl-5	cl-6	cl-7	cl-8	cl-9	cl-10
60	16.2	15.2	11.6	15	14.4	14.8	15.2	15.2	16.4	15.2
61	0	0	1193.6	1987.2	1721.6	1910.4	1264	1638.4	1244.8	912
62	0	0	1696	1529.6	1164.8	1049.6	2179.2	1488	1564.8	1228.8
63	0	0	1068.8	1440	1376	1331.2	1344	1206.4	1382.4	1238.4
64	0	0	1267.2	1177.6	1686.4	1094.4	1264	1673.6	1456	1344
65	0	0	979.2	1430.4	1104	1414.4	1401.6	1443.2	1513.6	1212.8
66	0	0	1113.6	1411.2	1136	1612.8	1747.2	1212.8	1379.2	1078.4
67	0	0	1072	1001.6	1411.2	1324.8	1014.4	1404.8	1283.2	931.2
68	0	0	963.2	1228.8	1145.6	1110.4	1299.2	1148.8	1299.2	950.4
69	0	0	1184	1238.4	1609.6	1366.4	1328	1238.4	1251.2	787.2
70	0	0	1094.4	1472	1372.8	1091.2	1657.6	1232	1433.6	921.6
71	0	0	812.8	1168	1481.6	1545.6	1100.8	1257.6	1606.4	1043.2
72	0	0	1104	1472	1443.2	1193.6	1088	1318.4	1689.6	1123.2
73	0	0	1072	1084.8	1286.4	1612.8	1168	1580.8	1385.6	886.4
74	0	0	1062.4	1280	1056	1363.2	1228.8	1654.4	1692.8	1190.4
75	0	0	838.4	1036.8	1315.2	1456	1206.4	1177.6	1475.2	1139.2
76	0	0	822.4	1356.8	1180.8	1388.8	1372.8	1155.2	1398.4	924.8
77	0	0	934.4	1292.8	1628.8	1440	1404.8	1040	1443.2	995.2
78	0	0	1132.8	1395.2	1008	1481.6	1340.8	1491.2	1577.6	860.8
79	0	0	905.6	1171.2	1468.8	1232	1296	1321.6	1414.4	1068.8
80	0	0	1091.2	1769.6	1251.2	1017.6	1446.4	1420.8	1670.4	992
81	0	0	1065.6	1312	1635.2	1027.2	1385.6	1219.2	1462.4	851.2
82	0	0	979.2	1078.4	1321.6	1222.4	969.6	1251.2	1468.8	1078.4
83	0	0	1088	1120	1632	1539.2	953.6	1420.8	1462.4	1001.6
84	0	0	1081.6	1420.8	1526.4	1363.2	1545.6	1376	1443.2	771.2
85	0	0	1424	1155.2	1280	1504	1462.4	1068.8	1436.8	1152
86	0	0	825.6	950.4	1542.4	1292.8	1206.4	1260.8	1443.2	1244.8
87	0	0	857.6	1132.8	1494.4	1312	1139.2	1216	1443.2	1027.2
88	0	0	809.6	1286.4	1052.8	1491.2	1436.8	1232	1225.6	1334.4
89	0	0	851.2	1369.6	1523.2	1088	854.4	1430.4	1270.4	1104
90	0	0	857.6	1334.4	1545.6	1459.2	1088	1120	1574.4	1276.8
(1,0)	(2,13282)	(3,0)	(4,0)	
(1,0)	(2,2898)	(3,729)	(4,89)	
(1,0)	(2,2834)	(3,761)	(4,64)	
(1,0)	(2,0)	(3,0)	(4,0)	
(1,0)	(2,0)	(3,0)	(4,0)	
(1,0)	(2,0)	(3,0)	(4,0)	
(1,0)	(2,0)	(3,0)	(4,0)	
(1,0)	(2,0)	(3,0)	(4,0)	
(1,0)	(2,0)	(3,0)	(4,0)	
(1,0)	(2,0)	(3,0)	(4,0)	
(1,0)	(2,0)	(3,0)	(4,0)	
avg	0	0	1041.6	1303.47	1380.05	1344.53	1306.45	1323.31	1446.4	1055.68
delay	0.0493827	0.0526316	537.53	524.377	500.496	494.244	539.49	502.041	502.507	629.194
loss	0	0	0.27818	0.484609	0.0655903	0.0591966	0.469283	0.0385356	0.0394737	0.540875
Command ['/home/ubuntu/ns-3.30-obss/build/scratch/simple-ofdma-adhoc6', '--ofdmaEnabled=true', '--startTime=60', '--totalTime=90', '--packetSize=4e3', '--dataMode=HeMcs5', '--datarate=35e6', '--ratio=0.375', '--RngRun=17', '--locationFile=locationtxt/locationFile24.txt', '--routingFile=locationtxt/routingFile24.txt', '--appFile=locationtxt/appFile.txt', '--tcp=0', '--randomTime=true', '--qosDisabled=true'] terminated with signal SIGSEGV. Run it under a debugger to get more information (./waf --run <program> --command-template="gdb --args %s <args>").
