Waf: Entering directory `/home/ubuntu/ns-3.30-obss/build'
Waf: Leaving directory `/home/ubuntu/ns-3.30-obss/build'
Build commands will be stored in build/compile_commands.json
'build' finished successfully (0.693s)
--------------------------Rate[Kbps]--------------------------
Time[s]	cl-1	cl-2	cl-3	cl-4	cl-5	cl-6	cl-7	cl-8	cl-9	cl-10
60	15.4	9.8	13.6	14	16	14	14.6	15.4	15.6	16.6
61	0	0	1196.8	1353.6	1456	1075.2	1436.8	1568	1216	1539.2
62	0	0	1664	1840	1366.4	1446.4	1667.2	1696	1478.4	1366.4
63	0	0	1062.4	1369.6	1980.8	1683.2	1801.6	1843.2	1564.8	1062.4
64	0	0	1158.4	1785.6	1449.6	1344	1657.6	1001.6	1798.4	1660.8
65	0	0	1324.8	1660.8	1664	2012.8	1280	1244.8	1574.4	1472
66	0	0	1766.4	1571.2	1772.8	1248	1993.6	1292.8	1641.6	1004.8
67	0	0	1696	1136	956.8	1603.2	1468.8	1939.2	1907.2	1542.4
68	0	0	1542.4	1308.8	1305.6	1468.8	2217.6	1385.6	1724.8	1606.4
69	0	0	1814.4	1296	1664	2041.6	1539.2	1641.6	1187.2	1305.6
70	0	0	1785.6	1292.8	1254.4	1744	2028.8	1507.2	1465.6	1516.8
71	0	0	1283.2	1552	1468.8	1568	1920	1235.2	1382.4	1356.8
72	0	0	1497.6	1891.2	1808	1488	1324.8	1436.8	1376	1225.6
73	0	0	1113.6	1683.2	1404.8	1340.8	1510.4	1635.2	1641.6	1388.8
74	0	0	1616	1760	1401.6	1184	1814.4	1859.2	1456	1443.2
75	0	0	1350.4	1446.4	1507.2	1833.6	1219.2	1776	1593.6	1433.6
76	0	0	1324.8	1638.4	1862.4	1280	1660.8	1468.8	1180.8	1488
77	0	0	1641.6	1324.8	1347.2	1558.4	1424	1209.6	1699.2	1760
78	0	0	1216	1753.6	1203.2	1776	1414.4	2291.2	1145.6	1804.8
79	0	0	1574.4	1673.6	1308.8	1648	1308.8	1996.8	1196.8	1440
80	0	0	1248	1289.6	1385.6	1779.2	1465.6	1520	1625.6	1411.2
81	0	0	1254.4	1884.8	1600	1680	1785.6	1721.6	1097.6	1337.6
82	0	0	1923.2	1468.8	1392	1401.6	1481.6	1468.8	1513.6	1792
83	0	0	1657.6	1280	1164.8	1500.8	1884.8	1651.2	1683.2	1449.6
84	0	0	1395.2	1590.4	1632	1894.4	1052.8	1712	1472	1625.6
85	0	0	1369.6	1696	1769.6	1523.2	1267.2	1462.4	1811.2	1408
86	0	0	1372.8	1363.2	1670.4	1360	1356.8	1824	1667.2	1731.2
87	0	0	1360	1776	1955.2	1603.2	1616	1196.8	1401.6	1619.2
88	0	0	1465.6	1616	1280	1702.4	1372.8	1699.2	1235.2	1622.4
89	0	0	1347.2	1321.6	1504	1596.8	1539.2	1744	1286.4	1945.6
90	0	0	1488	1961.6	1619.2	1635.2	1648	1180.8	1606.4	1318.4
(1,0)	(2,12219)	(3,0)	(4,0)	
(1,0)	(2,2777)	(3,649)	(4,76)	
(1,0)	(2,2822)	(3,739)	(4,64)	
(1,0)	(2,0)	(3,0)	(4,0)	
(1,0)	(2,0)	(3,0)	(4,0)	
(1,0)	(2,0)	(3,0)	(4,0)	
(1,0)	(2,0)	(3,0)	(4,0)	
(1,0)	(2,0)	(3,0)	(4,0)	
(1,0)	(2,0)	(3,0)	(4,0)	
(1,0)	(2,0)	(3,0)	(4,0)	
(1,0)	(2,0)	(3,0)	(4,0)	
avg	0	0	1450.35	1552.85	1505.17	1567.36	1571.95	1573.65	1487.68	1489.28
delay	0.0519481	0.0408163	146.931	139.675	135.619	143.175	149.47	141.557	149.351	151.794
loss	0	0	0	0	0	0	0.0010929	0	0	0
Command ['/home/ubuntu/ns-3.30-obss/build/scratch/simple-ofdma-adhoc6', '--ofdmaEnabled=true', '--startTime=60', '--totalTime=90', '--packetSize=4e3', '--dataMode=HeMcs5', '--datarate=25e6', '--ratio=0.375', '--RngRun=2', '--locationFile=locationtxt/locationFile24.txt', '--routingFile=locationtxt/routingFile24.txt', '--appFile=locationtxt/appFile.txt', '--tcp=0', '--randomTime=true', '--qosDisabled=true'] terminated with signal SIGSEGV. Run it under a debugger to get more information (./waf --run <program> --command-template="gdb --args %s <args>").
