Waf: Entering directory `/home/ubuntu/ns-3.30-obss/build'
Waf: Leaving directory `/home/ubuntu/ns-3.30-obss/build'
Build commands will be stored in build/compile_commands.json
'build' finished successfully (0.738s)
--------------------------Rate[Kbps]--------------------------
Time[s]	cl-1	cl-2	cl-3	cl-4	cl-5	cl-6	cl-7	cl-8	cl-9	cl-10
60	14.4	15.6	13.2	15.4	16.4	14.8	17	16.4	17.6	17
61	0	0	1740.8	1523.2	1417.6	1577.6	1523.2	1152	1139.2	1212.8
62	0	0	1824	1644.8	1411.2	1600	1305.6	1862.4	1452.8	1619.2
63	0	0	1907.2	1724.8	1340.8	1225.6	1513.6	1808	1209.6	1456
64	0	0	1603.2	1331.2	1660.8	1232	2076.8	1270.4	1792	1782.4
65	0	0	1545.6	1196.8	1763.2	1961.6	1827.2	1196.8	1456	1532.8
66	0	0	1280	1363.2	1542.4	1891.2	1824	1622.4	1356.8	1299.2
67	0	0	1187.2	1484.8	1571.2	1708.8	1286.4	1699.2	1974.4	1305.6
68	0	0	1670.4	1836.8	1628.8	1769.6	1379.2	1337.6	1305.6	1555.2
69	0	0	1852.8	1398.4	1296	1606.4	1568	1388.8	1542.4	1654.4
70	0	0	988.8	1529.6	1568	1907.2	1440	2067.2	1804.8	1388.8
71	0	0	1648	1696	1158.4	1331.2	1542.4	2012.8	1452.8	1657.6
72	0	0	1596.8	1187.2	1712	1702.4	1616	1792	1619.2	1289.6
73	0	0	1648	1555.2	1708.8	1318.4	1427.2	1705.6	1660.8	1369.6
74	0	0	1516.8	1504	1798.4	1036.8	1606.4	1632	1491.2	1369.6
75	0	0	1276.8	1868.8	1622.4	1292.8	1520	1910.4	1804.8	1136
76	0	0	1452.8	1568	1417.6	1619.2	1449.6	1836.8	1440	1446.4
77	0	0	1324.8	1315.2	1545.6	1548.8	1587.2	1513.6	1836.8	1731.2
78	0	0	1260.8	1622.4	1251.2	1932.8	1475.2	1376	1350.4	1744
79	0	0	1283.2	1472	1728	1718.4	1488	1545.6	1638.4	1433.6
80	0	0	1318.4	1654.4	1616	844.8	2067.2	1836.8	1488	1824
81	0	0	1494.4	1379.2	1500.8	1590.4	1289.6	1667.2	1520	1996.8
82	0	0	1904	1660.8	1612.8	1366.4	1728	1475.2	1081.6	1440
83	0	0	1372.8	1462.4	1840	1398.4	1440	1504	1644.8	1648
84	0	0	1260.8	1900.8	1424	1260.8	976	1564.8	1984	1724.8
85	0	0	1372.8	1436.8	1193.6	1468.8	1625.6	1555.2	1644.8	1737.6
86	0	0	1596.8	1449.6	1315.2	1788.8	1808	1385.6	1430.4	1961.6
87	0	0	1462.4	1526.4	1459.2	1580.8	1369.6	1225.6	1462.4	1977.6
88	0	0	1513.6	1526.4	1683.2	1315.2	1545.6	1603.2	1340.8	1424
89	0	0	1564.8	1932.8	1385.6	1833.6	1558.4	1382.4	1728	1164.8
90	0	0	1635.2	1366.4	1900.8	1302.4	1900.8	1078.4	1315.2	1753.6
(1,0)	(2,12768)	(3,0)	(4,0)	
(1,0)	(2,2838)	(3,628)	(4,56)	
(1,0)	(2,2893)	(3,717)	(4,73)	
(1,0)	(2,0)	(3,0)	(4,0)	
(1,0)	(2,0)	(3,0)	(4,0)	
(1,0)	(2,0)	(3,0)	(4,0)	
(1,0)	(2,0)	(3,0)	(4,0)	
(1,0)	(2,0)	(3,0)	(4,0)	
(1,0)	(2,0)	(3,0)	(4,0)	
(1,0)	(2,0)	(3,0)	(4,0)	
(1,0)	(2,0)	(3,0)	(4,0)	
avg	0	0	1503.47	1537.28	1535.79	1524.37	1558.83	1566.93	1532.27	1554.56
delay	0.0555556	0.0641026	254.545	255.653	261.621	250.842	256.44	258.055	251.196	263.032
loss	0	0	0	0	0	0	0	0.00115875	0	0
Command ['/home/ubuntu/ns-3.30-obss/build/scratch/simple-ofdma-adhoc6', '--ofdmaEnabled=true', '--startTime=60', '--totalTime=90', '--packetSize=4e3', '--dataMode=HeMcs5', '--datarate=25e6', '--ratio=0.375', '--RngRun=39', '--locationFile=locationtxt/locationFile24.txt', '--routingFile=locationtxt/routingFile24.txt', '--appFile=locationtxt/appFile.txt', '--tcp=0', '--randomTime=true', '--qosDisabled=true'] terminated with signal SIGSEGV. Run it under a debugger to get more information (./waf --run <program> --command-template="gdb --args %s <args>").
