Waf: Entering directory `/home/ubuntu/ns-3.30-obss/build'
Waf: Leaving directory `/home/ubuntu/ns-3.30-obss/build'
Build commands will be stored in build/compile_commands.json
'build' finished successfully (0.866s)
--------------------------Rate[Kbps]--------------------------
Time[s]	cl-1	cl-2	cl-3	cl-4	cl-5	cl-6	cl-7	cl-8	cl-9	cl-10
60	17.6	15.6	13.6	14	15.6	15.6	15.8	16.4	14	16.8
61	0	0	1558.4	1356.8	1395.2	1638.4	1606.4	1776	1065.6	1331.2
62	0	0	1430.4	1494.4	1353.6	1446.4	2016	1302.4	1523.2	1507.2
63	0	0	1961.6	1756.8	1446.4	1651.2	1568	1369.6	1609.6	1129.6
64	0	0	1548.8	1510.4	1184	1516.8	2006.4	1596.8	1408	1363.2
65	0	0	1955.2	1929.6	1494.4	1385.6	1708.8	1590.4	1398.4	1027.2
66	0	0	1238.4	1337.6	1779.2	1763.2	1568	1254.4	1638.4	1468.8
67	0	0	1795.2	1824	1529.6	1587.2	1366.4	1734.4	1312	1497.6
68	0	0	1552	1174.4	1459.2	1641.6	1408	1136	1820.8	1363.2
69	0	0	1529.6	1875.2	1529.6	985.6	1737.6	1526.4	1526.4	1446.4
70	0	0	1235.2	1644.8	1654.4	1139.2	1497.6	1318.4	1705.6	1100.8
71	0	0	1827.2	1836.8	1484.8	1593.6	1366.4	1411.2	1337.6	1568
72	0	0	1257.6	1827.2	1686.4	1206.4	1974.4	1040	1472	1968
73	0	0	1932.8	1075.2	1491.2	1676.8	1692.8	1302.4	1824	1449.6
74	0	0	1190.4	1033.6	1843.2	1859.2	1734.4	1526.4	1075.2	1580.8
75	0	0	1542.4	1904	988.8	1529.6	1731.2	1603.2	1241.6	1817.6
76	0	0	1478.4	1737.6	1580.8	1254.4	1558.4	1731.2	1667.2	1334.4
77	0	0	1840	1331.2	1702.4	1555.2	1552	1017.6	1843.2	1433.6
78	0	0	1596.8	1715.2	1577.6	1459.2	1273.6	1715.2	1299.2	1737.6
79	0	0	1228.8	1737.6	1376	1955.2	1360	1491.2	1683.2	1673.6
80	0	0	1638.4	1552	1612.8	1459.2	1468.8	1008	1836.8	1510.4
81	0	0	940.8	1475.2	1523.2	2198.4	1513.6	1625.6	1612.8	1513.6
82	0	0	1724.8	1452.8	1872	1600	1366.4	1033.6	1712	1484.8
83	0	0	1353.6	1849.6	1641.6	1894.4	1385.6	1020.8	1468.8	1660.8
84	0	0	1974.4	1324.8	1814.4	1548.8	1283.2	1299.2	1648	1385.6
85	0	0	1369.6	1728	1443.2	1337.6	1539.2	1721.6	1401.6	1107.2
86	0	0	1760	1564.8	1772.8	2041.6	1964.8	1248	1465.6	748.8
87	0	0	1552	1539.2	1238.4	1417.6	1427.2	1971.2	1100.8	2233.6
88	0	0	1430.4	2035.2	1424	1315.2	1456	1648	1430.4	1452.8
89	0	0	1363.2	1616	1484.8	1603.2	1500.8	1862.4	1414.4	1548.8
90	0	0	1692.8	1392	1504	1571.2	1574.4	1590.4	1510.4	1590.4
(1,0)	(2,12179)	(3,0)	(4,0)	
(1,0)	(2,2792)	(3,650)	(4,77)	
(1,0)	(2,2651)	(3,638)	(4,55)	
(1,0)	(2,0)	(3,0)	(4,0)	
(1,0)	(2,0)	(3,0)	(4,0)	
(1,0)	(2,0)	(3,0)	(4,0)	
(1,0)	(2,0)	(3,0)	(4,0)	
(1,0)	(2,0)	(3,0)	(4,0)	
(1,0)	(2,0)	(3,0)	(4,0)	
(1,0)	(2,0)	(3,0)	(4,0)	
(1,0)	(2,0)	(3,0)	(4,0)	
avg	0	0	1549.97	1587.73	1529.6	1561.07	1573.55	1449.07	1501.76	1467.84
delay	0.0568182	0.102564	88.7591	88.6096	92.4934	84.4402	86.8454	93.9268	94.0521	94.907
loss	0	0	0	0.00136799	0	0	0.00228571	0	0	0
Command ['/home/ubuntu/ns-3.30-obss/build/scratch/simple-ofdma-adhoc6', '--ofdmaEnabled=true', '--startTime=60', '--totalTime=90', '--packetSize=4e3', '--dataMode=HeMcs5', '--datarate=25e6', '--ratio=0.375', '--RngRun=43', '--locationFile=locationtxt/locationFile24.txt', '--routingFile=locationtxt/routingFile24.txt', '--appFile=locationtxt/appFile.txt', '--tcp=0', '--randomTime=true', '--qosDisabled=true'] terminated with signal SIGSEGV. Run it under a debugger to get more information (./waf --run <program> --command-template="gdb --args %s <args>").
