Waf: Entering directory `/home/ubuntu/ns-3.30-obss/build'
Waf: Leaving directory `/home/ubuntu/ns-3.30-obss/build'
Build commands will be stored in build/compile_commands.json
'build' finished successfully (0.695s)
--------------------------Rate[Kbps]--------------------------
Time[s]	cl-1	cl-2	cl-3	cl-4	cl-5	cl-6	cl-7	cl-8	cl-9	cl-10
60	15.4	13.8	10.2	14	17.6	14.4	13.6	9.2	17.6	13.4
61	0	0	1574.4	1302.4	1548.8	950.4	1660.8	1696	1564.8	2102.4
62	0	0	1139.2	1737.6	1289.6	1404.8	1344	1401.6	1344	1084.8
63	0	0	1014.4	1254.4	1216	1062.4	1280	1273.6	1328	928
64	0	0	825.6	937.6	1603.2	1510.4	1248	1190.4	1254.4	950.4
65	0	0	1001.6	1123.2	1379.2	1420.8	1171.2	1200	1289.6	780.8
66	0	0	966.4	854.4	1280	1209.6	1100.8	1308.8	1433.6	777.6
67	0	0	956.8	1315.2	1382.4	1472	1235.2	1148.8	1484.8	1046.4
68	0	0	816	1273.6	1088	1136	1161.6	1248	1190.4	844.8
69	0	0	960	1254.4	918.4	988.8	1241.6	1452.8	1472	1020.8
70	0	0	995.2	1283.2	1548.8	1164.8	1360	1324.8	1238.4	899.2
71	0	0	857.6	1030.4	1315.2	1340.8	1209.6	1244.8	1420.8	720
72	0	0	809.6	1171.2	1270.4	1424	1273.6	1120	1337.6	899.2
73	0	0	950.4	1219.2	1292.8	1651.2	1494.4	1484.8	1184	1030.4
74	0	0	832	1056	1126.4	1302.4	1209.6	1232	1257.6	915.2
75	0	0	640	1344	1132.8	1155.2	1222.4	1148.8	1097.6	803.2
76	0	0	857.6	1040	1350.4	1302.4	1692.8	1369.6	1046.4	1004.8
77	0	0	697.6	1270.4	1123.2	1347.2	1078.4	1187.2	1404.8	1116.8
78	0	0	899.2	1222.4	1382.4	1315.2	1193.6	1520	1027.2	886.4
79	0	0	720	1203.2	1363.2	1068.8	1347.2	1145.6	1360	864
80	0	0	886.4	1139.2	1555.2	1209.6	1408	1145.6	1344	899.2
81	0	0	1094.4	1222.4	1542.4	1129.6	1683.2	1411.2	1171.2	819.2
82	0	0	883.2	1372.8	1417.6	1110.4	1459.2	1161.6	1136	1027.2
83	0	0	1382.4	1280	1161.6	1068.8	1584	1193.6	1337.6	883.2
84	0	0	956.8	1187.2	1379.2	1244.8	1417.6	1392	1385.6	742.4
85	0	0	1177.6	1072	1072	1628.8	1193.6	1056	1267.2	1232
86	0	0	940.8	1651.2	1264	1209.6	1337.6	944	1084.8	982.4
87	0	0	803.2	1062.4	1440	1187.2	1267.2	1100.8	1302.4	784
88	0	0	608	1318.4	1145.6	1392	1004.8	1324.8	1500.8	908.8
89	0	0	1132.8	1168	1129.6	1337.6	1113.6	1340.8	1116.8	915.2
90	0	0	1036.8	1097.6	1488	1036.8	844.8	1033.6	1244.8	899.2
(1,0)	(2,13141)	(3,0)	(4,0)	
(1,0)	(2,2843)	(3,656)	(4,60)	
(1,0)	(2,2834)	(3,619)	(4,76)	
(1,0)	(2,0)	(3,0)	(4,0)	
(1,0)	(2,0)	(3,0)	(4,0)	
(1,0)	(2,0)	(3,0)	(4,0)	
(1,0)	(2,0)	(3,0)	(4,0)	
(1,0)	(2,0)	(3,0)	(4,0)	
(1,0)	(2,0)	(3,0)	(4,0)	
(1,0)	(2,0)	(3,0)	(4,0)	
(1,0)	(2,0)	(3,0)	(4,0)	
avg	0	0	947.2	1215.47	1306.88	1259.41	1294.61	1260.05	1287.57	958.933
delay	0.0519481	0.057971	572.152	591.356	565.155	566.527	553.447	555.558	556.912	584.998
loss	0	0	0.812325	0.438247	0.619522	0.378132	0.659562	0.635162	0.643484	0.648188
Command ['/home/ubuntu/ns-3.30-obss/build/scratch/simple-ofdma-adhoc6', '--ofdmaEnabled=true', '--startTime=60', '--totalTime=90', '--packetSize=4e3', '--dataMode=HeMcs5', '--datarate=40e6', '--ratio=0.375', '--RngRun=11', '--locationFile=locationtxt/locationFile24.txt', '--routingFile=locationtxt/routingFile24.txt', '--appFile=locationtxt/appFile.txt', '--tcp=0', '--randomTime=true', '--qosDisabled=true'] terminated with signal SIGSEGV. Run it under a debugger to get more information (./waf --run <program> --command-template="gdb --args %s <args>").
