Waf: Entering directory `/home/ubuntu/ns-3.30-obss/build'
Waf: Leaving directory `/home/ubuntu/ns-3.30-obss/build'
Build commands will be stored in build/compile_commands.json
'build' finished successfully (0.410s)
--------------------------Rate[Kbps]--------------------------
Time[s]	cl-1	cl-2	cl-3	cl-4	cl-5	cl-6	cl-7	cl-8	cl-9	cl-10
60	14.2	14.6	17	15	18.4	12.8	15.8	15.8	14.8	16.8
61	0	0	1148.8	1552	1417.6	1440	1334.4	1728	1667.2	1184
62	0	0	1363.2	1449.6	1545.6	2259.2	1187.2	1222.4	1699.2	1411.2
63	0	0	1315.2	1555.2	1584	1587.2	1196.8	1593.6	1366.4	1225.6
64	0	0	1443.2	1683.2	1244.8	1158.4	1401.6	1894.4	1500.8	1318.4
65	0	0	1046.4	1440	1712	1302.4	1673.6	1049.6	1129.6	1219.2
66	0	0	1116.8	1129.6	1769.6	1238.4	1260.8	1552	1379.2	1459.2
67	0	0	812.8	1305.6	1296	1520	1360	1827.2	1801.6	1091.2
68	0	0	1164.8	1120	1312	1360	1555.2	1440	1520	1683.2
69	0	0	1750.4	1328	1056	1740.8	1043.2	1136	1513.6	1868.8
70	0	0	1036.8	1507.2	1513.6	1408	1363.2	2057.6	1340.8	1635.2
71	0	0	1360	1116.8	1302.4	1593.6	1513.6	1446.4	1651.2	928
72	0	0	1232	1436.8	1238.4	1238.4	1868.8	1276.8	1401.6	1331.2
73	0	0	1164.8	1318.4	1264	1174.4	1612.8	1603.2	1126.4	1020.8
74	0	0	851.2	1545.6	1353.6	1379.2	1420.8	1356.8	1392	1430.4
75	0	0	1225.6	1542.4	1539.2	1363.2	1321.6	1667.2	1577.6	1120
76	0	0	1030.4	1270.4	1398.4	995.2	1254.4	1785.6	1379.2	1100.8
77	0	0	1222.4	1472	1689.6	1248	1523.2	1475.2	1161.6	1212.8
78	0	0	1395.2	1190.4	1465.6	1337.6	1411.2	1484.8	1654.4	1491.2
79	0	0	1033.6	1161.6	1523.2	1395.2	1340.8	1449.6	1510.4	1280
80	0	0	1049.6	1228.8	1100.8	1446.4	1379.2	1184	1232	1244.8
81	0	0	1216	1728	1443.2	1443.2	1468.8	1516.8	1235.2	1148.8
82	0	0	1276.8	1251.2	1340.8	1091.2	1705.6	1097.6	1520	1436.8
83	0	0	1152	1315.2	1750.4	1232	1075.2	1228.8	1219.2	1235.2
84	0	0	1427.2	1664	1433.6	1251.2	1241.6	1193.6	1305.6	1475.2
85	0	0	790.4	1795.2	1456	1472	1475.2	1574.4	1024	1574.4
86	0	0	873.6	1081.6	1347.2	1500.8	1657.6	1353.6	1392	1484.8
87	0	0	1104	1264	1353.6	1398.4	1632	1369.6	1315.2	1283.2
88	0	0	1107.2	1276.8	1337.6	1596.8	1244.8	1174.4	969.6	1017.6
89	0	0	1123.2	1504	1779.2	1462.4	1568	1520	1302.4	729.6
90	0	0	1443.2	1398.4	1382.4	1644.8	1267.2	1664	1225.6	1164.8
(1,0)	(2,13178)	(3,0)	(4,0)	
(1,0)	(2,2937)	(3,829)	(4,103)	
(1,0)	(2,2809)	(3,768)	(4,71)	
(1,0)	(2,0)	(3,0)	(4,0)	
(1,0)	(2,0)	(3,0)	(4,0)	
(1,0)	(2,0)	(3,0)	(4,0)	
(1,0)	(2,0)	(3,0)	(4,0)	
(1,0)	(2,0)	(3,0)	(4,0)	
(1,0)	(2,0)	(3,0)	(4,0)	
(1,0)	(2,0)	(3,0)	(4,0)	
(1,0)	(2,0)	(3,0)	(4,0)	
avg	0	0	1175.89	1387.73	1431.68	1409.28	1411.95	1464.11	1383.79	1293.55
delay	0.056338	0.0547945	511.164	487.781	505.251	487.61	504.624	502.565	487.359	511.593
loss	0	0	0.11789	0.0475578	0.258416	0.0416171	0.128179	0.260826	0.0433815	0.276407
Command ['/home/ubuntu/ns-3.30-obss/build/scratch/simple-ofdma-adhoc6', '--ofdmaEnabled=true', '--startTime=60', '--totalTime=90', '--packetSize=4e3', '--dataMode=HeMcs5', '--datarate=30e6', '--ratio=0.375', '--RngRun=26', '--locationFile=locationtxt/locationFile24.txt', '--routingFile=locationtxt/routingFile24.txt', '--appFile=locationtxt/appFile.txt', '--tcp=0', '--randomTime=true', '--qosDisabled=true'] terminated with signal SIGSEGV. Run it under a debugger to get more information (./waf --run <program> --command-template="gdb --args %s <args>").
