Waf: Entering directory `/home/ubuntu/ns-3.30-obss/build'
Waf: Leaving directory `/home/ubuntu/ns-3.30-obss/build'
Build commands will be stored in build/compile_commands.json
'build' finished successfully (0.782s)
--------------------------Rate[Kbps]--------------------------
Time[s]	cl-1	cl-2	cl-3	cl-4	cl-5	cl-6	cl-7	cl-8	cl-9	cl-10
60	14	18.2	15.2	15.4	14	14	15.8	16.2	15.2	15
61	0	0	540.8	678.4	508.8	361.6	697.6	483.2	582.4	531.2
62	0	0	640	604.8	547.2	860.8	582.4	592	588.8	518.4
63	0	0	572.8	499.2	656	579.2	604.8	422.4	512	694.4
64	0	0	518.4	681.6	524.8	576	761.6	579.2	499.2	563.2
65	0	0	857.6	678.4	707.2	499.2	374.4	579.2	688	518.4
66	0	0	710.4	694.4	854.4	537.6	476.8	665.6	624	620.8
67	0	0	460.8	732.8	694.4	656	582.4	777.6	556.8	652.8
68	0	0	684.8	678.4	528	668.8	601.6	547.2	643.2	748.8
69	0	0	652.8	720	668.8	563.2	614.4	716.8	614.4	508.8
70	0	0	646.4	646.4	560	697.6	608	748.8	812.8	787.2
71	0	0	675.2	668.8	588.8	579.2	780.8	649.6	704	595.2
72	0	0	640	630.4	668.8	486.4	425.6	544	608	499.2
73	0	0	633.6	419.2	633.6	454.4	694.4	588.8	588.8	473.6
74	0	0	566.4	803.2	553.6	483.2	576	662.4	646.4	489.6
75	0	0	793.6	620.8	390.4	521.6	614.4	729.6	678.4	620.8
76	0	0	630.4	713.6	608	800	716.8	480	550.4	496
77	0	0	668.8	713.6	512	675.2	422.4	668.8	604.8	828.8
78	0	0	812.8	732.8	841.6	649.6	544	614.4	579.2	592
79	0	0	729.6	550.4	547.2	803.2	640	633.6	633.6	585.6
80	0	0	460.8	678.4	518.4	617.6	489.6	499.2	659.2	774.4
81	0	0	531.2	550.4	851.2	521.6	771.2	707.2	534.4	640
82	0	0	624	544	563.2	771.2	608	560	598.4	716.8
83	0	0	374.4	614.4	608	604.8	681.6	774.4	681.6	524.8
84	0	0	755.2	441.6	582.4	585.6	764.8	435.2	556.8	774.4
85	0	0	512	620.8	569.6	732.8	544	844.8	668.8	630.4
86	0	0	768	809.6	649.6	675.2	745.6	550.4	550.4	768
87	0	0	611.2	601.6	544	569.6	656	774.4	560	707.2
88	0	0	579.2	502.4	790.4	460.8	569.6	668.8	524.8	640
89	0	0	652.8	716.8	540.8	451.2	889.6	934.4	665.6	585.6
90	0	0	694.4	604.8	457.6	563.2	515.2	640	636.8	489.6
(1,0)	(2,556)	(3,0)	(4,0)	
(1,0)	(2,249)	(3,5)	(4,0)	
(1,0)	(2,265)	(3,10)	(4,0)	
(1,0)	(2,0)	(3,0)	(4,0)	
(1,0)	(2,0)	(3,0)	(4,0)	
(1,0)	(2,0)	(3,0)	(4,0)	
(1,0)	(2,0)	(3,0)	(4,0)	
(1,0)	(2,0)	(3,0)	(4,0)	
(1,0)	(2,0)	(3,0)	(4,0)	
(1,0)	(2,0)	(3,0)	(4,0)	
(1,0)	(2,0)	(3,0)	(4,0)	
avg	0	0	633.28	638.4	608.96	600.213	618.453	635.733	611.733	619.2
delay	0.0571429	0.0549451	1.38968	2.58287	1.05776	1.0981	1.04605	1.10357	0.938983	2.74785
loss	0	0	0	0	0	0	0	0	0	0
Command ['/home/ubuntu/ns-3.30-obss/build/scratch/simple-ofdma-adhoc6', '--ofdmaEnabled=true', '--startTime=60', '--totalTime=90', '--packetSize=4e3', '--dataMode=HeMcs5', '--datarate=10e6', '--ratio=0.375', '--RngRun=37', '--locationFile=locationtxt/locationFile24.txt', '--routingFile=locationtxt/routingFile24.txt', '--appFile=locationtxt/appFile.txt', '--tcp=0', '--randomTime=true', '--qosDisabled=true'] terminated with signal SIGSEGV. Run it under a debugger to get more information (./waf --run <program> --command-template="gdb --args %s <args>").
