Waf: Entering directory `/home/ubuntu/ns-3.30-obss/build'
Waf: Leaving directory `/home/ubuntu/ns-3.30-obss/build'
Build commands will be stored in build/compile_commands.json
'build' finished successfully (0.764s)
--------------------------Rate[Kbps]--------------------------
Time[s]	cl-1	cl-2	cl-3	cl-4	cl-5	cl-6	cl-7	cl-8	cl-9	cl-10
60	14.2	17.4	14.4	11.4	18.8	13.6	12.6	12.6	14.4	14.8
61	0	0	979.2	1136	838.4	1046.4	604.8	892.8	1104	1001.6
62	0	0	483.2	883.2	1107.2	1136	902.4	1059.2	873.6	569.6
63	0	0	838.4	1024	630.4	793.6	508.8	822.4	947.2	627.2
64	0	0	518.4	592	678.4	947.2	697.6	1020.8	787.2	524.8
65	0	0	486.4	691.2	764.8	803.2	876.8	864	518.4	665.6
66	0	0	700.8	780.8	566.4	598.4	819.2	528	812.8	560
67	0	0	617.6	688	832	620.8	633.6	774.4	704	688
68	0	0	537.6	924.8	963.2	723.2	793.6	870.4	796.8	793.6
69	0	0	892.8	774.4	694.4	614.4	697.6	611.2	665.6	668.8
70	0	0	768	755.2	758.4	681.6	700.8	675.2	707.2	684.8
71	0	0	758.4	694.4	787.2	816	704	601.6	800	985.6
72	0	0	518.4	592	982.4	1004.8	675.2	825.6	662.4	764.8
73	0	0	944	844.8	707.2	838.4	822.4	729.6	608	1024
74	0	0	908.8	768	492.8	531.2	1091.2	627.2	540.8	921.6
75	0	0	745.6	937.6	758.4	972.8	867.2	656	982.4	566.4
76	0	0	537.6	876.8	905.6	860.8	806.4	838.4	864	646.4
77	0	0	777.6	435.2	691.2	806.4	748.8	745.6	908.8	697.6
78	0	0	899.2	771.2	953.6	995.2	540.8	438.4	592	691.2
79	0	0	675.2	412.8	617.6	1072	761.6	704	697.6	768
80	0	0	800	880	838.4	1024	534.4	678.4	790.4	1014.4
81	0	0	537.6	771.2	1100.8	713.6	752	816	758.4	883.2
82	0	0	678.4	854.4	1024	720	604.8	540.8	736	803.2
83	0	0	675.2	550.4	1068.8	851.2	662.4	652.8	825.6	681.6
84	0	0	659.2	476.8	963.2	947.2	566.4	755.2	1097.6	700.8
85	0	0	908.8	649.6	710.4	844.8	851.2	566.4	672	1046.4
86	0	0	646.4	732.8	944	464	742.4	688	512	1187.2
87	0	0	630.4	841.6	659.2	844.8	956.8	624	684.8	665.6
88	0	0	732.8	761.6	764.8	761.6	832	1049.6	918.4	726.4
89	0	0	742.4	1097.6	652.8	1059.2	742.4	752	979.2	611.2
90	0	0	758.4	646.4	419.2	633.6	854.4	1049.6	883.2	633.6
(1,0)	(2,8585)	(3,0)	(4,0)	
(1,0)	(2,1832)	(3,596)	(4,57)	
(1,0)	(2,1738)	(3,486)	(4,68)	
(1,0)	(2,0)	(3,0)	(4,0)	
(1,0)	(2,0)	(3,0)	(4,0)	
(1,0)	(2,0)	(3,0)	(4,0)	
(1,0)	(2,0)	(3,0)	(4,0)	
(1,0)	(2,0)	(3,0)	(4,0)	
(1,0)	(2,0)	(3,0)	(4,0)	
(1,0)	(2,0)	(3,0)	(4,0)	
(1,0)	(2,0)	(3,0)	(4,0)	
avg	0	0	711.893	761.493	795.84	824.213	745.067	748.587	781.013	760.107
delay	0.0704225	0.0689655	512.99	509.127	511.786	502.59	499.152	491.894	475.5	497.435
loss	0	0	0.570579	0.1925	0.221636	0.216374	0.223859	0.232687	0.54559	0.222734
Command ['/home/ubuntu/ns-3.30-obss/build/scratch/simple-ofdma-adhoc6', '--ofdmaEnabled=true', '--startTime=60', '--totalTime=90', '--packetSize=4e3', '--dataMode=HeMcs3', '--datarate=25e6', '--ratio=0.375', '--RngRun=8', '--locationFile=locationtxt/locationFile24.txt', '--routingFile=locationtxt/routingFile24.txt', '--appFile=locationtxt/appFile.txt', '--tcp=0', '--randomTime=true', '--qosDisabled=true'] terminated with signal SIGSEGV. Run it under a debugger to get more information (./waf --run <program> --command-template="gdb --args %s <args>").
