Waf: Entering directory `/home/ubuntu/ns-3.30-obss/build'
Waf: Leaving directory `/home/ubuntu/ns-3.30-obss/build'
Build commands will be stored in build/compile_commands.json
'build' finished successfully (1.110s)
--------------------------Rate[Kbps]--------------------------
Time[s]	cl-1	cl-2	cl-3	cl-4	cl-5	cl-6	cl-7	cl-8	cl-9	cl-10
60	13.2	13	13.6	12.4	12.8	15.8	17.8	16.6	14.2	15
61	0	0	1084.8	611.2	966.4	608	963.2	995.2	921.6	806.4
62	0	0	1081.6	793.6	1222.4	809.6	944	1024	1078.4	908.8
63	0	0	867.2	985.6	956.8	1065.6	1017.6	832	1180.8	972.8
64	0	0	1091.2	822.4	809.6	771.2	1193.6	1072	1177.6	857.6
65	0	0	838.4	1024	1235.2	963.2	816	780.8	876.8	739.2
66	0	0	883.2	739.2	848	1164.8	1206.4	976	889.6	876.8
67	0	0	992	867.2	908.8	915.2	969.6	864	732.8	1142.4
68	0	0	921.6	1043.2	880	902.4	752	844.8	998.4	1084.8
69	0	0	1004.8	736	1004.8	992	800	960	995.2	1088
70	0	0	800	822.4	1001.6	886.4	1139.2	1120	1075.2	998.4
71	0	0	892.8	1148.8	697.6	732.8	867.2	1257.6	592	1126.4
72	0	0	848	1059.2	1052.8	899.2	889.6	1062.4	560	918.4
73	0	0	982.4	1059.2	841.6	1001.6	1014.4	905.6	1043.2	835.2
74	0	0	835.2	694.4	1129.6	1052.8	736	851.2	1020.8	956.8
75	0	0	732.8	582.4	864	611.2	976	950.4	937.6	1158.4
76	0	0	1014.4	1120	992	1004.8	1033.6	985.6	1033.6	944
77	0	0	832	867.2	851.2	963.2	1072	835.2	953.6	985.6
78	0	0	1200	784	1299.2	806.4	857.6	896	940.8	1065.6
79	0	0	992	595.2	1232	1049.6	1062.4	854.4	988.8	1033.6
80	0	0	899.2	873.6	1014.4	886.4	1097.6	1008	1008	1126.4
81	0	0	1196.8	668.8	1004.8	979.2	1027.2	1008	867.2	1145.6
82	0	0	1283.2	819.2	1097.6	832	1052.8	1065.6	665.6	928
83	0	0	1040	1110.4	899.2	998.4	832	940.8	992	1081.6
84	0	0	972.8	726.4	832	1097.6	1033.6	1008	838.4	953.6
85	0	0	819.2	915.2	931.2	950.4	928	956.8	1372.8	985.6
86	0	0	748.8	588.8	937.6	688	889.6	710.4	889.6	1030.4
87	0	0	902.4	1059.2	1174.4	627.2	816	899.2	1369.6	726.4
88	0	0	1091.2	966.4	1174.4	976	876.8	1068.8	886.4	694.4
89	0	0	675.2	768	972.8	761.6	809.6	1420.8	918.4	931.2
90	0	0	899.2	633.6	624	1062.4	1088	1200	803.2	681.6
(1,0)	(2,7224)	(3,0)	(4,0)	
(1,0)	(2,1521)	(3,373)	(4,60)	
(1,0)	(2,1506)	(3,382)	(4,42)	
(1,0)	(2,0)	(3,0)	(4,0)	
(1,0)	(2,0)	(3,0)	(4,0)	
(1,0)	(2,0)	(3,0)	(4,0)	
(1,0)	(2,0)	(3,0)	(4,0)	
(1,0)	(2,0)	(3,0)	(4,0)	
(1,0)	(2,0)	(3,0)	(4,0)	
(1,0)	(2,0)	(3,0)	(4,0)	
(1,0)	(2,0)	(3,0)	(4,0)	
avg	0	0	947.413	849.493	981.867	901.973	958.72	978.453	953.6	959.467
delay	0.0909091	0.0615385	61.6543	58.3916	61.7463	62.2122	53.4227	54.7451	54.2283	61.4536
loss	0	0	0.00231481	0	0	0.00380952	0	0	0	0.00362976
Command ['/home/ubuntu/ns-3.30-obss/build/scratch/simple-ofdma-adhoc6', '--ofdmaEnabled=true', '--startTime=60', '--totalTime=90', '--packetSize=4e3', '--dataMode=HeMcs3', '--datarate=15e6', '--ratio=0.375', '--RngRun=47', '--locationFile=locationtxt/locationFile24.txt', '--routingFile=locationtxt/routingFile24.txt', '--appFile=locationtxt/appFile.txt', '--tcp=0', '--randomTime=true', '--qosDisabled=true'] terminated with signal SIGSEGV. Run it under a debugger to get more information (./waf --run <program> --command-template="gdb --args %s <args>").
