Waf: Entering directory `/home/ubuntu/ns-3.30-obss/build'
Waf: Leaving directory `/home/ubuntu/ns-3.30-obss/build'
Build commands will be stored in build/compile_commands.json
'build' finished successfully (0.784s)
--------------------------Rate[Kbps]--------------------------
Time[s]	cl-1	cl-2	cl-3	cl-4	cl-5	cl-6	cl-7	cl-8	cl-9	cl-10
60	13.8	16.2	16.6	16.4	14.6	13.6	12.6	15.4	13.4	12.2
61	0	0	732.8	1040	937.6	822.4	700.8	828.8	851.2	812.8
62	0	0	643.2	886.4	992	934.4	1078.4	806.4	723.2	992
63	0	0	1203.2	998.4	1059.2	896	828.8	547.2	896	912
64	0	0	947.2	956.8	998.4	876.8	1084.8	1142.4	982.4	915.2
65	0	0	1072	806.4	860.8	1040	979.2	1203.2	803.2	1020.8
66	0	0	1043.2	928	822.4	969.6	1097.6	985.6	864	1052.8
67	0	0	988.8	1094.4	841.6	755.2	992	1292.8	848	912
68	0	0	921.6	873.6	947.2	822.4	748.8	1161.6	963.2	969.6
69	0	0	736	889.6	1065.6	1161.6	1299.2	944	985.6	899.2
70	0	0	1059.2	982.4	873.6	1123.2	867.2	688	745.6	966.4
71	0	0	880	761.6	790.4	931.2	1040	774.4	1120	700.8
72	0	0	908.8	601.6	880	985.6	921.6	1200	963.2	1011.2
73	0	0	1257.6	972.8	915.2	780.8	704	966.4	1110.4	947.2
74	0	0	1094.4	918.4	784	1110.4	899.2	1072	1158.4	604.8
75	0	0	537.6	694.4	864	1222.4	665.6	992	515.2	1126.4
76	0	0	854.4	819.2	867.2	1078.4	851.2	896	688	1046.4
77	0	0	825.6	998.4	812.8	736	1129.6	793.6	963.2	774.4
78	0	0	771.2	1084.8	1225.6	1100.8	793.6	720	918.4	1180.8
79	0	0	1206.4	1011.2	723.2	710.4	1148.8	1011.2	1161.6	908.8
80	0	0	1065.6	899.2	982.4	953.6	1116.8	819.2	1158.4	972.8
81	0	0	800	1030.4	771.2	1107.2	1036.8	924.8	912	995.2
82	0	0	998.4	1107.2	1033.6	1040	720	902.4	768	768
83	0	0	649.6	857.6	1132.8	876.8	1072	1040	828.8	1244.8
84	0	0	752	659.2	912	742.4	1078.4	822.4	982.4	969.6
85	0	0	912	803.2	870.4	956.8	1203.2	1097.6	908.8	640
86	0	0	732.8	982.4	976	748.8	1177.6	940.8	966.4	700.8
87	0	0	934.4	1164.8	867.2	857.6	1200	1020.8	1136	828.8
88	0	0	905.6	1088	924.8	1056	1225.6	822.4	752	934.4
89	0	0	828.8	1104	1129.6	934.4	912	1158.4	796.8	902.4
90	0	0	908.8	998.4	812.8	851.2	790.4	924.8	681.6	1180.8
(1,0)	(2,7145)	(3,0)	(4,0)	
(1,0)	(2,1563)	(3,370)	(4,64)	
(1,0)	(2,1500)	(3,380)	(4,35)	
(1,0)	(2,0)	(3,0)	(4,0)	
(1,0)	(2,0)	(3,0)	(4,0)	
(1,0)	(2,0)	(3,0)	(4,0)	
(1,0)	(2,0)	(3,0)	(4,0)	
(1,0)	(2,0)	(3,0)	(4,0)	
(1,0)	(2,0)	(3,0)	(4,0)	
(1,0)	(2,0)	(3,0)	(4,0)	
(1,0)	(2,0)	(3,0)	(4,0)	
avg	0	0	905.707	933.76	922.453	939.413	978.773	949.973	905.067	929.707
delay	0.0724638	0.0740741	44.3052	46.8554	46.6262	43.2207	45.7834	48.3114	43.4074	48.9543
loss	0	0	0.00227273	0.00197628	0.00198413	0.0046729	0.0018018	0	0	0.00190114
Command ['/home/ubuntu/ns-3.30-obss/build/scratch/simple-ofdma-adhoc6', '--ofdmaEnabled=true', '--startTime=60', '--totalTime=90', '--packetSize=4e3', '--dataMode=HeMcs3', '--datarate=15e6', '--ratio=0.375', '--RngRun=18', '--locationFile=locationtxt/locationFile24.txt', '--routingFile=locationtxt/routingFile24.txt', '--appFile=locationtxt/appFile.txt', '--tcp=0', '--randomTime=true', '--qosDisabled=true'] terminated with signal SIGSEGV. Run it under a debugger to get more information (./waf --run <program> --command-template="gdb --args %s <args>").
