Waf: Entering directory `/home/ubuntu/ns-3.30-obss/build'
Waf: Leaving directory `/home/ubuntu/ns-3.30-obss/build'
Build commands will be stored in build/compile_commands.json
'build' finished successfully (0.793s)
--------------------------Rate[Kbps]--------------------------
Time[s]	cl-1	cl-2	cl-3	cl-4	cl-5	cl-6	cl-7	cl-8	cl-9	cl-10
60	13.8	16.8	16.4	16	16.4	14.8	16	14.4	17.8	15
61	0	0	825.6	793.6	944	768	736	905.6	915.2	1110.4
62	0	0	723.2	1043.2	803.2	1168	774.4	1024	1033.6	857.6
63	0	0	1078.4	819.2	899.2	995.2	1056	803.2	838.4	1052.8
64	0	0	768	896	1110.4	979.2	988.8	976	1104	851.2
65	0	0	716.8	889.6	976	1062.4	710.4	761.6	592	1059.2
66	0	0	880	960	953.6	934.4	816	1123.2	1344	806.4
67	0	0	1001.6	1020.8	915.2	953.6	924.8	828.8	1065.6	880
68	0	0	1299.2	803.2	729.6	1113.6	944	921.6	880	806.4
69	0	0	924.8	1059.2	736	934.4	928	611.2	934.4	832
70	0	0	1049.6	924.8	956.8	1120	928	540.8	704	1104
71	0	0	713.6	1049.6	732.8	940.8	1004.8	908.8	908.8	976
72	0	0	835.2	777.6	1040	1075.2	1219.2	1190.4	883.2	1059.2
73	0	0	1020.8	1033.6	988.8	768	947.2	953.6	726.4	1084.8
74	0	0	726.4	1001.6	835.2	1158.4	1088	774.4	1078.4	844.8
75	0	0	1097.6	758.4	960	915.2	816	867.2	1030.4	956.8
76	0	0	963.2	998.4	1088	1056	867.2	1014.4	937.6	931.2
77	0	0	880	1385.6	982.4	1155.2	883.2	892.8	934.4	860.8
78	0	0	921.6	704	1120	857.6	956.8	800	1072	1097.6
79	0	0	832	1014.4	873.6	736	844.8	1244.8	736	982.4
80	0	0	1036.8	950.4	931.2	752	960	1289.6	966.4	928
81	0	0	944	937.6	774.4	1049.6	796.8	1110.4	1081.6	1264
82	0	0	934.4	761.6	1299.2	1043.2	976	947.2	1084.8	758.4
83	0	0	976	1078.4	1283.2	812.8	944	1024	873.6	928
84	0	0	1075.2	1081.6	899.2	825.6	796.8	1043.2	1254.4	828.8
85	0	0	1001.6	1084.8	841.6	649.6	880	982.4	950.4	1212.8
86	0	0	1059.2	1008	876.8	1065.6	688	1020.8	1001.6	1094.4
87	0	0	979.2	1004.8	777.6	832	940.8	1027.2	1219.2	752
88	0	0	809.6	758.4	1046.4	950.4	947.2	937.6	982.4	1212.8
89	0	0	1104	755.2	822.4	1033.6	1228.8	1148.8	886.4	832
90	0	0	1148.8	940.8	1088	819.2	1350.4	902.4	716.8	704
(1,0)	(2,7703)	(3,0)	(4,0)	
(1,0)	(2,1682)	(3,451)	(4,66)	
(1,0)	(2,1643)	(3,370)	(4,42)	
(1,0)	(2,0)	(3,0)	(4,0)	
(1,0)	(2,0)	(3,0)	(4,0)	
(1,0)	(2,0)	(3,0)	(4,0)	
(1,0)	(2,0)	(3,0)	(4,0)	
(1,0)	(2,0)	(3,0)	(4,0)	
(1,0)	(2,0)	(3,0)	(4,0)	
(1,0)	(2,0)	(3,0)	(4,0)	
(1,0)	(2,0)	(3,0)	(4,0)	
avg	0	0	944.213	943.147	942.827	950.827	931.413	952.533	957.867	955.627
delay	0.0724638	0.0714286	91.583	85.0643	92.1614	85.8685	88.2893	93.1095	83.4779	81.6083
loss	0	0	0.00184162	0	0.00187266	0.00369004	0	0.00182149	0.00184162	0.00458716
Command ['/home/ubuntu/ns-3.30-obss/build/scratch/simple-ofdma-adhoc6', '--ofdmaEnabled=true', '--startTime=60', '--totalTime=90', '--packetSize=4e3', '--dataMode=HeMcs3', '--datarate=15e6', '--ratio=0.375', '--RngRun=33', '--locationFile=locationtxt/locationFile24.txt', '--routingFile=locationtxt/routingFile24.txt', '--appFile=locationtxt/appFile.txt', '--tcp=0', '--randomTime=true', '--qosDisabled=true'] terminated with signal SIGSEGV. Run it under a debugger to get more information (./waf --run <program> --command-template="gdb --args %s <args>").
