Waf: Entering directory `/home/ubuntu/ns-3.30-obss/build'
Waf: Leaving directory `/home/ubuntu/ns-3.30-obss/build'
Build commands will be stored in build/compile_commands.json
'build' finished successfully (1.079s)
--------------------------Rate[Kbps]--------------------------
Time[s]	cl-1	cl-2	cl-3	cl-4	cl-5	cl-6	cl-7	cl-8	cl-9	cl-10
60	12.2	16.6	11.4	16.6	14	13.8	13	14.6	16.8	15.4
61	0	0	803.2	1142.4	780.8	886.4	662.4	774.4	921.6	1174.4
62	0	0	723.2	1196.8	1011.2	777.6	716.8	1228.8	1257.6	1004.8
63	0	0	867.2	803.2	1100.8	912	908.8	643.2	1116.8	1062.4
64	0	0	771.2	774.4	966.4	1036.8	576	1011.2	1068.8	668.8
65	0	0	736	780.8	886.4	704	515.2	1139.2	918.4	838.4
66	0	0	825.6	835.2	1097.6	912	1104	793.6	656	700.8
67	0	0	1078.4	921.6	579.2	838.4	915.2	1033.6	630.4	720
68	0	0	1107.2	569.6	489.6	1052.8	630.4	803.2	1091.2	899.2
69	0	0	1100.8	844.8	713.6	1200	790.4	883.2	774.4	720
70	0	0	1049.6	928	934.4	822.4	739.2	838.4	796.8	918.4
71	0	0	985.6	867.2	780.8	841.6	1129.6	771.2	796.8	835.2
72	0	0	822.4	867.2	905.6	672	604.8	969.6	988.8	1244.8
73	0	0	601.6	950.4	918.4	870.4	899.2	867.2	675.2	1033.6
74	0	0	960	886.4	1056	1017.6	524.8	732.8	512	809.6
75	0	0	1075.2	841.6	905.6	438.4	828.8	908.8	672	1043.2
76	0	0	918.4	592	915.2	931.2	761.6	924.8	876.8	688
77	0	0	1072	950.4	739.2	963.2	928	924.8	816	793.6
78	0	0	691.2	892.8	736	1174.4	912	976	652.8	739.2
79	0	0	544	1056	864	918.4	1065.6	598.4	899.2	1084.8
80	0	0	944	928	745.6	860.8	729.6	841.6	915.2	864
81	0	0	1219.2	812.8	604.8	649.6	624	915.2	992	1094.4
82	0	0	828.8	1200	1075.2	681.6	908.8	790.4	1283.2	793.6
83	0	0	700.8	1164.8	812.8	844.8	726.4	745.6	1040	857.6
84	0	0	931.2	921.6	796.8	963.2	1004.8	892.8	806.4	963.2
85	0	0	713.6	553.6	1017.6	1497.6	758.4	560	1222.4	352
86	0	0	889.6	809.6	908.8	787.2	1139.2	758.4	985.6	1171.2
87	0	0	572.8	918.4	873.6	755.2	1113.6	742.4	729.6	1011.2
88	0	0	1011.2	1196.8	672	1081.6	1113.6	790.4	550.4	790.4
89	0	0	614.4	713.6	652.8	729.6	742.4	1094.4	988.8	921.6
90	0	0	1072	940.8	1088	812.8	844.8	771.2	784	934.4
(1,0)	(2,8498)	(3,0)	(4,0)	
(1,0)	(2,1751)	(3,457)	(4,52)	
(1,0)	(2,1792)	(3,427)	(4,52)	
(1,0)	(2,0)	(3,0)	(4,0)	
(1,0)	(2,0)	(3,0)	(4,0)	
(1,0)	(2,0)	(3,0)	(4,0)	
(1,0)	(2,0)	(3,0)	(4,0)	
(1,0)	(2,0)	(3,0)	(4,0)	
(1,0)	(2,0)	(3,0)	(4,0)	
(1,0)	(2,0)	(3,0)	(4,0)	
(1,0)	(2,0)	(3,0)	(4,0)	
avg	0	0	874.347	895.36	854.293	887.787	830.613	857.493	880.64	891.093
delay	0.0655738	0.0722892	495.446	478.615	493.114	490.315	492.474	486.838	487.332	494.441
loss	0	0	0.135364	0.279365	0.103503	0.0972477	0.311475	0.321131	0.301533	0.108696
Command ['/home/ubuntu/ns-3.30-obss/build/scratch/simple-ofdma-adhoc6', '--ofdmaEnabled=true', '--startTime=60', '--totalTime=90', '--packetSize=4e3', '--dataMode=HeMcs3', '--datarate=20e6', '--ratio=0.375', '--RngRun=49', '--locationFile=locationtxt/locationFile24.txt', '--routingFile=locationtxt/routingFile24.txt', '--appFile=locationtxt/appFile.txt', '--tcp=0', '--randomTime=true', '--qosDisabled=true'] terminated with signal SIGSEGV. Run it under a debugger to get more information (./waf --run <program> --command-template="gdb --args %s <args>").
