Waf: Entering directory `/home/ubuntu/ns-3.30-obss/build'
Waf: Leaving directory `/home/ubuntu/ns-3.30-obss/build'
Build commands will be stored in build/compile_commands.json
'build' finished successfully (0.693s)
--------------------------Rate[Kbps]--------------------------
Time[s]	cl-1	cl-2	cl-3	cl-4	cl-5	cl-6	cl-7	cl-8	cl-9	cl-10
60	13.8	15.4	13.4	13.8	15.2	17.8	16.2	12.8	16.6	15.4
61	0	0	1049.6	886.4	454.4	1033.6	1184	748.8	771.2	886.4
62	0	0	518.4	624	985.6	832	921.6	899.2	672	790.4
63	0	0	537.6	620.8	860.8	627.2	707.2	720	873.6	438.4
64	0	0	457.6	624	566.4	915.2	752	800	710.4	432
65	0	0	412.8	473.6	854.4	694.4	713.6	694.4	697.6	649.6
66	0	0	374.4	617.6	809.6	668.8	566.4	710.4	886.4	537.6
67	0	0	457.6	499.2	656	608	649.6	796.8	633.6	355.2
68	0	0	451.2	809.6	761.6	572.8	643.2	512	793.6	496
69	0	0	784	563.2	627.2	624	771.2	572.8	636.8	470.4
70	0	0	502.4	643.2	800	752	630.4	483.2	748.8	406.4
71	0	0	601.6	588.8	662.4	617.6	819.2	598.4	672	409.6
72	0	0	464	422.4	540.8	755.2	819.2	640	620.8	448
73	0	0	464	883.2	796.8	428.8	662.4	841.6	844.8	374.4
74	0	0	563.2	720	627.2	585.6	777.6	726.4	681.6	451.2
75	0	0	467.2	531.2	528	732.8	723.2	723.2	684.8	492.8
76	0	0	409.6	700.8	604.8	515.2	422.4	924.8	720	489.6
77	0	0	524.8	694.4	860.8	713.6	620.8	624	864	496
78	0	0	534.4	809.6	662.4	752	544	745.6	771.2	486.4
79	0	0	400	601.6	544	768	646.4	940.8	774.4	544
80	0	0	502.4	691.2	656	764.8	668.8	867.2	566.4	451.2
81	0	0	585.6	492.8	614.4	803.2	620.8	678.4	864	675.2
82	0	0	476.8	624	755.2	556.8	678.4	560	700.8	681.6
83	0	0	496	950.4	707.2	896	784	726.4	768	438.4
84	0	0	428.8	726.4	630.4	604.8	633.6	707.2	697.6	524.8
85	0	0	576	608	755.2	739.2	704	729.6	659.2	531.2
86	0	0	643.2	761.6	668.8	515.2	492.8	617.6	752	467.2
87	0	0	566.4	528	652.8	681.6	547.2	601.6	665.6	534.4
88	0	0	508.8	592	547.2	614.4	806.4	592	793.6	438.4
89	0	0	313.6	723.2	585.6	697.6	451.2	764.8	921.6	476.8
90	0	0	480	486.4	675.2	758.4	604.8	723.2	374.4	617.6
(1,0)	(2,8738)	(3,0)	(4,0)	
(1,0)	(2,1884)	(3,572)	(4,80)	
(1,0)	(2,1765)	(3,429)	(4,69)	
(1,0)	(2,0)	(3,0)	(4,0)	
(1,0)	(2,0)	(3,0)	(4,0)	
(1,0)	(2,0)	(3,0)	(4,0)	
(1,0)	(2,0)	(3,0)	(4,0)	
(1,0)	(2,0)	(3,0)	(4,0)	
(1,0)	(2,0)	(3,0)	(4,0)	
(1,0)	(2,0)	(3,0)	(4,0)	
(1,0)	(2,0)	(3,0)	(4,0)	
avg	0	0	518.4	649.92	681.707	694.293	685.547	709.013	727.36	516.373
delay	0.0724638	0.0649351	582.991	576.039	583.684	578.256	583.812	574.38	576.823	669.694
loss	0	0	0.535319	0.843537	0.590023	0.851148	0.606084	0.566722	0.833219	0.743542
Command ['/home/ubuntu/ns-3.30-obss/build/scratch/simple-ofdma-adhoc6', '--ofdmaEnabled=true', '--startTime=60', '--totalTime=90', '--packetSize=4e3', '--dataMode=HeMcs3', '--datarate=40e6', '--ratio=0.375', '--RngRun=3', '--locationFile=locationtxt/locationFile24.txt', '--routingFile=locationtxt/routingFile24.txt', '--appFile=locationtxt/appFile.txt', '--tcp=0', '--randomTime=true', '--qosDisabled=true'] terminated with signal SIGSEGV. Run it under a debugger to get more information (./waf --run <program> --command-template="gdb --args %s <args>").
