Waf: Entering directory `/home/ubuntu/ns-3.30-obss/build'
Waf: Leaving directory `/home/ubuntu/ns-3.30-obss/build'
Build commands will be stored in build/compile_commands.json
'build' finished successfully (0.787s)
--------------------------Rate[Kbps]--------------------------
Time[s]	cl-1	cl-2	cl-3	cl-4	cl-5	cl-6	cl-7	cl-8	cl-9	cl-10
60	14.2	17.4	14.4	11.4	18.8	13.6	12.6	12.6	14.4	14.8
61	0	0	1184	918.4	627.2	1222.4	428.8	1001.6	873.6	1008
62	0	0	428.8	793.6	652.8	848	633.6	777.6	752	566.4
63	0	0	409.6	985.6	841.6	691.2	492.8	515.2	633.6	329.6
64	0	0	422.4	486.4	678.4	534.4	985.6	617.6	755.2	505.6
65	0	0	377.6	540.8	697.6	864	588.8	636.8	643.2	502.4
66	0	0	464	803.2	480	713.6	745.6	537.6	739.2	227.2
67	0	0	284.8	918.4	585.6	592	675.2	633.6	732.8	496
68	0	0	409.6	784	873.6	713.6	761.6	758.4	710.4	496
69	0	0	524.8	595.2	614.4	627.2	620.8	752	723.2	566.4
70	0	0	323.2	700.8	713.6	835.2	732.8	860.8	812.8	432
71	0	0	339.2	707.2	755.2	796.8	697.6	604.8	822.4	409.6
72	0	0	499.2	640	672	608	803.2	787.2	595.2	419.2
73	0	0	393.6	822.4	899.2	793.6	668.8	339.2	464	355.2
74	0	0	467.2	547.2	505.6	560	704	998.4	630.4	627.2
75	0	0	521.6	467.2	768	608	787.2	838.4	643.2	419.2
76	0	0	470.4	979.2	713.6	627.2	649.6	748.8	684.8	534.4
77	0	0	390.4	550.4	710.4	985.6	630.4	707.2	854.4	684.8
78	0	0	428.8	640	793.6	745.6	659.2	752	825.6	332.8
79	0	0	416	547.2	668.8	451.2	560	806.4	620.8	521.6
80	0	0	524.8	633.6	748.8	665.6	675.2	659.2	838.4	598.4
81	0	0	441.6	860.8	592	838.4	723.2	854.4	608	454.4
82	0	0	582.4	787.2	672	656	816	611.2	588.8	396.8
83	0	0	608	790.4	688	691.2	793.6	832	544	480
84	0	0	598.4	483.2	825.6	771.2	656	579.2	656	588.8
85	0	0	499.2	780.8	614.4	652.8	617.6	633.6	864	499.2
86	0	0	460.8	553.6	960	729.6	790.4	742.4	672	464
87	0	0	537.6	524.8	662.4	598.4	624	675.2	659.2	396.8
88	0	0	451.2	457.6	800	620.8	617.6	579.2	825.6	665.6
89	0	0	608	480	780.8	604.8	633.6	723.2	825.6	553.6
90	0	0	460.8	710.4	793.6	569.6	633.6	784	748.8	451.2
(1,0)	(2,8758)	(3,0)	(4,0)	
(1,0)	(2,1799)	(3,435)	(4,57)	
(1,0)	(2,1779)	(3,617)	(4,93)	
(1,0)	(2,0)	(3,0)	(4,0)	
(1,0)	(2,0)	(3,0)	(4,0)	
(1,0)	(2,0)	(3,0)	(4,0)	
(1,0)	(2,0)	(3,0)	(4,0)	
(1,0)	(2,0)	(3,0)	(4,0)	
(1,0)	(2,0)	(3,0)	(4,0)	
(1,0)	(2,0)	(3,0)	(4,0)	
(1,0)	(2,0)	(3,0)	(4,0)	
avg	0	0	484.267	682.987	712.96	707.2	680.213	711.573	711.573	499.413
delay	0.0704225	0.0689655	669.415	587.6	582.94	568.176	599.603	545.405	586.9	733.625
loss	0	0	0.918136	0.657471	0.586317	0.590483	0.546218	0.255898	0.827586	0.770833
Command ['/home/ubuntu/ns-3.30-obss/build/scratch/simple-ofdma-adhoc6', '--ofdmaEnabled=true', '--startTime=60', '--totalTime=90', '--packetSize=4e3', '--dataMode=HeMcs3', '--datarate=40e6', '--ratio=0.375', '--RngRun=8', '--locationFile=locationtxt/locationFile24.txt', '--routingFile=locationtxt/routingFile24.txt', '--appFile=locationtxt/appFile.txt', '--tcp=0', '--randomTime=true', '--qosDisabled=true'] terminated with signal SIGSEGV. Run it under a debugger to get more information (./waf --run <program> --command-template="gdb --args %s <args>").
