Waf: Entering directory `/home/ubuntu/ns-3.30-obss/build'
Waf: Leaving directory `/home/ubuntu/ns-3.30-obss/build'
Build commands will be stored in build/compile_commands.json
'build' finished successfully (0.883s)
--------------------------Rate[Kbps]--------------------------
Time[s]	cl-1	cl-2	cl-3	cl-4	cl-5	cl-6	cl-7	cl-8	cl-9	cl-10
60	12.6	15.4	15	13.8	12.6	15.4	14.8	13.2	13.6	13
61	0	0	531.2	636.8	720	960	1062.4	1033.6	969.6	851.2
62	0	0	995.2	924.8	681.6	1148.8	758.4	902.4	860.8	780.8
63	0	0	784	883.2	1123.2	924.8	745.6	1043.2	956.8	1113.6
64	0	0	918.4	902.4	876.8	739.2	940.8	675.2	764.8	950.4
65	0	0	800	940.8	1008	880	1030.4	1075.2	966.4	1036.8
66	0	0	835.2	953.6	755.2	889.6	688	1036.8	889.6	854.4
67	0	0	988.8	956.8	1152	694.4	1036.8	1027.2	892.8	902.4
68	0	0	1145.6	896	688	838.4	1020.8	1126.4	982.4	1116.8
69	0	0	1222.4	857.6	777.6	1030.4	1040	713.6	716.8	1145.6
70	0	0	780.8	844.8	1248	905.6	889.6	1126.4	1116.8	937.6
71	0	0	870.4	1091.2	854.4	1120	835.2	921.6	860.8	947.2
72	0	0	944	956.8	963.2	953.6	1043.2	1168	860.8	1043.2
73	0	0	988.8	1078.4	1120	796.8	1052.8	841.6	704	787.2
74	0	0	921.6	870.4	745.6	1062.4	1017.6	988.8	924.8	1340.8
75	0	0	969.6	892.8	915.2	864	892.8	588.8	905.6	825.6
76	0	0	1161.6	905.6	988.8	825.6	812.8	918.4	908.8	896
77	0	0	979.2	768	1254.4	828.8	896	720	1056	972.8
78	0	0	982.4	924.8	1036.8	1020.8	1244.8	921.6	918.4	787.2
79	0	0	896	1056	508.8	1158.4	752	896	1257.6	1094.4
80	0	0	940.8	985.6	1248	1040	956.8	889.6	803.2	1065.6
81	0	0	1014.4	1142.4	947.2	1078.4	1078.4	864	896	876.8
82	0	0	998.4	1004.8	1008	822.4	1100.8	1216	960	729.6
83	0	0	985.6	1056	1148.8	764.8	1107.2	902.4	905.6	960
84	0	0	1062.4	1033.6	838.4	844.8	812.8	992	1017.6	876.8
85	0	0	1158.4	803.2	905.6	1049.6	803.2	1142.4	627.2	1219.2
86	0	0	1091.2	934.4	1190.4	761.6	800	1152	572.8	896
87	0	0	713.6	1107.2	633.6	777.6	873.6	1196.8	1164.8	1036.8
88	0	0	902.4	896	726.4	937.6	969.6	1027.2	1024	1219.2
89	0	0	742.4	889.6	873.6	742.4	1273.6	729.6	1059.2	1078.4
90	0	0	1126.4	739.2	1030.4	748.8	835.2	934.4	1084.8	1078.4
(1,0)	(2,7535)	(3,0)	(4,0)	
(1,0)	(2,1564)	(3,372)	(4,37)	
(1,0)	(2,1584)	(3,432)	(4,55)	
(1,0)	(2,0)	(3,0)	(4,0)	
(1,0)	(2,0)	(3,0)	(4,0)	
(1,0)	(2,0)	(3,0)	(4,0)	
(1,0)	(2,0)	(3,0)	(4,0)	
(1,0)	(2,0)	(3,0)	(4,0)	
(1,0)	(2,0)	(3,0)	(4,0)	
(1,0)	(2,0)	(3,0)	(4,0)	
(1,0)	(2,0)	(3,0)	(4,0)	
avg	0	0	948.373	931.093	932.267	906.987	945.707	959.04	920.96	980.693
delay	0.15873	0.0649351	59.9793	60.0315	53.0509	54.9733	63.1963	57.0477	57.394	60.0944
loss	0	0	0	0	0	0	0	0.00198413	0.00458716	0
Command ['/home/ubuntu/ns-3.30-obss/build/scratch/simple-ofdma-adhoc6', '--ofdmaEnabled=true', '--startTime=60', '--totalTime=90', '--packetSize=4e3', '--dataMode=HeMcs3', '--datarate=15e6', '--ratio=0.375', '--RngRun=12', '--locationFile=locationtxt/locationFile24.txt', '--routingFile=locationtxt/routingFile24.txt', '--appFile=locationtxt/appFile.txt', '--tcp=0', '--randomTime=true', '--qosDisabled=true'] terminated with signal SIGSEGV. Run it under a debugger to get more information (./waf --run <program> --command-template="gdb --args %s <args>").
