Waf: Entering directory `/home/ubuntu/ns-3.30-obss/build'
Waf: Leaving directory `/home/ubuntu/ns-3.30-obss/build'
Build commands will be stored in build/compile_commands.json
'build' finished successfully (0.798s)
--------------------------Rate[Kbps]--------------------------
Time[s]	cl-1	cl-2	cl-3	cl-4	cl-5	cl-6	cl-7	cl-8	cl-9	cl-10
60	19	14.8	16	14.8	16.6	14.8	14.2	17	16.6	14.4
61	0	0	777.6	630.4	473.6	550.4	761.6	528	732.8	528
62	0	0	787.2	720	672	825.6	643.2	617.6	592	790.4
63	0	0	425.6	550.4	668.8	713.6	518.4	592	544	633.6
64	0	0	672	598.4	659.2	534.4	713.6	572.8	694.4	483.2
65	0	0	691.2	592	633.6	764.8	576	691.2	582.4	502.4
66	0	0	716.8	601.6	684.8	572.8	480	627.2	646.4	569.6
67	0	0	697.6	595.2	604.8	332.8	716.8	572.8	646.4	665.6
68	0	0	771.2	636.8	400	710.4	604.8	822.4	550.4	675.2
69	0	0	592	636.8	662.4	457.6	588.8	611.2	643.2	665.6
70	0	0	553.6	790.4	563.2	537.6	672	649.6	403.2	611.2
71	0	0	704	681.6	454.4	627.2	451.2	428.8	636.8	867.2
72	0	0	588.8	659.2	691.2	489.6	460.8	739.2	364.8	563.2
73	0	0	448	598.4	572.8	755.2	841.6	691.2	547.2	636.8
74	0	0	604.8	537.6	473.6	684.8	640	598.4	627.2	595.2
75	0	0	611.2	761.6	528	560	579.2	700.8	633.6	563.2
76	0	0	764.8	675.2	512	547.2	524.8	649.6	620.8	508.8
77	0	0	640	483.2	758.4	387.2	659.2	672	659.2	694.4
78	0	0	470.4	720	588.8	636.8	662.4	771.2	483.2	691.2
79	0	0	646.4	742.4	569.6	464	579.2	665.6	694.4	489.6
80	0	0	716.8	582.4	553.6	755.2	438.4	611.2	470.4	646.4
81	0	0	652.8	604.8	611.2	652.8	844.8	624	579.2	652.8
82	0	0	736	604.8	460.8	556.8	656	691.2	569.6	582.4
83	0	0	608	713.6	636.8	768	720	566.4	800	470.4
84	0	0	640	624	710.4	723.2	643.2	572.8	483.2	480
85	0	0	793.6	531.2	675.2	659.2	598.4	604.8	563.2	672
86	0	0	473.6	550.4	505.6	566.4	534.4	758.4	579.2	665.6
87	0	0	777.6	448	425.6	643.2	617.6	502.4	688	716.8
88	0	0	691.2	560	630.4	601.6	595.2	521.6	633.6	691.2
89	0	0	649.6	524.8	486.4	643.2	624	790.4	742.4	627.2
90	0	0	614.4	745.6	652.8	620.8	502.4	499.2	700.8	723.2
(1,0)	(2,1320)	(3,0)	(4,0)	
(1,0)	(2,370)	(3,27)	(4,0)	
(1,0)	(2,507)	(3,21)	(4,0)	
(1,0)	(2,0)	(3,0)	(4,0)	
(1,0)	(2,0)	(3,0)	(4,0)	
(1,0)	(2,0)	(3,0)	(4,0)	
(1,0)	(2,0)	(3,0)	(4,0)	
(1,0)	(2,0)	(3,0)	(4,0)	
(1,0)	(2,0)	(3,0)	(4,0)	
(1,0)	(2,0)	(3,0)	(4,0)	
(1,0)	(2,0)	(3,0)	(4,0)	
avg	0	0	650.56	623.36	584	611.413	614.933	631.467	603.733	622.08
delay	0.0736842	0.0675676	2.75958	2.67148	3.10769	2.61922	3.1276	5.64167	5.54955	5.89888
loss	0	0	0	0	0	0	0	0	0	0
Command ['/home/ubuntu/ns-3.30-obss/build/scratch/simple-ofdma-adhoc6', '--ofdmaEnabled=true', '--startTime=60', '--totalTime=90', '--packetSize=4e3', '--dataMode=HeMcs3', '--datarate=10e6', '--ratio=0.375', '--RngRun=25', '--locationFile=locationtxt/locationFile24.txt', '--routingFile=locationtxt/routingFile24.txt', '--appFile=locationtxt/appFile.txt', '--tcp=0', '--randomTime=true', '--qosDisabled=true'] terminated with signal SIGSEGV. Run it under a debugger to get more information (./waf --run <program> --command-template="gdb --args %s <args>").
