Waf: Entering directory `/home/ubuntu/ns-3.30-obss/build'
Waf: Leaving directory `/home/ubuntu/ns-3.30-obss/build'
Build commands will be stored in build/compile_commands.json
'build' finished successfully (0.779s)
--------------------------Rate[Kbps]--------------------------
Time[s]	cl-1	cl-2	cl-3	cl-4	cl-5	cl-6	cl-7	cl-8	cl-9	cl-10
60	15	12.8	14.2	14.6	16.6	16	11.8	10.8	15.4	13.8
61	0	0	697.6	1065.6	704	1024	748.8	1376	1043.2	790.4
62	0	0	611.2	761.6	784	694.4	576	771.2	739.2	422.4
63	0	0	492.8	371.2	780.8	857.6	928	608	764.8	521.6
64	0	0	614.4	624	697.6	851.2	812.8	566.4	870.4	566.4
65	0	0	448	611.2	755.2	748.8	700.8	697.6	835.2	444.8
66	0	0	704	649.6	675.2	748.8	992	688	649.6	358.4
67	0	0	528	435.2	611.2	563.2	598.4	764.8	684.8	566.4
68	0	0	393.6	502.4	899.2	822.4	825.6	678.4	604.8	374.4
69	0	0	611.2	739.2	688	832	646.4	643.2	1024	355.2
70	0	0	412.8	652.8	736	825.6	742.4	544	652.8	227.2
71	0	0	441.6	604.8	729.6	774.4	691.2	636.8	572.8	457.6
72	0	0	457.6	588.8	441.6	918.4	700.8	947.2	784	620.8
73	0	0	444.8	633.6	707.2	611.2	979.2	627.2	598.4	297.6
74	0	0	416	742.4	691.2	505.6	764.8	816	816	272
75	0	0	537.6	556.8	867.2	684.8	457.6	710.4	793.6	403.2
76	0	0	441.6	665.6	956.8	745.6	700.8	748.8	614.4	457.6
77	0	0	428.8	476.8	816	732.8	761.6	496	732.8	579.2
78	0	0	646.4	608	758.4	604.8	707.2	620.8	531.2	316.8
79	0	0	569.6	572.8	777.6	662.4	835.2	752	624	464
80	0	0	352	649.6	483.2	627.2	707.2	710.4	860.8	556.8
81	0	0	649.6	761.6	643.2	803.2	777.6	742.4	665.6	454.4
82	0	0	563.2	416	729.6	902.4	534.4	732.8	739.2	464
83	0	0	368	588.8	662.4	768	572.8	752	1036.8	460.8
84	0	0	515.2	608	438.4	614.4	460.8	700.8	835.2	384
85	0	0	672	726.4	636.8	828.8	835.2	518.4	796.8	348.8
86	0	0	716.8	544	764.8	764.8	841.6	748.8	614.4	358.4
87	0	0	489.6	777.6	838.4	700.8	854.4	739.2	694.4	496
88	0	0	582.4	675.2	643.2	867.2	633.6	681.6	425.6	368
89	0	0	608	678.4	742.4	838.4	576	579.2	886.4	470.4
90	0	0	640	582.4	713.6	614.4	684.8	534.4	899.2	348.8
(1,0)	(2,8726)	(3,0)	(4,0)	
(1,0)	(2,1829)	(3,538)	(4,91)	
(1,0)	(2,1792)	(3,409)	(4,45)	
(1,0)	(2,0)	(3,0)	(4,0)	
(1,0)	(2,0)	(3,0)	(4,0)	
(1,0)	(2,0)	(3,0)	(4,0)	
(1,0)	(2,0)	(3,0)	(4,0)	
(1,0)	(2,0)	(3,0)	(4,0)	
(1,0)	(2,0)	(3,0)	(4,0)	
(1,0)	(2,0)	(3,0)	(4,0)	
(1,0)	(2,0)	(3,0)	(4,0)	
avg	0	0	535.147	629.013	712.427	751.253	721.6	704.427	746.347	440.213
delay	0.0666667	0.0625	590.608	649.113	593.421	565.286	515.921	569.17	567.821	678.65
loss	0	0	0.579145	0.666667	0.564808	0.823958	0.269856	0.563725	0.823331	0.758459
Command ['/home/ubuntu/ns-3.30-obss/build/scratch/simple-ofdma-adhoc6', '--ofdmaEnabled=true', '--startTime=60', '--totalTime=90', '--packetSize=4e3', '--dataMode=HeMcs3', '--datarate=40e6', '--ratio=0.375', '--RngRun=14', '--locationFile=locationtxt/locationFile24.txt', '--routingFile=locationtxt/routingFile24.txt', '--appFile=locationtxt/appFile.txt', '--tcp=0', '--randomTime=true', '--qosDisabled=true'] terminated with signal SIGSEGV. Run it under a debugger to get more information (./waf --run <program> --command-template="gdb --args %s <args>").
