Waf: Entering directory `/home/ubuntu/ns-3.30-obss/build'
Waf: Leaving directory `/home/ubuntu/ns-3.30-obss/build'
Build commands will be stored in build/compile_commands.json
'build' finished successfully (0.840s)
--------------------------Rate[Kbps]--------------------------
Time[s]	cl-1	cl-2	cl-3	cl-4	cl-5	cl-6	cl-7	cl-8	cl-9	cl-10
60	16.2	15.2	11.6	15	14.4	14.8	15.2	15.2	16.4	15.2
61	0	0	796.8	1046.4	822.4	1004.8	764.8	857.6	880	579.2
62	0	0	995.2	838.4	1011.2	803.2	1331.2	854.4	886.4	777.6
63	0	0	656	681.6	1088	934.4	748.8	873.6	860.8	812.8
64	0	0	777.6	729.6	880	780.8	736	883.2	716.8	768
65	0	0	825.6	867.2	793.6	771.2	844.8	812.8	931.2	806.4
66	0	0	982.4	883.2	1075.2	1062.4	934.4	828.8	892.8	940.8
67	0	0	902.4	992	1017.6	899.2	928	889.6	905.6	988.8
68	0	0	985.6	1065.6	761.6	1145.6	1001.6	1065.6	982.4	924.8
69	0	0	1171.2	979.2	1145.6	764.8	864	905.6	1033.6	716.8
70	0	0	972.8	848	832	1020.8	1068.8	1152	1008	992
71	0	0	787.2	1235.2	1360	934.4	678.4	748.8	1097.6	1081.6
72	0	0	953.6	1065.6	982.4	969.6	908.8	969.6	1123.2	608
73	0	0	1129.6	627.2	665.6	988.8	678.4	1232	1078.4	1024
74	0	0	1164.8	800	998.4	857.6	1001.6	848	1052.8	940.8
75	0	0	940.8	796.8	1228.8	1027.2	1110.4	848	956.8	979.2
76	0	0	908.8	1001.6	1110.4	1094.4	979.2	723.2	905.6	713.6
77	0	0	1001.6	864	867.2	944	995.2	678.4	841.6	828.8
78	0	0	937.6	969.6	953.6	944	892.8	1011.2	1078.4	1110.4
79	0	0	931.2	1046.4	937.6	659.2	739.2	896	982.4	956.8
80	0	0	1014.4	912	864	1052.8	886.4	748.8	1049.6	793.6
81	0	0	979.2	758.4	851.2	902.4	889.6	1116.8	1235.2	803.2
82	0	0	633.6	1132.8	1123.2	940.8	886.4	1001.6	1164.8	976
83	0	0	1094.4	1030.4	912	857.6	739.2	848	905.6	1136
84	0	0	998.4	947.2	1097.6	940.8	777.6	678.4	860.8	582.4
85	0	0	1088	896	854.4	1008	841.6	732.8	828.8	1014.4
86	0	0	902.4	694.4	982.4	1024	1081.6	870.4	931.2	857.6
87	0	0	966.4	809.6	870.4	1129.6	812.8	838.4	883.2	1196.8
88	0	0	998.4	1292.8	924.8	912	876.8	774.4	1004.8	912
89	0	0	905.6	864	678.4	768	902.4	803.2	1136	1155.2
90	0	0	668.8	790.4	960	953.6	902.4	1001.6	1049.6	1219.2
(1,0)	(2,6816)	(3,0)	(4,0)	
(1,0)	(2,1481)	(3,410)	(4,87)	
(1,0)	(2,1502)	(3,323)	(4,34)	
(1,0)	(2,0)	(3,0)	(4,0)	
(1,0)	(2,0)	(3,0)	(4,0)	
(1,0)	(2,0)	(3,0)	(4,0)	
(1,0)	(2,0)	(3,0)	(4,0)	
(1,0)	(2,0)	(3,0)	(4,0)	
(1,0)	(2,0)	(3,0)	(4,0)	
(1,0)	(2,0)	(3,0)	(4,0)	
(1,0)	(2,0)	(3,0)	(4,0)	
avg	0	0	935.68	915.52	954.987	936.533	893.44	883.093	975.467	906.56
delay	0.0740741	0.0657895	53.2056	54.5638	55.1338	59.5857	49.8144	45.337	50.3326	49.7856
loss	0	0	0.002331	0.00212314	0	0.0023753	0	0	0	0
Command ['/home/ubuntu/ns-3.30-obss/build/scratch/simple-ofdma-adhoc6', '--ofdmaEnabled=true', '--startTime=60', '--totalTime=90', '--packetSize=4e3', '--dataMode=HeMcs3', '--datarate=15e6', '--ratio=0.375', '--RngRun=17', '--locationFile=locationtxt/locationFile24.txt', '--routingFile=locationtxt/routingFile24.txt', '--appFile=locationtxt/appFile.txt', '--tcp=0', '--randomTime=true', '--qosDisabled=true'] terminated with signal SIGSEGV. Run it under a debugger to get more information (./waf --run <program> --command-template="gdb --args %s <args>").
