Waf: Entering directory `/home/ubuntu/ns-3.30-obss/build'
Waf: Leaving directory `/home/ubuntu/ns-3.30-obss/build'
Build commands will be stored in build/compile_commands.json
'build' finished successfully (0.774s)
--------------------------Rate[Kbps]--------------------------
Time[s]	cl-1	cl-2	cl-3	cl-4	cl-5	cl-6	cl-7	cl-8	cl-9	cl-10	cl-11	cl-12
60	17	13	15.6	12.2	14.6	12.8	15.4	16.2	14	14	15.6	12.2
61	1091.2	1052.8	0	0	1142.4	1219.2	1395.2	1123.2	1324.8	1216	1692.8	1148.8
62	1171.2	1683.2	0	0	1164.8	1369.6	1414.4	1408	1404.8	1049.6	1379.2	1091.2
63	1241.6	1033.6	0	0	1084.8	1209.6	1088	1308.8	1180.8	915.2	1203.2	816
64	1305.6	1302.4	0	0	1145.6	1395.2	1449.6	1504	1251.2	1123.2	1075.2	1299.2
65	905.6	1526.4	0	0	1385.6	1273.6	1180.8	1190.4	1225.6	1392	1366.4	1088
66	1520	1462.4	0	0	1315.2	1267.2	1379.2	1078.4	1481.6	1065.6	1369.6	1443.2
67	1020.8	896	0	0	1398.4	1020.8	1337.6	1379.2	1187.2	1011.2	880	1260.8
68	940.8	1222.4	0	0	1344	1308.8	1331.2	1040	745.6	1651.2	1196.8	1100.8
69	1385.6	1264	0	0	1449.6	1004.8	1228.8	1520	1008	1033.6	1353.6	1545.6
70	1136	1280	0	0	1196.8	1107.2	764.8	1084.8	1161.6	1260.8	1497.6	1312
71	896	1164.8	0	0	681.6	1724.8	1574.4	1577.6	1248	1305.6	1017.6	1209.6
72	1216	1328	0	0	1027.2	1340.8	1337.6	1456	1580.8	1084.8	1523.2	1091.2
73	1241.6	896	0	0	1500.8	1683.2	1376	1155.2	1097.6	1062.4	1580.8	1152
74	1209.6	902.4	0	0	1017.6	1235.2	1302.4	1286.4	1270.4	1475.2	1104	1363.2
75	1526.4	1280	0	0	1171.2	1593.6	1331.2	1270.4	1411.2	1228.8	1315.2	1200
76	1100.8	1193.6	0	0	1145.6	1449.6	982.4	1267.2	1382.4	1516.8	1424	1225.6
77	819.2	1644.8	0	0	1110.4	1577.6	1555.2	1513.6	1033.6	1059.2	1091.2	1273.6
78	1782.4	1126.4	0	0	1360	1040	1430.4	1190.4	1072	1209.6	1276.8	1280
79	1011.2	1334.4	0	0	1097.6	1436.8	937.6	1568	1283.2	1171.2	1417.6	1286.4
80	1379.2	1014.4	0	0	1347.2	1270.4	1696	1036.8	1187.2	1177.6	1283.2	1254.4
81	1196.8	1398.4	0	0	1760	1539.2	1392	1187.2	1136	1136	899.2	1459.2
82	1363.2	1513.6	0	0	1424	1139.2	1433.6	966.4	1091.2	880	1382.4	1616
83	1372.8	1196.8	0	0	1500.8	1625.6	1324.8	988.8	1292.8	1260.8	1315.2	1200
84	928	1315.2	0	0	1177.6	1376	812.8	1532.8	1110.4	1545.6	1184	1129.6
85	1337.6	1270.4	0	0	1027.2	1264	1532.8	1424	1299.2	915.2	1462.4	809.6
86	1385.6	1212.8	0	0	1184	1280	1235.2	1571.2	1177.6	1225.6	1705.6	1139.2
87	1168	1078.4	0	0	905.6	1347.2	1043.2	1456	1408	1452.8	1328	1654.4
88	1337.6	1395.2	0	0	1360	1222.4	761.6	1392	1488	1251.2	1177.6	1238.4
89	1232	1091.2	0	0	1315.2	1328	1072	1600	1539.2	1244.8	1385.6	1164.8
90	1302.4	1228.8	0	0	1539.2	1376	1107.2	1011.2	1008	1580.8	1433.6	1158.4
(1,0)	(2,5820)	(3,4802)	(4,931)	
(1,0)	(2,1198)	(3,0)	(4,0)	
(1,0)	(2,1159)	(3,0)	(4,0)	
(1,0)	(2,1026)	(3,0)	(4,0)	
(1,0)	(2,1057)	(3,0)	(4,0)	
(1,0)	(2,0)	(3,0)	(4,0)	
(1,0)	(2,0)	(3,0)	(4,0)	
(1,0)	(2,0)	(3,0)	(4,0)	
(1,0)	(2,0)	(3,0)	(4,0)	
(1,0)	(2,0)	(3,0)	(4,0)	
(1,0)	(2,0)	(3,0)	(4,0)	
(1,0)	(2,0)	(3,0)	(4,0)	
(1,0)	(2,0)	(3,0)	(4,0)	
avg	1217.49	1243.63	0	0	1242.67	1334.19	1260.27	1302.93	1236.27	1216.75	1310.72	1233.71
delay	25.7905	26.0086	0.0512821	0.0491803	41.9929	38.858	34.2196	36.3427	42.1221	38.4494	32.7983	40.3421
loss	0	0	0	0	0	0.00125471	0	0	0	0	0	0
Command ['/home/ubuntu/ns-3.30-obss/build/scratch/simple-ofdma-adhoc6', '--ofdmaEnabled=true', '--startTime=60', '--totalTime=90', '--packetSize=4e3', '--dataMode=HeMcs6', '--datarate=25e6', '--ratio=0.375', '--RngRun=35', '--locationFile=locationtxt/locationFile42b1.txt', '--routingFile=locationtxt/routingFile42.txt', '--appFile=locationtxt/appFile.txt', '--tcp=0', '--randomTime=true', '--qosDisabled=true'] terminated with signal SIGSEGV. Run it under a debugger to get more information (./waf --run <program> --command-template="gdb --args %s <args>").
