Waf: Entering directory `/home/ubuntu/ns-3.30-obss/build'
Waf: Leaving directory `/home/ubuntu/ns-3.30-obss/build'
Build commands will be stored in build/compile_commands.json
'build' finished successfully (0.738s)
--------------------------Rate[Kbps]--------------------------
Time[s]	cl-1	cl-2	cl-3	cl-4	cl-5	cl-6	cl-7	cl-8	cl-9	cl-10	cl-11	cl-12
60	15	16.6	16	13.6	14.8	13.6	15	18.6	16.4	14.4	12.8	14.8
61	1216	1363.2	0	0	899.2	1008	960	1184	1427.2	1395.2	1353.6	1478.4
62	1190.4	1020.8	0	0	1299.2	1056	1289.6	1091.2	1177.6	1353.6	1702.4	1404.8
63	1654.4	1174.4	0	0	1702.4	1104	1337.6	1212.8	992	950.4	1174.4	1612.8
64	1241.6	1152	0	0	1436.8	883.2	1132.8	851.2	1462.4	1193.6	1257.6	950.4
65	1494.4	1372.8	0	0	1289.6	1366.4	1331.2	1267.2	1273.6	851.2	1052.8	1459.2
66	1510.4	1830.4	0	0	1331.2	1024	1376	1104	1123.2	1200	1139.2	1443.2
67	1196.8	1350.4	0	0	1510.4	902.4	1305.6	1193.6	1177.6	857.6	1283.2	966.4
68	1174.4	889.6	0	0	1273.6	684.8	1276.8	1094.4	1603.2	969.6	1129.6	1248
69	1360	915.2	0	0	1283.2	684.8	1302.4	1174.4	1337.6	1369.6	1078.4	1321.6
70	1772.8	1008	0	0	1481.6	1027.2	1558.4	1526.4	1072	857.6	889.6	1302.4
71	851.2	1100.8	0	0	1382.4	1065.6	774.4	953.6	1536	1014.4	1638.4	1219.2
72	1462.4	1353.6	0	0	1049.6	966.4	1107.2	1241.6	1433.6	1212.8	1177.6	976
73	1244.8	1030.4	0	0	1395.2	1254.4	969.6	867.2	1312	1059.2	1337.6	1273.6
74	1110.4	1267.2	0	0	1158.4	793.6	1152	1286.4	886.4	1132.8	1056	1388.8
75	1462.4	1328	0	0	1056	1305.6	1510.4	1337.6	1523.2	1091.2	956.8	934.4
76	915.2	928	0	0	1132.8	1001.6	1360	1299.2	880	1158.4	1363.2	1273.6
77	1193.6	1116.8	0	0	1078.4	1187.2	956.8	1152	1302.4	1132.8	1206.4	1331.2
78	1142.4	1190.4	0	0	1196.8	864	1078.4	992	1209.6	1267.2	1388.8	1321.6
79	985.6	1321.6	0	0	976	982.4	1350.4	832	1161.6	1174.4	1190.4	1017.6
80	1222.4	1043.2	0	0	1142.4	896	931.2	1155.2	1193.6	1222.4	1251.2	1404.8
81	1296	1004.8	0	0	1257.6	1068.8	1702.4	1312	1328	950.4	1260.8	1004.8
82	1129.6	912	0	0	1667.2	1161.6	1065.6	1219.2	1244.8	1148.8	1257.6	1283.2
83	1123.2	1196.8	0	0	1088	1059.2	1059.2	1286.4	1174.4	1059.2	1273.6	1408
84	1196.8	1404.8	0	0	1308.8	1190.4	1462.4	1728	892.8	1068.8	1452.8	1577.6
85	1056	1388.8	0	0	1286.4	841.6	1193.6	1260.8	1372.8	918.4	1334.4	1075.2
86	1276.8	1676.8	0	0	1360	1267.2	1481.6	1363.2	1158.4	982.4	1340.8	1289.6
87	1510.4	1251.2	0	0	1184	643.2	1404.8	1366.4	1171.2	1052.8	1097.6	934.4
88	1280	1145.6	0	0	1276.8	1110.4	982.4	1081.6	940.8	1356.8	1376	915.2
89	1436.8	1347.2	0	0	774.4	928	739.2	1145.6	1280	1328	1248	1379.2
90	1104	956.8	0	0	1401.6	998.4	1193.6	1017.6	1420.8	1264	1212.8	1235.2
(1,0)	(2,6076)	(3,6720)	(4,1497)	
(1,0)	(2,1332)	(3,0)	(4,0)	
(1,0)	(2,1655)	(3,0)	(4,0)	
(1,0)	(2,1496)	(3,0)	(4,0)	
(1,0)	(2,1624)	(3,0)	(4,0)	
(1,0)	(2,0)	(3,0)	(4,0)	
(1,0)	(2,0)	(3,0)	(4,0)	
(1,0)	(2,0)	(3,0)	(4,0)	
(1,0)	(2,0)	(3,0)	(4,0)	
(1,0)	(2,0)	(3,0)	(4,0)	
(1,0)	(2,0)	(3,0)	(4,0)	
(1,0)	(2,0)	(3,0)	(4,0)	
(1,0)	(2,0)	(3,0)	(4,0)	
avg	1260.37	1201.39	0	0	1256	1010.88	1211.52	1186.56	1235.63	1119.79	1249.39	1247.68
delay	465.389	491.226	0.05	0.0588235	482.836	523.05	494.814	503.674	492.577	487.404	498.906	497.39
loss	0.0225166	0.207026	0	0	0.0223214	0.360736	0.0300429	0.096817	0.0227273	0.0193906	0.0966184	0.204106
Command ['/home/ubuntu/ns-3.30-obss/build/scratch/simple-ofdma-adhoc6', '--ofdmaEnabled=true', '--startTime=60', '--totalTime=90', '--packetSize=4e3', '--dataMode=HeMcs6', '--datarate=30e6', '--ratio=0.375', '--RngRun=20', '--locationFile=locationtxt/locationFile42b1.txt', '--routingFile=locationtxt/routingFile42.txt', '--appFile=locationtxt/appFile.txt', '--tcp=0', '--randomTime=true', '--qosDisabled=true'] terminated with signal SIGSEGV. Run it under a debugger to get more information (./waf --run <program> --command-template="gdb --args %s <args>").
