Waf: Entering directory `/home/ubuntu/ns-3.30-obss/build'
Waf: Leaving directory `/home/ubuntu/ns-3.30-obss/build'
Build commands will be stored in build/compile_commands.json
'build' finished successfully (0.803s)
--------------------------Rate[Kbps]--------------------------
Time[s]	cl-1	cl-2	cl-3	cl-4	cl-5	cl-6	cl-7	cl-8	cl-9	cl-10	cl-11	cl-12
60	15.4	13.2	17.4	14	16.6	11.2	15.2	12.6	15.4	15.6	17.6	14.8
61	1011.2	1027.2	0	0	1072	1216	1369.6	1382.4	1033.6	1520	1350.4	1049.6
62	1177.6	1478.4	0	0	1190.4	944	1209.6	1558.4	1452.8	1305.6	1344	1340.8
63	1484.8	1123.2	0	0	1046.4	1280	1043.2	1718.4	1056	1315.2	1254.4	1289.6
64	1625.6	940.8	0	0	1430.4	1244.8	1497.6	1260.8	1433.6	1296	1068.8	1299.2
65	1011.2	1552	0	0	1180.8	1491.2	1356.8	1504	1177.6	1132.8	1065.6	1283.2
66	1465.6	1440	0	0	1440	1254.4	1091.2	1616	966.4	1356.8	1203.2	1212.8
67	1116.8	1273.6	0	0	1283.2	870.4	1161.6	988.8	1398.4	1404.8	1046.4	1148.8
68	1094.4	934.4	0	0	1168	979.2	1187.2	1174.4	998.4	1564.8	1113.6	982.4
69	1200	1443.2	0	0	1305.6	819.2	1068.8	1241.6	1228.8	1148.8	947.2	1408
70	1132.8	1136	0	0	1033.6	803.2	1260.8	1196.8	1299.2	1430.4	883.2	1475.2
71	1232	1315.2	0	0	1420.8	950.4	1481.6	857.6	1449.6	1334.4	707.2	1139.2
72	809.6	1065.6	0	0	876.8	771.2	1030.4	1040	1100.8	1222.4	931.2	1123.2
73	1126.4	1072	0	0	985.6	1014.4	886.4	1110.4	1328	1286.4	1459.2	1680
74	1280	1209.6	0	0	1571.2	1065.6	1289.6	1123.2	1142.4	1280	1340.8	1027.2
75	976	1200	0	0	1456	1184	1033.6	966.4	956.8	1360	1238.4	1110.4
76	723.2	982.4	0	0	1500.8	1225.6	1184	1299.2	1203.2	1248	803.2	1065.6
77	1468.8	1190.4	0	0	1235.2	1094.4	934.4	1660.8	1148.8	880	1616	1164.8
78	1030.4	1004.8	0	0	1222.4	966.4	966.4	1081.6	1049.6	1174.4	1340.8	1292.8
79	1292.8	1136	0	0	1356.8	796.8	1289.6	972.8	1356.8	1264	1072	1529.6
80	1283.2	1657.6	0	0	1091.2	1190.4	1020.8	1350.4	883.2	1385.6	1126.4	1510.4
81	1180.8	1353.6	0	0	1129.6	1065.6	1299.2	1212.8	1049.6	1264	1088	1337.6
82	1276.8	1187.2	0	0	976	1043.2	1273.6	1097.6	1056	1382.4	1203.2	1315.2
83	1081.6	883.2	0	0	1292.8	787.2	972.8	937.6	1164.8	1430.4	1203.2	1139.2
84	1177.6	988.8	0	0	1152	822.4	1324.8	1251.2	1254.4	1180.8	953.6	1011.2
85	1212.8	1001.6	0	0	1212.8	953.6	1251.2	838.4	937.6	1088	1372.8	918.4
86	1190.4	937.6	0	0	1033.6	1168	1478.4	1228.8	1513.6	1305.6	1180.8	1126.4
87	985.6	1484.8	0	0	1011.2	950.4	998.4	1075.2	1392	1321.6	1289.6	1363.2
88	1417.6	1264	0	0	790.4	1411.2	1376	1212.8	1379.2	1328	979.2	1465.6
89	1088	1225.6	0	0	966.4	1219.2	1315.2	896	1283.2	1465.6	1286.4	1417.6
90	1241.6	848	0	0	1123.2	921.6	1334.4	1049.6	1276.8	1315.2	1164.8	1091.2
(1,0)	(2,5953)	(3,6658)	(4,1601)	
(1,0)	(2,1494)	(3,0)	(4,0)	
(1,0)	(2,1542)	(3,0)	(4,0)	
(1,0)	(2,1799)	(3,0)	(4,0)	
(1,0)	(2,1525)	(3,0)	(4,0)	
(1,0)	(2,0)	(3,0)	(4,0)	
(1,0)	(2,0)	(3,0)	(4,0)	
(1,0)	(2,0)	(3,0)	(4,0)	
(1,0)	(2,0)	(3,0)	(4,0)	
(1,0)	(2,0)	(3,0)	(4,0)	
(1,0)	(2,0)	(3,0)	(4,0)	
(1,0)	(2,0)	(3,0)	(4,0)	
(1,0)	(2,0)	(3,0)	(4,0)	
avg	1179.84	1178.56	0	0	1185.17	1050.13	1199.57	1196.8	1199.04	1299.73	1154.45	1243.95
delay	478.404	486.569	0.0574713	0.171429	507.439	524.012	481.192	477.269	498.139	498.154	501.018	501.525
loss	0.24	0.103614	0	0	0.214732	0.287621	0.0367751	0.042618	0.195031	0.226545	0.106152	0.223934
Command ['/home/ubuntu/ns-3.30-obss/build/scratch/simple-ofdma-adhoc6', '--ofdmaEnabled=true', '--startTime=60', '--totalTime=90', '--packetSize=4e3', '--dataMode=HeMcs6', '--datarate=30e6', '--ratio=0.375', '--RngRun=10', '--locationFile=locationtxt/locationFile42b1.txt', '--routingFile=locationtxt/routingFile42.txt', '--appFile=locationtxt/appFile.txt', '--tcp=0', '--randomTime=true', '--qosDisabled=true'] terminated with signal SIGSEGV. Run it under a debugger to get more information (./waf --run <program> --command-template="gdb --args %s <args>").
