Waf: Entering directory `/home/ubuntu/ns-3.30-obss/build'
Waf: Leaving directory `/home/ubuntu/ns-3.30-obss/build'
Build commands will be stored in build/compile_commands.json
'build' finished successfully (0.691s)
--------------------------Rate[Kbps]--------------------------
Time[s]	cl-1	cl-2	cl-3	cl-4	cl-5	cl-6	cl-7	cl-8	cl-9	cl-10	cl-11	cl-12
60	13.6	14.8	16.6	16	14.2	17.8	16.8	14.2	15.4	13	14.4	16.6
61	1366.4	0	1625.6	0	1171.2	0	1529.6	1446.4	1510.4	0	1385.6	1372.8
62	1392	0	1472	0	1417.6	0	1638.4	1478.4	1977.6	0	1468.8	979.2
63	1049.6	0	1344	0	2368	0	1766.4	1574.4	2025.6	0	1667.2	1545.6
64	1836.8	0	1584	0	1536	0	1932.8	1289.6	1766.4	0	1590.4	1356.8
65	1513.6	0	1648	0	1152	0	1542.4	1414.4	1776	0	1926.4	1974.4
66	1792	0	1609.6	0	1321.6	0	1670.4	1401.6	1497.6	0	1635.2	1216
67	1459.2	0	1788.8	0	1292.8	0	1888	1667.2	1811.2	0	1916.8	1280
68	1520	0	1539.2	0	1542.4	0	1321.6	1545.6	1664	0	1584	1219.2
69	1299.2	0	1497.6	0	1360	0	1648	1692.8	1433.6	0	1724.8	1504
70	1827.2	0	1360	0	1516.8	0	1411.2	1628.8	1955.2	0	1286.4	1408
71	1523.2	0	1507.2	0	2006.4	0	1766.4	1779.2	1670.4	0	1638.4	1881.6
72	1270.4	0	2105.6	0	1888	0	1664	1955.2	1465.6	0	1478.4	1744
73	1238.4	0	1801.6	0	1731.2	0	1664	1552	1590.4	0	1856	1475.2
74	1424	0	1244.8	0	1299.2	0	2182.4	1513.6	1830.4	0	1929.6	1641.6
75	1609.6	0	1344	0	2022.4	0	1561.6	1718.4	1219.2	0	1404.8	1644.8
76	1260.8	0	1721.6	0	1536	0	2348.8	1622.4	1376	0	1200	1129.6
77	1516.8	0	1913.6	0	1187.2	0	1523.2	1356.8	1987.2	0	1638.4	1993.6
78	1683.2	0	979.2	0	1350.4	0	1686.4	1276.8	1590.4	0	1580.8	1513.6
79	1283.2	0	1072	0	1267.2	0	1760	1555.2	1414.4	0	1539.2	1635.2
80	1651.2	0	1779.2	0	1334.4	0	1539.2	1817.6	1856	0	1737.6	1238.4
81	1468.8	0	2070.4	0	1862.4	0	1536	1462.4	1843.2	0	1539.2	1798.4
82	1692.8	0	1680	0	1760	0	1689.6	1491.2	1664	0	1721.6	1686.4
83	1305.6	0	1843.2	0	1593.6	0	2009.6	1843.2	2131.2	0	1452.8	1536
84	1353.6	0	1827.2	0	1414.4	0	1267.2	1254.4	1676.8	0	1340.8	1078.4
85	1395.2	0	1766.4	0	1507.2	0	1276.8	1728	1612.8	0	1817.6	1609.6
86	1539.2	0	1273.6	0	1510.4	0	1760	1987.2	1801.6	0	1308.8	1196.8
87	1574.4	0	1737.6	0	1299.2	0	1520	1420.8	1827.2	0	1702.4	1504
88	1737.6	0	1568	0	1881.6	0	1664	1705.6	1833.6	0	1286.4	1609.6
89	1296	0	1392	0	1446.4	0	1408	1504	1619.2	0	1785.6	1600
90	1155.2	0	1840	0	1452.8	0	1529.6	1395.2	1750.4	0	1334.4	1104
(1,0)	(2,5240)	(3,4156)	(4,850)	
(1,0)	(2,0)	(3,0)	(4,0)	
(1,0)	(2,1414)	(3,0)	(4,0)	
(1,0)	(2,0)	(3,0)	(4,0)	
(1,0)	(2,1272)	(3,0)	(4,0)	
(1,0)	(2,0)	(3,0)	(4,0)	
(1,0)	(2,0)	(3,0)	(4,0)	
(1,0)	(2,0)	(3,0)	(4,0)	
(1,0)	(2,0)	(3,0)	(4,0)	
(1,0)	(2,0)	(3,0)	(4,0)	
(1,0)	(2,0)	(3,0)	(4,0)	
(1,0)	(2,0)	(3,0)	(4,0)	
(1,0)	(2,0)	(3,0)	(4,0)	
avg	1467.84	0	1597.87	0	1534.29	0	1656.85	1569.28	1705.92	0	1582.61	1482.56
delay	17.5012	0.0540541	17.5744	0.0625	25.959	0.505618	27.4355	31.4977	26.3636	0.461538	23.7847	21.7925
loss	0	0	0	0	0	0	0.00108225	0	0	0	0	0
Command ['/home/ubuntu/ns-3.30-obss/build/scratch/simple-ofdma-adhoc6', '--ofdmaEnabled=true', '--startTime=60', '--totalTime=90', '--packetSize=4e3', '--dataMode=HeMcs6', '--datarate=25e6', '--ratio=0.375', '--RngRun=3', '--locationFile=locationtxt/locationFile42e2.txt', '--routingFile=locationtxt/routingFile42.txt', '--appFile=locationtxt/appFile.txt', '--tcp=0', '--randomTime=true', '--qosDisabled=true'] terminated with signal SIGSEGV. Run it under a debugger to get more information (./waf --run <program> --command-template="gdb --args %s <args>").
