Waf: Entering directory `/home/ubuntu/ns-3.30-obss/build'
Waf: Leaving directory `/home/ubuntu/ns-3.30-obss/build'
Build commands will be stored in build/compile_commands.json
'build' finished successfully (0.741s)
--------------------------Rate[Kbps]--------------------------
Time[s]	cl-1	cl-2	cl-3	cl-4	cl-5	cl-6	cl-7	cl-8	cl-9	cl-10	cl-11	cl-12
60	13.2	17	15.2	11.8	16.6	15.2	14.4	17.2	15.2	14.4	17.6	14
61	1520	0	1504	0	1395.2	0	921.6	1398.4	1747.2	0	1603.2	1206.4
62	1590.4	0	1436.8	0	1462.4	0	1459.2	1315.2	1856	0	1356.8	1574.4
63	1286.4	0	1689.6	0	1312	0	1820.8	1750.4	1612.8	0	1446.4	1440
64	1628.8	0	1532.8	0	1654.4	0	1564.8	1491.2	1792	0	1388.8	1651.2
65	1811.2	0	1705.6	0	1571.2	0	1587.2	1856	1612.8	0	1324.8	1628.8
66	1296	0	2169.6	0	1379.2	0	1593.6	1564.8	1161.6	0	2022.4	2022.4
67	1545.6	0	1574.4	0	1584	0	1321.6	1209.6	1596.8	0	1548.8	1539.2
68	1478.4	0	1664	0	1494.4	0	1718.4	1603.2	1724.8	0	1801.6	976
69	1644.8	0	1750.4	0	1811.2	0	1363.2	1139.2	1782.4	0	2288	2012.8
70	2073.6	0	1145.6	0	1881.6	0	1344	1747.2	1510.4	0	1414.4	1516.8
71	1769.6	0	1091.2	0	1116.8	0	1843.2	1603.2	1344	0	1558.4	1673.6
72	1497.6	0	1315.2	0	1772.8	0	1132.8	1657.6	2032	0	1622.4	1587.2
73	1465.6	0	1766.4	0	1964.8	0	1526.4	1129.6	1430.4	0	1219.2	1782.4
74	1504	0	1417.6	0	1344	0	1632	1836.8	1763.2	0	1552	1539.2
75	1686.4	0	1417.6	0	2246.4	0	1904	1068.8	1619.2	0	1600	1638.4
76	1606.4	0	1673.6	0	2025.6	0	1219.2	1385.6	1267.2	0	1548.8	1232
77	1827.2	0	1219.2	0	1456	0	1177.6	1404.8	1702.4	0	1110.4	1804.8
78	1321.6	0	1657.6	0	1532.8	0	1324.8	2025.6	1452.8	0	1769.6	1468.8
79	1395.2	0	1248	0	1286.4	0	1267.2	1184	1347.2	0	1174.4	1350.4
80	1142.4	0	1251.2	0	1520	0	1664	1411.2	1900.8	0	1446.4	1616
81	1395.2	0	966.4	0	1955.2	0	1692.8	1478.4	1260.8	0	931.2	1702.4
82	1507.2	0	1315.2	0	1465.6	0	1433.6	1750.4	1923.2	0	1568	1481.6
83	1702.4	0	1923.2	0	1824	0	1244.8	1350.4	1606.4	0	1267.2	1593.6
84	1548.8	0	1440	0	1321.6	0	1603.2	1667.2	1609.6	0	1801.6	1843.2
85	1366.4	0	1577.6	0	1728	0	1715.2	1750.4	1337.6	0	1644.8	1465.6
86	1664	0	1340.8	0	1632	0	1708.8	1587.2	1398.4	0	2118.4	1580.8
87	1948.8	0	1657.6	0	1152	0	1574.4	1769.6	1308.8	0	1216	1296
88	1779.2	0	1670.4	0	1481.6	0	1123.2	1558.4	1766.4	0	1129.6	1491.2
89	1820.8	0	1587.2	0	1564.8	0	1276.8	1827.2	1744	0	1820.8	1779.2
90	1648	0	720	0	1254.4	0	1504	1046.4	1683.2	0	2096	1753.6
(1,0)	(2,5027)	(3,4053)	(4,929)	
(1,0)	(2,0)	(3,0)	(4,0)	
(1,0)	(2,1177)	(3,0)	(4,0)	
(1,0)	(2,0)	(3,0)	(4,0)	
(1,0)	(2,1420)	(3,0)	(4,0)	
(1,0)	(2,0)	(3,0)	(4,0)	
(1,0)	(2,0)	(3,0)	(4,0)	
(1,0)	(2,0)	(3,0)	(4,0)	
(1,0)	(2,0)	(3,0)	(4,0)	
(1,0)	(2,0)	(3,0)	(4,0)	
(1,0)	(2,0)	(3,0)	(4,0)	
(1,0)	(2,0)	(3,0)	(4,0)	
(1,0)	(2,0)	(3,0)	(4,0)	
avg	1582.4	0	1480.96	0	1573.01	0	1475.41	1518.93	1596.48	0	1546.35	1574.93
delay	16.6579	0.0588235	17.9236	0.0508475	30.1296	0.394737	32.3197	23.9631	24.7807	0.472222	27.347	29.7156
loss	0	0	0	0	0	0	0	0	0	0	0	0
Command ['/home/ubuntu/ns-3.30-obss/build/scratch/simple-ofdma-adhoc6', '--ofdmaEnabled=true', '--startTime=60', '--totalTime=90', '--packetSize=4e3', '--dataMode=HeMcs6', '--datarate=25e6', '--ratio=0.375', '--RngRun=7', '--locationFile=locationtxt/locationFile42e2.txt', '--routingFile=locationtxt/routingFile42.txt', '--appFile=locationtxt/appFile.txt', '--tcp=0', '--randomTime=true', '--qosDisabled=true'] terminated with signal SIGSEGV. Run it under a debugger to get more information (./waf --run <program> --command-template="gdb --args %s <args>").
