Waf: Entering directory `/home/ubuntu/ns-3.30-obss/build'
Waf: Leaving directory `/home/ubuntu/ns-3.30-obss/build'
Build commands will be stored in build/compile_commands.json
'build' finished successfully (0.739s)
--------------------------Rate[Kbps]--------------------------
Time[s]	cl-1	cl-2	cl-3	cl-4	cl-5	cl-6	cl-7	cl-8	cl-9	cl-10	cl-11	cl-12
60	13.2	16.2	15.6	13.4	15.2	15.4	13.8	12.6	14.8	18.8	12.4	16.4
61	1798.4	0	1468.8	0	1977.6	0	1606.4	1424	1635.2	0	1772.8	921.6
62	1750.4	0	1904	0	2006.4	0	1462.4	1756.8	1792	0	1158.4	2044.8
63	1337.6	0	1145.6	0	1635.2	0	1916.8	1420.8	1795.2	0	1817.6	1766.4
64	1648	0	1699.2	0	1814.4	0	1968	1027.2	2419.2	0	1702.4	1251.2
65	1270.4	0	1635.2	0	1484.8	0	1206.4	1990.4	1593.6	0	1715.2	1910.4
66	1772.8	0	1571.2	0	1606.4	0	1718.4	1516.8	1459.2	0	1180.8	1283.2
67	1664	0	1561.6	0	1260.8	0	1446.4	1516.8	1584	0	1456	1443.2
68	1488	0	1321.6	0	1324.8	0	1651.2	1577.6	1481.6	0	1484.8	1449.6
69	1526.4	0	1356.8	0	1529.6	0	1542.4	1568	1683.2	0	1190.4	1481.6
70	2073.6	0	1417.6	0	1692.8	0	1209.6	1932.8	1644.8	0	1808	1232
71	1721.6	0	1641.6	0	1571.2	0	1443.2	1417.6	1702.4	0	1609.6	1075.2
72	1664	0	1600	0	1462.4	0	2131.2	2073.6	1542.4	0	1603.2	816
73	1014.4	0	1292.8	0	1302.4	0	1705.6	1577.6	1440	0	1849.6	2358.4
74	1651.2	0	1811.2	0	1907.2	0	947.2	1379.2	1628.8	0	1993.6	1516.8
75	1683.2	0	1952	0	1939.2	0	1363.2	1542.4	1430.4	0	1772.8	1171.2
76	1724.8	0	1987.2	0	1670.4	0	1212.8	1913.6	1561.6	0	1411.2	1475.2
77	1497.6	0	1344	0	1523.2	0	1312	1878.4	1414.4	0	1593.6	1392
78	1337.6	0	1667.2	0	1148.8	0	1875.2	1427.2	2115.2	0	1369.6	1958.4
79	1449.6	0	1449.6	0	1881.6	0	1417.6	1680	1228.8	0	1436.8	1340.8
80	1356.8	0	1574.4	0	1331.2	0	1232	1632	1369.6	0	1574.4	1302.4
81	1545.6	0	1590.4	0	2067.2	0	1382.4	947.2	1430.4	0	1360	1302.4
82	1014.4	0	1657.6	0	1737.6	0	1574.4	1532.8	1644.8	0	1414.4	1465.6
83	1782.4	0	1648	0	1808	0	1328	1353.6	1331.2	0	1228.8	1942.4
84	1843.2	0	1369.6	0	1414.4	0	1980.8	1820.8	1686.4	0	1344	1257.6
85	1532.8	0	1404.8	0	1337.6	0	1369.6	1734.4	1235.2	0	1401.6	1420.8
86	1392	0	1648	0	1536	0	1369.6	1769.6	1494.4	0	1513.6	1788.8
87	1440	0	1152	0	1712	0	1424	1452.8	1651.2	0	1360	1552
88	1248	0	1516.8	0	1430.4	0	1488	1225.6	1465.6	0	1366.4	1347.2
89	1440	0	1641.6	0	1929.6	0	1321.6	1651.2	1900.8	0	1232	736
90	1452.8	0	1388.8	0	1584	0	1712	1097.6	1347.2	0	1955.2	1462.4
(1,0)	(2,5810)	(3,6986)	(4,1737)	
(1,0)	(2,0)	(3,0)	(4,0)	
(1,0)	(2,2525)	(3,0)	(4,0)	
(1,0)	(2,0)	(3,0)	(4,0)	
(1,0)	(2,2236)	(3,0)	(4,0)	
(1,0)	(2,0)	(3,0)	(4,0)	
(1,0)	(2,0)	(3,0)	(4,0)	
(1,0)	(2,0)	(3,0)	(4,0)	
(1,0)	(2,0)	(3,0)	(4,0)	
(1,0)	(2,0)	(3,0)	(4,0)	
(1,0)	(2,0)	(3,0)	(4,0)	
(1,0)	(2,0)	(3,0)	(4,0)	
(1,0)	(2,0)	(3,0)	(4,0)	
avg	1537.39	0	1547.31	0	1620.91	0	1510.61	1561.28	1590.29	0	1522.56	1448.85
delay	462.948	0.0493827	469.85	0.0597015	475.426	0.363636	478.433	503.23	487.826	0.414894	509.597	508.026
loss	0.0236486	0	0.0895062	0	0.0857143	0	0.0214031	0.198251	0.107431	0	0.105419	0.225806
Command ['/home/ubuntu/ns-3.30-obss/build/scratch/simple-ofdma-adhoc6', '--ofdmaEnabled=true', '--startTime=60', '--totalTime=90', '--packetSize=4e3', '--dataMode=HeMcs6', '--datarate=30e6', '--ratio=0.375', '--RngRun=44', '--locationFile=locationtxt/locationFile42e2.txt', '--routingFile=locationtxt/routingFile42.txt', '--appFile=locationtxt/appFile.txt', '--tcp=0', '--randomTime=true', '--qosDisabled=true'] terminated with signal SIGSEGV. Run it under a debugger to get more information (./waf --run <program> --command-template="gdb --args %s <args>").
