Waf: Entering directory `/home/ubuntu/ns-3.30-obss/build'
Waf: Leaving directory `/home/ubuntu/ns-3.30-obss/build'
Build commands will be stored in build/compile_commands.json
'build' finished successfully (0.800s)
--------------------------Rate[Kbps]--------------------------
Time[s]	cl-1	cl-2	cl-3	cl-4	cl-5	cl-6	cl-7	cl-8	cl-9	cl-10	cl-11	cl-12
60	13.2	17	15.2	11.8	16.6	15.2	14.4	17.2	15.2	14.4	17.6	14
61	1801.6	0	1769.6	0	1644.8	0	1091.2	1657.6	2054.4	0	1884.8	1408
62	1782.4	0	1686.4	0	1676.8	0	1619.2	1561.6	1955.2	0	1334.4	1356.8
63	1465.6	0	1788.8	0	1497.6	0	1948.8	1622.4	1577.6	0	1561.6	1772.8
64	1427.2	0	1558.4	0	1440	0	1676.8	1875.2	2060.8	0	1286.4	1798.4
65	2057.6	0	1616	0	1715.2	0	1270.4	1145.6	1660.8	0	1673.6	1699.2
66	1315.2	0	1792	0	1420.8	0	1388.8	1401.6	1267.2	0	1731.2	1737.6
67	1465.6	0	1779.2	0	1440	0	1417.6	1379.2	1337.6	0	1689.6	1494.4
68	1465.6	0	1574.4	0	1580.8	0	1324.8	1638.4	1747.2	0	1958.4	1136
69	1609.6	0	1510.4	0	1577.6	0	1558.4	1232	1379.2	0	1529.6	1446.4
70	1801.6	0	1363.2	0	1625.6	0	1404.8	1670.4	1542.4	0	1558.4	1299.2
71	1852.8	0	1206.4	0	1120	0	1635.2	1760	1520	0	1833.6	1600
72	1728	0	1078.4	0	1497.6	0	1392	1456	1686.4	0	1529.6	1673.6
73	1542.4	0	1686.4	0	1945.6	0	1360	1580.8	1622.4	0	1225.6	1782.4
74	1510.4	0	1446.4	0	1824	0	1635.2	1440	1587.2	0	1228.8	1507.2
75	1763.2	0	1459.2	0	1376	0	1852.8	1433.6	1750.4	0	1699.2	1536
76	1612.8	0	1804.8	0	2160	0	1222.4	982.4	1516.8	0	1500.8	1414.4
77	1785.6	0	1273.6	0	1881.6	0	1369.6	1584	1478.4	0	1587.2	1478.4
78	1945.6	0	1660.8	0	1420.8	0	1270.4	1651.2	1756.8	0	1651.2	1670.4
79	1299.2	0	1580.8	0	1283.2	0	1398.4	1907.2	1820.8	0	1417.6	1782.4
80	1334.4	0	1644.8	0	2044.8	0	1977.6	1449.6	1680	0	1542.4	1449.6
81	1484.8	0	1180.8	0	1603.2	0	1734.4	1446.4	1721.6	0	1120	1696
82	1411.2	0	1180.8	0	2041.6	0	1843.2	1580.8	1760	0	1196.8	1692.8
83	1756.8	0	1427.2	0	1849.6	0	1292.8	1379.2	1929.6	0	1523.2	1433.6
84	1561.6	0	1465.6	0	1430.4	0	1248	1462.4	1910.4	0	1379.2	1622.4
85	1449.6	0	1430.4	0	1468.8	0	1654.4	1308.8	1344	0	1366.4	1331.2
86	1622.4	0	1587.2	0	1798.4	0	1350.4	1228.8	1558.4	0	1715.2	1699.2
87	1740.8	0	1699.2	0	1558.4	0	1657.6	1808	1468.8	0	1632	1216
88	2268.8	0	1872	0	1568	0	1520	1939.2	1577.6	0	1312	1712
89	1539.2	0	1408	0	1414.4	0	1091.2	1619.2	1798.4	0	1484.8	1686.4
90	1667.2	0	1187.2	0	1318.4	0	1065.6	1616	1609.6	0	1852.8	1632
(1,0)	(2,5776)	(3,6840)	(4,1845)	
(1,0)	(2,0)	(3,0)	(4,0)	
(1,0)	(2,2160)	(3,0)	(4,0)	
(1,0)	(2,0)	(3,0)	(4,0)	
(1,0)	(2,2463)	(3,0)	(4,0)	
(1,0)	(2,0)	(3,0)	(4,0)	
(1,0)	(2,0)	(3,0)	(4,0)	
(1,0)	(2,0)	(3,0)	(4,0)	
(1,0)	(2,0)	(3,0)	(4,0)	
(1,0)	(2,0)	(3,0)	(4,0)	
(1,0)	(2,0)	(3,0)	(4,0)	
(1,0)	(2,0)	(3,0)	(4,0)	
(1,0)	(2,0)	(3,0)	(4,0)	
avg	1635.63	0	1523.95	0	1607.47	0	1475.73	1527.25	1656	0	1533.55	1558.83
delay	469.607	0.0588235	441.48	0.0508475	472.528	0.394737	481.08	469.09	469.999	0.472222	464.734	489.317
loss	0.0810547	0	0.0188014	0	0.179048	0	0.176285	0.029036	0.068932	0	0.0162907	0.0970677
Command ['/home/ubuntu/ns-3.30-obss/build/scratch/simple-ofdma-adhoc6', '--ofdmaEnabled=true', '--startTime=60', '--totalTime=90', '--packetSize=4e3', '--dataMode=HeMcs6', '--datarate=30e6', '--ratio=0.375', '--RngRun=7', '--locationFile=locationtxt/locationFile42e2.txt', '--routingFile=locationtxt/routingFile42.txt', '--appFile=locationtxt/appFile.txt', '--tcp=0', '--randomTime=true', '--qosDisabled=true'] terminated with signal SIGSEGV. Run it under a debugger to get more information (./waf --run <program> --command-template="gdb --args %s <args>").
