Waf: Entering directory `/home/ubuntu/ns-3.30-obss/build'
Waf: Leaving directory `/home/ubuntu/ns-3.30-obss/build'
Build commands will be stored in build/compile_commands.json
'build' finished successfully (0.739s)
--------------------------Rate[Kbps]--------------------------
Time[s]	cl-1	cl-2	cl-3	cl-4	cl-5	cl-6	cl-7	cl-8	cl-9	cl-10	cl-11	cl-12
60	17.2	15	12	11.8	13.4	14.8	19	16.4	15.2	14.4	14.8	15
61	1459.2	0	1744	0	1126.4	0	1376	1075.2	1398.4	0	1148.8	1936
62	1664	0	1033.6	0	1532.8	0	1571.2	1862.4	1612.8	0	1577.6	1942.4
63	1430.4	0	1420.8	0	1667.2	0	1564.8	1545.6	1740.8	0	1424	1712
64	1510.4	0	1651.2	0	1827.2	0	1504	1612.8	2003.2	0	1308.8	1305.6
65	1107.2	0	1430.4	0	1849.6	0	1529.6	1414.4	1664	0	1155.2	2064
66	1254.4	0	1520	0	1305.6	0	1494.4	870.4	1750.4	0	1840	1753.6
67	1616	0	1500.8	0	1558.4	0	1964.8	1526.4	1388.8	0	1401.6	1430.4
68	1792	0	1958.4	0	1968	0	1731.2	1862.4	1408	0	1308.8	1308.8
69	1894.4	0	1379.2	0	1401.6	0	1305.6	1881.6	1779.2	0	1894.4	1462.4
70	988.8	0	1510.4	0	1692.8	0	2009.6	1676.8	1622.4	0	1753.6	1622.4
71	1564.8	0	1683.2	0	1123.2	0	1414.4	1804.8	1625.6	0	1897.6	1670.4
72	2089.6	0	1523.2	0	1910.4	0	1718.4	1756.8	1353.6	0	1382.4	1484.8
73	1536	0	1376	0	1968	0	1020.8	1500.8	1961.6	0	1193.6	1456
74	1676.8	0	1536	0	1872	0	1539.2	1705.6	1564.8	0	2003.2	1388.8
75	1436.8	0	1708.8	0	1507.2	0	1993.6	1603.2	1622.4	0	1689.6	1433.6
76	1376	0	2252.8	0	1504	0	1427.2	1747.2	1369.6	0	1667.2	1363.2
77	1904	0	1235.2	0	1625.6	0	1676.8	1568	1481.6	0	1107.2	1600
78	1395.2	0	2310.4	0	2006.4	0	1529.6	1545.6	1305.6	0	940.8	1347.2
79	1321.6	0	1417.6	0	1840	0	1251.2	1366.4	1718.4	0	1676.8	1420.8
80	1203.2	0	1830.4	0	1200	0	1523.2	1542.4	1404.8	0	1475.2	1718.4
81	1564.8	0	1545.6	0	1657.6	0	1347.2	1440	1753.6	0	1900.8	1350.4
82	1638.4	0	1878.4	0	1952	0	1648	1731.2	1324.8	0	1766.4	1545.6
83	1868.8	0	1292.8	0	1577.6	0	1638.4	1385.6	1302.4	0	1404.8	1260.8
84	1392	0	1414.4	0	2000	0	1369.6	1718.4	1324.8	0	1603.2	1411.2
85	1820.8	0	1638.4	0	1721.6	0	1068.8	1561.6	1491.2	0	1155.2	1654.4
86	1164.8	0	1705.6	0	1334.4	0	1718.4	1177.6	1596.8	0	1353.6	2003.2
87	1350.4	0	1552	0	1891.2	0	1603.2	1740.8	1648	0	1388.8	1680
88	1529.6	0	1289.6	0	1833.6	0	1689.6	1184	1414.4	0	1820.8	2025.6
89	1904	0	1449.6	0	2057.6	0	1660.8	1392	1404.8	0	1817.6	1299.2
90	1990.4	0	1340.8	0	1468.8	0	1840	1481.6	1555.2	0	1200	1404.8
(1,0)	(2,5096)	(3,3951)	(4,856)	
(1,0)	(2,0)	(3,0)	(4,0)	
(1,0)	(2,1326)	(3,0)	(4,0)	
(1,0)	(2,0)	(3,0)	(4,0)	
(1,0)	(2,1180)	(3,0)	(4,0)	
(1,0)	(2,0)	(3,0)	(4,0)	
(1,0)	(2,0)	(3,0)	(4,0)	
(1,0)	(2,0)	(3,0)	(4,0)	
(1,0)	(2,0)	(3,0)	(4,0)	
(1,0)	(2,0)	(3,0)	(4,0)	
(1,0)	(2,0)	(3,0)	(4,0)	
(1,0)	(2,0)	(3,0)	(4,0)	
(1,0)	(2,0)	(3,0)	(4,0)	
avg	1548.16	0	1570.99	0	1666.03	0	1557.65	1542.72	1553.07	0	1508.59	1568.53
delay	21.2677	0.0533333	21.8889	0.118644	32.0057	0.364865	33.6477	30.0035	29.7348	0.375	29.0244	25.4011
loss	0	0	0	0	0	0	0.00113507	0	0	0	0	0.00110375
Command ['/home/ubuntu/ns-3.30-obss/build/scratch/simple-ofdma-adhoc6', '--ofdmaEnabled=true', '--startTime=60', '--totalTime=90', '--packetSize=4e3', '--dataMode=HeMcs6', '--datarate=25e6', '--ratio=0.375', '--RngRun=50', '--locationFile=locationtxt/locationFile42e2.txt', '--routingFile=locationtxt/routingFile42.txt', '--appFile=locationtxt/appFile.txt', '--tcp=0', '--randomTime=true', '--qosDisabled=true'] terminated with signal SIGSEGV. Run it under a debugger to get more information (./waf --run <program> --command-template="gdb --args %s <args>").
