Waf: Entering directory `/home/ubuntu/ns-3.30-obss/build'
Waf: Leaving directory `/home/ubuntu/ns-3.30-obss/build'
Build commands will be stored in build/compile_commands.json
'build' finished successfully (0.964s)
--------------------------Rate[Kbps]--------------------------
Time[s]	cl-1	cl-2	cl-3	cl-4	cl-5	cl-6	cl-7	cl-8	cl-9	cl-10	cl-11	cl-12
60	18.6	17	12.2	13	13.4	14.4	18.4	14.4	15.4	13.8	17.4	16
61	1417.6	0	1152	0	1174.4	0	1331.2	1209.6	1219.2	0	1558.4	1760
62	1228.8	0	1801.6	0	1587.2	0	1324.8	1728	2096	0	1296	1577.6
63	1305.6	0	1331.2	0	1267.2	0	1382.4	1264	1356.8	0	1488	1366.4
64	1555.2	0	1459.2	0	1516.8	0	1264	1097.6	1513.6	0	1785.6	1049.6
65	1507.2	0	1603.2	0	1577.6	0	1596.8	1267.2	1734.4	0	1705.6	1721.6
66	1590.4	0	1424	0	1782.4	0	1113.6	2054.4	1443.2	0	1392	1827.2
67	1222.4	0	1664	0	1510.4	0	1622.4	1644.8	1840	0	1216	1443.2
68	1497.6	0	1155.2	0	1200	0	1404.8	1699.2	1427.2	0	1536	1651.2
69	2387.2	0	1577.6	0	1347.2	0	1443.2	1724.8	1494.4	0	1667.2	1724.8
70	1360	0	1513.6	0	1238.4	0	1555.2	1808	1667.2	0	1840	1321.6
71	1763.2	0	1344	0	1420.8	0	1020.8	1865.6	1459.2	0	1558.4	1635.2
72	1539.2	0	1504	0	1084.8	0	1276.8	1145.6	1712	0	1622.4	1632
73	1513.6	0	1849.6	0	1769.6	0	1491.2	1696	1612.8	0	1056	1184
74	1152	0	1344	0	1296	0	1529.6	1772.8	1280	0	1654.4	1872
75	1404.8	0	1388.8	0	1260.8	0	1555.2	1625.6	1529.6	0	1606.4	1414.4
76	1721.6	0	2009.6	0	1216	0	2262.4	1232	1449.6	0	1369.6	1648
77	1446.4	0	1040	0	1481.6	0	812.8	1776	1526.4	0	1852.8	1811.2
78	1654.4	0	1888	0	956.8	0	1014.4	1520	1974.4	0	1664	1321.6
79	1430.4	0	1465.6	0	1564.8	0	1264	1641.6	2243.2	0	1372.8	1484.8
80	1532.8	0	1465.6	0	1152	0	1462.4	1644.8	796.8	0	1404.8	2137.6
81	1468.8	0	1641.6	0	1337.6	0	1190.4	1747.2	1987.2	0	1884.8	1667.2
82	1513.6	0	1168	0	1888	0	1616	985.6	1027.2	0	1721.6	1283.2
83	1507.2	0	1344	0	1216	0	1328	1276.8	1926.4	0	1587.2	1353.6
84	1686.4	0	1936	0	1542.4	0	1820.8	1577.6	1411.2	0	1497.6	1766.4
85	1840	0	1571.2	0	1875.2	0	1788.8	1702.4	1590.4	0	1846.4	1315.2
86	2118.4	0	1609.6	0	1996.8	0	1222.4	1379.2	1654.4	0	1491.2	1894.4
87	1612.8	0	1449.6	0	1891.2	0	1321.6	1116.8	1830.4	0	1689.6	1190.4
88	1654.4	0	1155.2	0	1776	0	1414.4	1561.6	1251.2	0	1830.4	1552
89	1254.4	0	1740.8	0	1312	0	1737.6	1507.2	1526.4	0	1280	1529.6
90	1686.4	0	1113.6	0	1235.2	0	1251.2	1504	1612.8	0	1686.4	1436.8
(1,0)	(2,4670)	(3,3100)	(4,596)	
(1,0)	(2,0)	(3,0)	(4,0)	
(1,0)	(2,930)	(3,0)	(4,0)	
(1,0)	(2,0)	(3,0)	(4,0)	
(1,0)	(2,1011)	(3,0)	(4,0)	
(1,0)	(2,0)	(3,0)	(4,0)	
(1,0)	(2,0)	(3,0)	(4,0)	
(1,0)	(2,0)	(3,0)	(4,0)	
(1,0)	(2,0)	(3,0)	(4,0)	
(1,0)	(2,0)	(3,0)	(4,0)	
(1,0)	(2,0)	(3,0)	(4,0)	
(1,0)	(2,0)	(3,0)	(4,0)	
(1,0)	(2,0)	(3,0)	(4,0)	
avg	1552.43	0	1490.35	0	1449.17	0	1413.97	1525.87	1573.12	0	1572.05	1552.43
delay	15.4484	0.0588235	12.563	0.0461538	17.9425	0.388889	30.2188	24.346	15.8081	0.434783	16.4261	15.972
loss	0	0	0	0	0	0	0	0	0	0	0	0
Command ['/home/ubuntu/ns-3.30-obss/build/scratch/simple-ofdma-adhoc6', '--ofdmaEnabled=true', '--startTime=60', '--totalTime=90', '--packetSize=4e3', '--dataMode=HeMcs6', '--datarate=25e6', '--ratio=0.375', '--RngRun=32', '--locationFile=locationtxt/locationFile42e2.txt', '--routingFile=locationtxt/routingFile42.txt', '--appFile=locationtxt/appFile.txt', '--tcp=0', '--randomTime=true', '--qosDisabled=true'] terminated with signal SIGSEGV. Run it under a debugger to get more information (./waf --run <program> --command-template="gdb --args %s <args>").
