Waf: Entering directory `/home/ubuntu/ns-3.30-obss/build'
Waf: Leaving directory `/home/ubuntu/ns-3.30-obss/build'
Build commands will be stored in build/compile_commands.json
'build' finished successfully (0.739s)
--------------------------Rate[Kbps]--------------------------
Time[s]	cl-1	cl-2	cl-3	cl-4	cl-5	cl-6	cl-7	cl-8	cl-9	cl-10	cl-11	cl-12
60	18.4	13.2	14	16.4	10	14	11.2	15.8	14.8	15.6	9.4	15.8
61	1033.6	0	1203.2	0	1478.4	0	1065.6	1456	976	0	1635.2	1152
62	1507.2	0	1385.6	0	1318.4	0	1264	1449.6	1251.2	0	1539.2	1408
63	1142.4	0	1206.4	0	1219.2	0	1142.4	1404.8	1225.6	0	1974.4	1254.4
64	1392	0	1552	0	1177.6	0	1676.8	1040	1372.8	0	956.8	1241.6
65	1299.2	0	1171.2	0	1017.6	0	1267.2	1084.8	886.4	0	1360	1276.8
66	1014.4	0	988.8	0	1273.6	0	1459.2	1344	857.6	0	1081.6	1283.2
67	1510.4	0	1846.4	0	1523.2	0	1593.6	1065.6	1174.4	0	1145.6	691.2
68	1491.2	0	832	0	1392	0	1110.4	1388.8	892.8	0	1577.6	1113.6
69	1350.4	0	1299.2	0	1164.8	0	1529.6	1232	1209.6	0	1177.6	1027.2
70	1267.2	0	979.2	0	1308.8	0	1344	1235.2	854.4	0	1206.4	1107.2
71	1376	0	1120	0	1433.6	0	995.2	982.4	1270.4	0	809.6	1446.4
72	1465.6	0	1430.4	0	1238.4	0	1296	1324.8	1395.2	0	1139.2	1200
73	1497.6	0	1388.8	0	1529.6	0	1177.6	1366.4	1164.8	0	972.8	1363.2
74	1180.8	0	1468.8	0	1260.8	0	1449.6	1616	1222.4	0	1158.4	1376
75	1686.4	0	1392	0	1219.2	0	1280	1120	1081.6	0	1264	1433.6
76	1545.6	0	1264	0	1200	0	1468.8	1171.2	1120	0	1260.8	1510.4
77	966.4	0	1212.8	0	1452.8	0	812.8	1267.2	1388.8	0	1286.4	1456
78	1203.2	0	1468.8	0	1340.8	0	1235.2	1024	1408	0	1433.6	1120
79	1340.8	0	838.4	0	1113.6	0	1427.2	1168	1033.6	0	1216	1212.8
80	1206.4	0	1424	0	1168	0	1078.4	1408	1024	0	1164.8	1072
81	1667.2	0	1168	0	1324.8	0	1059.2	1228.8	1014.4	0	1513.6	1283.2
82	1235.2	0	1203.2	0	1132.8	0	1232	1360	998.4	0	1113.6	931.2
83	992	0	1024	0	1302.4	0	1158.4	1299.2	1667.2	0	1081.6	1228.8
84	1462.4	0	1558.4	0	1196.8	0	1004.8	1209.6	1132.8	0	825.6	1606.4
85	1363.2	0	1184	0	1414.4	0	729.6	1257.6	972.8	0	1408	1238.4
86	1200	0	1619.2	0	1552	0	1376	1420.8	1372.8	0	1344	1331.2
87	956.8	0	1068.8	0	1148.8	0	1193.6	1363.2	1564.8	0	1286.4	1158.4
88	1187.2	0	1545.6	0	1187.2	0	876.8	921.6	1456	0	1356.8	1555.2
89	1379.2	0	1283.2	0	1337.6	0	1526.4	889.6	1392	0	1216	899.2
90	1177.6	0	1248	0	1161.6	0	1385.6	1228.8	1321.6	0	1264	1289.6
(1,0)	(2,3001)	(3,826)	(4,110)	
(1,0)	(2,0)	(3,0)	(4,0)	
(1,0)	(2,275)	(3,0)	(4,0)	
(1,0)	(2,0)	(3,0)	(4,0)	
(1,0)	(2,289)	(3,0)	(4,0)	
(1,0)	(2,0)	(3,0)	(4,0)	
(1,0)	(2,0)	(3,0)	(4,0)	
(1,0)	(2,0)	(3,0)	(4,0)	
(1,0)	(2,0)	(3,0)	(4,0)	
(1,0)	(2,0)	(3,0)	(4,0)	
(1,0)	(2,0)	(3,0)	(4,0)	
(1,0)	(2,0)	(3,0)	(4,0)	
(1,0)	(2,0)	(3,0)	(4,0)	
avg	1303.25	0	1279.15	0	1286.29	0	1240.53	1244.27	1190.08	0	1258.99	1242.24
delay	2.15681	0.166667	1.18551	0.0487805	2.22469	0.428571	2.31967	2.02679	2.17015	0.320513	1.98522	1.97753
loss	0	0	0	0	0	0	0	0	0	0	0	0
Command ['/home/ubuntu/ns-3.30-obss/build/scratch/simple-ofdma-adhoc6', '--ofdmaEnabled=true', '--startTime=60', '--totalTime=90', '--packetSize=4e3', '--dataMode=HeMcs6', '--datarate=20e6', '--ratio=0.375', '--RngRun=26', '--locationFile=locationtxt/locationFile42e2.txt', '--routingFile=locationtxt/routingFile42.txt', '--appFile=locationtxt/appFile.txt', '--tcp=0', '--randomTime=true', '--qosDisabled=true'] terminated with signal SIGSEGV. Run it under a debugger to get more information (./waf --run <program> --command-template="gdb --args %s <args>").
