Waf: Entering directory `/home/ubuntu/ns-3.30-obss/build'
Waf: Leaving directory `/home/ubuntu/ns-3.30-obss/build'
Build commands will be stored in build/compile_commands.json
'build' finished successfully (0.842s)
--------------------------Rate[Kbps]--------------------------
Time[s]	cl-1	cl-2	cl-3	cl-4	cl-5	cl-6	cl-7	cl-8	cl-9	cl-10	cl-11	cl-12	cl-13	cl-14
60	15.8	12.6	15.4	19.4	15.6	12	12.6	13.4	13.8	16.6	14	13.4	14.4	13.8
61	0	0	0	0	0	0	899.2	1171.2	771.2	1056	1168	630.4	1097.6	883.2
62	0	0	0	0	0	0	825.6	1052.8	937.6	1097.6	710.4	956.8	1062.4	710.4
63	0	0	0	0	0	0	896	892.8	630.4	588.8	854.4	710.4	947.2	1392
64	0	0	0	0	0	0	636.8	620.8	966.4	1164.8	659.2	1001.6	899.2	969.6
65	0	0	0	0	0	0	742.4	713.6	768	1030.4	902.4	576	809.6	902.4
66	0	0	0	0	0	0	854.4	796.8	876.8	780.8	790.4	566.4	1139.2	880
67	0	0	0	0	0	0	796.8	592	838.4	966.4	1078.4	860.8	940.8	496
68	0	0	0	0	0	0	739.2	691.2	755.2	851.2	476.8	1068.8	998.4	675.2
69	0	0	0	0	0	0	915.2	873.6	921.6	950.4	646.4	636.8	972.8	918.4
70	0	0	0	0	0	0	636.8	806.4	857.6	758.4	646.4	1056	950.4	716.8
71	0	0	0	0	0	0	966.4	944	796.8	662.4	870.4	963.2	697.6	812.8
72	0	0	0	0	0	0	726.4	800	902.4	1148.8	950.4	739.2	710.4	841.6
73	0	0	0	0	0	0	902.4	889.6	531.2	809.6	659.2	816	726.4	1024
74	0	0	0	0	0	0	499.2	816	998.4	912	1129.6	988.8	1068.8	697.6
75	0	0	0	0	0	0	880	806.4	886.4	777.6	720	742.4	953.6	806.4
76	0	0	0	0	0	0	816	611.2	483.2	1248	528	924.8	1049.6	1097.6
77	0	0	0	0	0	0	684.8	579.2	1020.8	608	758.4	681.6	963.2	883.2
78	0	0	0	0	0	0	1126.4	809.6	681.6	787.2	953.6	393.6	921.6	851.2
79	0	0	0	0	0	0	723.2	780.8	1315.2	688	1056	784	812.8	729.6
80	0	0	0	0	0	0	950.4	745.6	1033.6	662.4	640	947.2	1158.4	816
81	0	0	0	0	0	0	867.2	912	742.4	678.4	614.4	598.4	886.4	1033.6
82	0	0	0	0	0	0	848	854.4	931.2	985.6	825.6	515.2	1033.6	969.6
83	0	0	0	0	0	0	1052.8	905.6	771.2	630.4	617.6	928	723.2	937.6
84	0	0	0	0	0	0	816	624	867.2	659.2	588.8	1088	611.2	774.4
85	0	0	0	0	0	0	598.4	886.4	540.8	822.4	1107.2	854.4	864	803.2
86	0	0	0	0	0	0	748.8	787.2	1302.4	851.2	835.2	796.8	588.8	771.2
87	0	0	0	0	0	0	614.4	716.8	752	854.4	608	864	876.8	995.2
88	0	0	0	0	0	0	1043.2	547.2	860.8	953.6	649.6	723.2	902.4	867.2
89	0	0	0	0	0	0	979.2	668.8	547.2	931.2	979.2	764.8	944	572.8
90	0	0	0	0	0	0	675.2	832	732.8	579.2	758.4	707.2	972.8	921.6
(1,0)	(2,10557)	(3,0)	(4,0)	
(1,0)	(2,3622)	(3,0)	(4,0)	
(1,0)	(2,3593)	(3,0)	(4,0)	
(1,0)	(2,1058)	(3,0)	(4,0)	
(1,0)	(2,1049)	(3,0)	(4,0)	
(1,0)	(2,924)	(3,0)	(4,0)	
(1,0)	(2,1166)	(3,0)	(4,0)	
(1,0)	(2,0)	(3,0)	(4,0)	
(1,0)	(2,0)	(3,0)	(4,0)	
(1,0)	(2,0)	(3,0)	(4,0)	
(1,0)	(2,0)	(3,0)	(4,0)	
(1,0)	(2,0)	(3,0)	(4,0)	
(1,0)	(2,0)	(3,0)	(4,0)	
(1,0)	(2,0)	(3,0)	(4,0)	
(1,0)	(2,0)	(3,0)	(4,0)	
avg	0	0	0	0	0	0	815.36	790.933	834.027	849.813	792.747	796.16	909.44	858.347
delay	0.0632911	0.047619	0.298701	0.298969	0.397436	0.316667	527.94	526.357	524.709	528.926	521.215	529.143	519.844	528.482
loss	0	0	0	0	0	0	0.189655	0.216	0.47976	0.193506	0.196286	0.466267	0.408135	0.211491
Command ['/home/ubuntu/ns-3.30-obss/build/scratch/simple-ofdma-adhoc6', '--ofdmaEnabled=true', '--startTime=60', '--totalTime=90', '--packetSize=4e3', '--dataMode=HeMcs5', '--datarate=25e6', '--ratio=0.375', '--RngRun=15', '--locationFile=locationtxt/locationFile222.txt', '--routingFile=locationtxt/routingFile222.txt', '--appFile=locationtxt/appFile.txt', '--tcp=0', '--randomTime=true', '--qosDisabled=true'] terminated with signal SIGSEGV. Run it under a debugger to get more information (./waf --run <program> --command-template="gdb --args %s <args>").
