Waf: Entering directory `/home/ubuntu/ns-3.30-obss/build'
Waf: Leaving directory `/home/ubuntu/ns-3.30-obss/build'
Build commands will be stored in build/compile_commands.json
'build' finished successfully (0.680s)
--------------------------Rate[Kbps]--------------------------
Time[s]	cl-1	cl-2	cl-3	cl-4	cl-5	cl-6	cl-7	cl-8	cl-9	cl-10	cl-11	cl-12	cl-13	cl-14
60	15.6	14.6	13.4	14.8	14	15.8	15.6	11.4	13.8	17.8	14.2	15.8	16.2	14.2
61	0	0	0	0	0	0	284.8	352	176	243.2	352	268.8	259.2	265.6
62	0	0	0	0	0	0	262.4	297.6	243.2	272	275.2	217.6	291.2	307.2
63	0	0	0	0	0	0	208	358.4	384	310.4	224	323.2	291.2	268.8
64	0	0	0	0	0	0	224	278.4	278.4	230.4	406.4	332.8	313.6	432
65	0	0	0	0	0	0	374.4	297.6	336	297.6	393.6	329.6	284.8	268.8
66	0	0	0	0	0	0	320	323.2	288	313.6	316.8	259.2	320	345.6
67	0	0	0	0	0	0	400	249.6	227.2	304	320	284.8	348.8	320
68	0	0	0	0	0	0	272	368	256	432	361.6	265.6	288	339.2
69	0	0	0	0	0	0	313.6	272	332.8	316.8	272	291.2	262.4	352
70	0	0	0	0	0	0	384	192	313.6	380.8	320	268.8	345.6	384
71	0	0	0	0	0	0	422.4	428.8	374.4	262.4	300.8	307.2	374.4	284.8
72	0	0	0	0	0	0	252.8	201.6	284.8	409.6	329.6	249.6	316.8	364.8
73	0	0	0	0	0	0	307.2	342.4	313.6	368	361.6	332.8	406.4	326.4
74	0	0	0	0	0	0	384	297.6	352	361.6	240	233.6	320	380.8
75	0	0	0	0	0	0	313.6	281.6	358.4	320	358.4	345.6	393.6	265.6
76	0	0	0	0	0	0	326.4	320	326.4	425.6	364.8	345.6	326.4	246.4
77	0	0	0	0	0	0	355.2	390.4	288	342.4	329.6	409.6	355.2	297.6
78	0	0	0	0	0	0	281.6	374.4	249.6	265.6	272	342.4	326.4	288
79	0	0	0	0	0	0	329.6	393.6	291.2	224	297.6	281.6	304	380.8
80	0	0	0	0	0	0	240	377.6	272	361.6	339.2	304	291.2	249.6
81	0	0	0	0	0	0	208	384	278.4	313.6	233.6	304	377.6	377.6
82	0	0	0	0	0	0	268.8	272	323.2	288	304	342.4	380.8	256
83	0	0	0	0	0	0	281.6	272	387.2	400	422.4	268.8	297.6	342.4
84	0	0	0	0	0	0	400	272	275.2	329.6	297.6	240	291.2	275.2
85	0	0	0	0	0	0	368	256	275.2	336	377.6	361.6	217.6	342.4
86	0	0	0	0	0	0	265.6	326.4	236.8	208	294.4	384	336	432
87	0	0	0	0	0	0	265.6	288	217.6	281.6	220.8	294.4	208	316.8
88	0	0	0	0	0	0	336	297.6	320	320	262.4	272	310.4	288
89	0	0	0	0	0	0	288	393.6	406.4	374.4	377.6	336	342.4	284.8
90	0	0	0	0	0	0	352	249.6	310.4	352	259.2	361.6	336	297.6
(1,0)	(2,173)	(3,0)	(4,0)	
(1,0)	(2,59)	(3,0)	(4,0)	
(1,0)	(2,57)	(3,0)	(4,0)	
(1,0)	(2,12)	(3,0)	(4,0)	
(1,0)	(2,10)	(3,0)	(4,0)	
(1,0)	(2,18)	(3,0)	(4,0)	
(1,0)	(2,12)	(3,0)	(4,0)	
(1,0)	(2,0)	(3,0)	(4,0)	
(1,0)	(2,0)	(3,0)	(4,0)	
(1,0)	(2,0)	(3,0)	(4,0)	
(1,0)	(2,0)	(3,0)	(4,0)	
(1,0)	(2,0)	(3,0)	(4,0)	
(1,0)	(2,0)	(3,0)	(4,0)	
(1,0)	(2,0)	(3,0)	(4,0)	
(1,0)	(2,0)	(3,0)	(4,0)	
avg	0	0	0	0	0	0	309.653	313.6	299.2	321.493	316.16	305.28	317.227	319.36
delay	0.0512821	0.0684932	0.313433	0.310811	0.314286	0.493671	1.50336	3.79429	3.72455	1.97802	1.91209	1.36986	1.42254	3.64641
loss	0	0	0	0	0	0	0	0	0	0	0	0	0	0
Command ['/home/ubuntu/ns-3.30-obss/build/scratch/simple-ofdma-adhoc6', '--ofdmaEnabled=true', '--startTime=60', '--totalTime=90', '--packetSize=4e3', '--dataMode=HeMcs5', '--datarate=5e6', '--ratio=0.375', '--RngRun=20', '--locationFile=locationtxt/locationFile222.txt', '--routingFile=locationtxt/routingFile222.txt', '--appFile=locationtxt/appFile.txt', '--tcp=0', '--randomTime=true', '--qosDisabled=true'] terminated with signal SIGSEGV. Run it under a debugger to get more information (./waf --run <program> --command-template="gdb --args %s <args>").
