Waf: Entering directory `/home/ubuntu/ns-3.30-obss/build'
Waf: Leaving directory `/home/ubuntu/ns-3.30-obss/build'
Build commands will be stored in build/compile_commands.json
'build' finished successfully (0.781s)
--------------------------Rate[Kbps]--------------------------
Time[s]	cl-1	cl-2	cl-3	cl-4	cl-5	cl-6	cl-7	cl-8	cl-9	cl-10	cl-11	cl-12	cl-13	cl-14
60	13.2	14.2	15	13	13	11.8	14.6	13.8	12.6	17	15	14.6	15.2	15
61	0	0	0	0	0	0	867.2	761.6	835.2	857.6	672	876.8	886.4	729.6
62	0	0	0	0	0	0	1312	931.2	1148.8	918.4	617.6	985.6	572.8	1120
63	0	0	0	0	0	0	1126.4	1142.4	832	841.6	976	944	806.4	1228.8
64	0	0	0	0	0	0	1190.4	736	899.2	1033.6	1148.8	1043.2	832	1040
65	0	0	0	0	0	0	1068.8	688	755.2	1123.2	1020.8	1004.8	896	944
66	0	0	0	0	0	0	928	889.6	886.4	825.6	1017.6	803.2	784	940.8
67	0	0	0	0	0	0	998.4	985.6	854.4	883.2	1094.4	1190.4	883.2	851.2
68	0	0	0	0	0	0	902.4	896	944	928	1056	976	1065.6	806.4
69	0	0	0	0	0	0	953.6	1027.2	896	1072	1024	1062.4	886.4	1001.6
70	0	0	0	0	0	0	876.8	755.2	838.4	867.2	1011.2	729.6	1139.2	985.6
71	0	0	0	0	0	0	1104	1062.4	777.6	1088	905.6	1107.2	1078.4	1011.2
72	0	0	0	0	0	0	1321.6	707.2	1164.8	675.2	803.2	880	988.8	908.8
73	0	0	0	0	0	0	1110.4	1011.2	704	883.2	1014.4	1078.4	1004.8	755.2
74	0	0	0	0	0	0	886.4	1328	883.2	950.4	886.4	1094.4	915.2	678.4
75	0	0	0	0	0	0	816	732.8	748.8	1036.8	934.4	992	940.8	905.6
76	0	0	0	0	0	0	1027.2	860.8	835.2	960	1084.8	691.2	819.2	966.4
77	0	0	0	0	0	0	937.6	697.6	1062.4	819.2	1168	889.6	915.2	985.6
78	0	0	0	0	0	0	985.6	1043.2	1264	918.4	752	1056	1033.6	1104
79	0	0	0	0	0	0	1094.4	940.8	953.6	723.2	992	1158.4	928	1017.6
80	0	0	0	0	0	0	1020.8	979.2	1267.2	1107.2	998.4	614.4	870.4	1107.2
81	0	0	0	0	0	0	944	857.6	1062.4	1270.4	860.8	1100.8	937.6	937.6
82	0	0	0	0	0	0	739.2	755.2	1088	1132.8	921.6	1068.8	1174.4	1052.8
83	0	0	0	0	0	0	1091.2	963.2	886.4	1097.6	1036.8	812.8	1008	1011.2
84	0	0	0	0	0	0	1056	793.6	940.8	1184	1024	931.2	924.8	819.2
85	0	0	0	0	0	0	950.4	857.6	886.4	1001.6	1020.8	832	1113.6	742.4
86	0	0	0	0	0	0	1052.8	979.2	867.2	764.8	899.2	1065.6	726.4	1088
87	0	0	0	0	0	0	889.6	1129.6	1088	972.8	963.2	1100.8	758.4	963.2
88	0	0	0	0	0	0	835.2	739.2	988.8	707.2	905.6	960	720	1065.6
89	0	0	0	0	0	0	524.8	1251.2	892.8	774.4	908.8	761.6	1078.4	1145.6
90	0	0	0	0	0	0	1052.8	988.8	1113.6	960	569.6	880	988.8	841.6
(1,0)	(2,7092)	(3,0)	(4,0)	
(1,0)	(2,2438)	(3,0)	(4,0)	
(1,0)	(2,2379)	(3,0)	(4,0)	
(1,0)	(2,711)	(3,0)	(4,0)	
(1,0)	(2,651)	(3,0)	(4,0)	
(1,0)	(2,695)	(3,0)	(4,0)	
(1,0)	(2,660)	(3,0)	(4,0)	
(1,0)	(2,0)	(3,0)	(4,0)	
(1,0)	(2,0)	(3,0)	(4,0)	
(1,0)	(2,0)	(3,0)	(4,0)	
(1,0)	(2,0)	(3,0)	(4,0)	
(1,0)	(2,0)	(3,0)	(4,0)	
(1,0)	(2,0)	(3,0)	(4,0)	
(1,0)	(2,0)	(3,0)	(4,0)	
(1,0)	(2,0)	(3,0)	(4,0)	
avg	0	0	0	0	0	0	988.8	916.373	945.493	945.92	942.933	956.373	922.56	958.507
delay	0.0454545	0.056338	0.333333	0.523077	0.446154	0.305085	38.1187	32.8546	38.421	32.5425	37.0861	29.229	36.6076	30.1274
loss	0	0	0	0	0	0	0.00179533	0	0	0	0.00373134	0	0	0.00215517
Command ['/home/ubuntu/ns-3.30-obss/build/scratch/simple-ofdma-adhoc6', '--ofdmaEnabled=true', '--startTime=60', '--totalTime=90', '--packetSize=4e3', '--dataMode=HeMcs5', '--datarate=15e6', '--ratio=0.375', '--RngRun=17', '--locationFile=locationtxt/locationFile222.txt', '--routingFile=locationtxt/routingFile222.txt', '--appFile=locationtxt/appFile.txt', '--tcp=0', '--randomTime=true', '--qosDisabled=true'] terminated with signal SIGSEGV. Run it under a debugger to get more information (./waf --run <program> --command-template="gdb --args %s <args>").
