Waf: Entering directory `/home/ubuntu/ns-3.30-obss/build'
Waf: Leaving directory `/home/ubuntu/ns-3.30-obss/build'
Build commands will be stored in build/compile_commands.json
'build' finished successfully (0.971s)
--------------------------Rate[Kbps]--------------------------
Time[s]	cl-1	cl-2	cl-3	cl-4	cl-5	cl-6	cl-7	cl-8	cl-9	cl-10	cl-11	cl-12	cl-13	cl-14
60	15.4	13	14.2	16	18.2	12.4	13.6	14.2	13.4	15.8	16.2	12.4	14.2	12.4
61	0	0	0	0	0	0	784	627.2	1027.2	1187.2	956.8	998.4	1238.4	1072
62	0	0	0	0	0	0	553.6	988.8	1145.6	822.4	918.4	803.2	848	614.4
63	0	0	0	0	0	0	838.4	860.8	768	732.8	691.2	752	652.8	915.2
64	0	0	0	0	0	0	937.6	937.6	700.8	566.4	652.8	672	764.8	723.2
65	0	0	0	0	0	0	828.8	784	476.8	592	848	899.2	470.4	588.8
66	0	0	0	0	0	0	732.8	988.8	636.8	841.6	691.2	611.2	800	1225.6
67	0	0	0	0	0	0	576	793.6	896	812.8	723.2	844.8	793.6	713.6
68	0	0	0	0	0	0	764.8	713.6	832	876.8	780.8	515.2	870.4	620.8
69	0	0	0	0	0	0	921.6	585.6	627.2	912	752	771.2	723.2	704
70	0	0	0	0	0	0	780.8	835.2	819.2	723.2	691.2	809.6	624	595.2
71	0	0	0	0	0	0	784	700.8	723.2	595.2	684.8	556.8	899.2	697.6
72	0	0	0	0	0	0	848	598.4	777.6	563.2	620.8	982.4	816	601.6
73	0	0	0	0	0	0	697.6	816	438.4	560	828.8	1180.8	937.6	886.4
74	0	0	0	0	0	0	620.8	1209.6	972.8	1142.4	419.2	550.4	854.4	534.4
75	0	0	0	0	0	0	825.6	825.6	512	675.2	982.4	576	841.6	720
76	0	0	0	0	0	0	876.8	793.6	627.2	403.2	729.6	649.6	873.6	784
77	0	0	0	0	0	0	816	790.4	640	694.4	748.8	656	736	422.4
78	0	0	0	0	0	0	537.6	812.8	681.6	864	707.2	758.4	716.8	873.6
79	0	0	0	0	0	0	534.4	777.6	582.4	803.2	880	739.2	627.2	860.8
80	0	0	0	0	0	0	563.2	851.2	928	707.2	764.8	790.4	640	668.8
81	0	0	0	0	0	0	803.2	649.6	928	870.4	649.6	636.8	480	457.6
82	0	0	0	0	0	0	572.8	777.6	646.4	652.8	1027.2	812.8	982.4	1180.8
83	0	0	0	0	0	0	684.8	793.6	1097.6	473.6	732.8	790.4	838.4	617.6
84	0	0	0	0	0	0	553.6	784	732.8	915.2	483.2	982.4	739.2	915.2
85	0	0	0	0	0	0	694.4	566.4	572.8	1190.4	656	803.2	828.8	681.6
86	0	0	0	0	0	0	726.4	761.6	848	547.2	515.2	755.2	736	665.6
87	0	0	0	0	0	0	672	784	748.8	560	528	611.2	966.4	668.8
88	0	0	0	0	0	0	937.6	851.2	659.2	873.6	710.4	697.6	611.2	588.8
89	0	0	0	0	0	0	796.8	851.2	822.4	636.8	684.8	1107.2	742.4	608
90	0	0	0	0	0	0	640	745.6	540.8	828.8	726.4	627.2	688	905.6
(1,0)	(2,10625)	(3,0)	(4,0)	
(1,0)	(2,3598)	(3,0)	(4,0)	
(1,0)	(2,3986)	(3,0)	(4,0)	
(1,0)	(2,1144)	(3,0)	(4,0)	
(1,0)	(2,1008)	(3,0)	(4,0)	
(1,0)	(2,1067)	(3,0)	(4,0)	
(1,0)	(2,1126)	(3,0)	(4,0)	
(1,0)	(2,0)	(3,0)	(4,0)	
(1,0)	(2,0)	(3,0)	(4,0)	
(1,0)	(2,0)	(3,0)	(4,0)	
(1,0)	(2,0)	(3,0)	(4,0)	
(1,0)	(2,0)	(3,0)	(4,0)	
(1,0)	(2,0)	(3,0)	(4,0)	
(1,0)	(2,0)	(3,0)	(4,0)	
(1,0)	(2,0)	(3,0)	(4,0)	
avg	0	0	0	0	0	0	730.133	795.2	746.987	754.133	726.187	764.693	778.027	737.067
delay	0.0519481	0.107692	0.295775	0.3125	0.307692	0.322581	551.691	558.347	554.667	530.578	552.874	549.858	532.436	530.176
loss	0	0	0	0	0	0	0.635492	0.391389	0.398889	0.201333	0.640904	0.677789	0.242678	0.24359
Command ['/home/ubuntu/ns-3.30-obss/build/scratch/simple-ofdma-adhoc6', '--ofdmaEnabled=true', '--startTime=60', '--totalTime=90', '--packetSize=4e3', '--dataMode=HeMcs5', '--datarate=30e6', '--ratio=0.375', '--RngRun=34', '--locationFile=locationtxt/locationFile222.txt', '--routingFile=locationtxt/routingFile222.txt', '--appFile=locationtxt/appFile.txt', '--tcp=0', '--randomTime=true', '--qosDisabled=true'] terminated with signal SIGSEGV. Run it under a debugger to get more information (./waf --run <program> --command-template="gdb --args %s <args>").
