Waf: Entering directory `/home/ubuntu/ns-3.30-obss/build'
Waf: Leaving directory `/home/ubuntu/ns-3.30-obss/build'
Build commands will be stored in build/compile_commands.json
'build' finished successfully (0.907s)
--------------------------Rate[Kbps]--------------------------
Time[s]	cl-1	cl-2	cl-3	cl-4	cl-5	cl-6	cl-7	cl-8	cl-9	cl-10	cl-11	cl-12	cl-13	cl-14
60	14.8	14	13.2	13	15.2	16	13	13.4	13.8	13.4	16.8	16.4	15.8	15.6
61	0	0	0	0	0	0	480	691.2	406.4	505.6	729.6	617.6	806.4	470.4
62	0	0	0	0	0	0	576	755.2	419.2	473.6	633.6	780.8	672	620.8
63	0	0	0	0	0	0	675.2	553.6	585.6	745.6	729.6	563.2	617.6	678.4
64	0	0	0	0	0	0	521.6	640	665.6	579.2	592	489.6	518.4	604.8
65	0	0	0	0	0	0	425.6	688	793.6	716.8	672	601.6	444.8	649.6
66	0	0	0	0	0	0	707.2	732.8	768	707.2	489.6	758.4	630.4	835.2
67	0	0	0	0	0	0	729.6	854.4	691.2	627.2	576	521.6	444.8	569.6
68	0	0	0	0	0	0	777.6	643.2	544	726.4	617.6	787.2	755.2	646.4
69	0	0	0	0	0	0	617.6	656	707.2	643.2	742.4	742.4	521.6	502.4
70	0	0	0	0	0	0	537.6	649.6	620.8	614.4	540.8	566.4	646.4	652.8
71	0	0	0	0	0	0	688	691.2	678.4	585.6	624	636.8	627.2	505.6
72	0	0	0	0	0	0	867.2	592	736	502.4	822.4	643.2	534.4	432
73	0	0	0	0	0	0	812.8	556.8	659.2	672	531.2	585.6	476.8	592
74	0	0	0	0	0	0	620.8	688	534.4	547.2	777.6	566.4	560	656
75	0	0	0	0	0	0	496	553.6	374.4	822.4	624	816	576	739.2
76	0	0	0	0	0	0	656	707.2	585.6	582.4	601.6	432	745.6	713.6
77	0	0	0	0	0	0	672	809.6	707.2	630.4	649.6	563.2	403.2	528
78	0	0	0	0	0	0	803.2	620.8	652.8	592	649.6	537.6	822.4	697.6
79	0	0	0	0	0	0	787.2	777.6	572.8	643.2	556.8	604.8	892.8	819.2
80	0	0	0	0	0	0	665.6	592	684.8	656	713.6	729.6	697.6	633.6
81	0	0	0	0	0	0	771.2	806.4	537.6	572.8	633.6	620.8	553.6	697.6
82	0	0	0	0	0	0	582.4	723.2	518.4	598.4	732.8	569.6	825.6	432
83	0	0	0	0	0	0	656	636.8	492.8	496	713.6	716.8	848	739.2
84	0	0	0	0	0	0	684.8	515.2	729.6	732.8	467.2	723.2	492.8	547.2
85	0	0	0	0	0	0	691.2	611.2	633.6	358.4	476.8	672	732.8	556.8
86	0	0	0	0	0	0	592	464	707.2	585.6	627.2	598.4	566.4	710.4
87	0	0	0	0	0	0	748.8	780.8	684.8	470.4	672	672	649.6	620.8
88	0	0	0	0	0	0	537.6	684.8	451.2	780.8	652.8	537.6	710.4	630.4
89	0	0	0	0	0	0	707.2	726.4	665.6	505.6	515.2	521.6	560	704
90	0	0	0	0	0	0	403.2	748.8	656	544	556.8	652.8	492.8	576
(1,0)	(2,1045)	(3,0)	(4,0)	
(1,0)	(2,296)	(3,0)	(4,0)	
(1,0)	(2,292)	(3,0)	(4,0)	
(1,0)	(2,97)	(3,0)	(4,0)	
(1,0)	(2,71)	(3,0)	(4,0)	
(1,0)	(2,79)	(3,0)	(4,0)	
(1,0)	(2,63)	(3,0)	(4,0)	
(1,0)	(2,0)	(3,0)	(4,0)	
(1,0)	(2,0)	(3,0)	(4,0)	
(1,0)	(2,0)	(3,0)	(4,0)	
(1,0)	(2,0)	(3,0)	(4,0)	
(1,0)	(2,0)	(3,0)	(4,0)	
(1,0)	(2,0)	(3,0)	(4,0)	
(1,0)	(2,0)	(3,0)	(4,0)	
(1,0)	(2,0)	(3,0)	(4,0)	
avg	0	0	0	0	0	0	649.707	671.68	615.467	607.253	630.72	627.627	627.52	625.387
delay	0.0810811	0.0571429	0.5	0.430769	0.447368	0.325	5.50696	5.65183	2.44186	2.34076	3.17232	3.39881	2.44014	5.70317
loss	0	0	0	0	0	0	0	0	0	0	0	0	0	0
Command ['/home/ubuntu/ns-3.30-obss/build/scratch/simple-ofdma-adhoc6', '--ofdmaEnabled=true', '--startTime=60', '--totalTime=90', '--packetSize=4e3', '--dataMode=HeMcs5', '--datarate=10e6', '--ratio=0.375', '--RngRun=43', '--locationFile=locationtxt/locationFile222.txt', '--routingFile=locationtxt/routingFile222.txt', '--appFile=locationtxt/appFile.txt', '--tcp=0', '--randomTime=true', '--qosDisabled=true'] terminated with signal SIGSEGV. Run it under a debugger to get more information (./waf --run <program> --command-template="gdb --args %s <args>").
