Waf: Entering directory `/home/ubuntu/ns-3.30-obss/build'
Waf: Leaving directory `/home/ubuntu/ns-3.30-obss/build'
Build commands will be stored in build/compile_commands.json
'build' finished successfully (0.785s)
--------------------------Rate[Kbps]--------------------------
Time[s]	cl-1	cl-2	cl-3	cl-4	cl-5	cl-6	cl-7	cl-8	cl-9	cl-10	cl-11	cl-12	cl-13	cl-14
60	15.6	12.6	16	12	15.2	15.4	14.4	17	17	16.8	15.2	14.2	14.6	16.4
61	0	0	0	0	0	0	1248	1260.8	828.8	624	876.8	937.6	953.6	988.8
62	0	0	0	0	0	0	768	1046.4	860.8	672	704	864	793.6	672
63	0	0	0	0	0	0	752	736	633.6	672	704	806.4	681.6	729.6
64	0	0	0	0	0	0	800	908.8	809.6	620.8	832	691.2	630.4	774.4
65	0	0	0	0	0	0	748.8	716.8	726.4	960	630.4	873.6	643.2	787.2
66	0	0	0	0	0	0	707.2	614.4	672	502.4	777.6	652.8	806.4	611.2
67	0	0	0	0	0	0	688	723.2	672	1206.4	598.4	736	598.4	646.4
68	0	0	0	0	0	0	675.2	860.8	665.6	704	812.8	716.8	912	649.6
69	0	0	0	0	0	0	707.2	544	924.8	691.2	668.8	627.2	880	553.6
70	0	0	0	0	0	0	784	739.2	601.6	758.4	550.4	675.2	870.4	585.6
71	0	0	0	0	0	0	844.8	848	713.6	768	864	876.8	880	665.6
72	0	0	0	0	0	0	825.6	806.4	876.8	496	902.4	899.2	569.6	544
73	0	0	0	0	0	0	691.2	640	777.6	668.8	752	800	697.6	780.8
74	0	0	0	0	0	0	713.6	787.2	729.6	860.8	598.4	480	556.8	464
75	0	0	0	0	0	0	489.6	704	515.2	713.6	1046.4	774.4	928	873.6
76	0	0	0	0	0	0	633.6	768	825.6	505.6	710.4	851.2	563.2	691.2
77	0	0	0	0	0	0	857.6	918.4	640	454.4	758.4	928	960	345.6
78	0	0	0	0	0	0	873.6	464	1072	793.6	732.8	960	736	1001.6
79	0	0	0	0	0	0	726.4	611.2	851.2	985.6	905.6	758.4	665.6	912
80	0	0	0	0	0	0	604.8	764.8	582.4	838.4	617.6	812.8	643.2	691.2
81	0	0	0	0	0	0	905.6	681.6	668.8	675.2	700.8	550.4	761.6	620.8
82	0	0	0	0	0	0	614.4	713.6	624	636.8	646.4	675.2	857.6	841.6
83	0	0	0	0	0	0	732.8	492.8	745.6	771.2	886.4	944	588.8	892.8
84	0	0	0	0	0	0	1148.8	816	585.6	1011.2	672	595.2	758.4	508.8
85	0	0	0	0	0	0	624	716.8	803.2	704	972.8	688	668.8	435.2
86	0	0	0	0	0	0	649.6	704	809.6	569.6	681.6	758.4	870.4	624
87	0	0	0	0	0	0	496	640	755.2	732.8	739.2	854.4	883.2	1020.8
88	0	0	0	0	0	0	944	784	720	758.4	595.2	566.4	643.2	572.8
89	0	0	0	0	0	0	793.6	604.8	758.4	739.2	592	640	880	758.4
90	0	0	0	0	0	0	816	739.2	787.2	812.8	739.2	608	704	832
(1,0)	(2,10845)	(3,0)	(4,0)	
(1,0)	(2,3554)	(3,0)	(4,0)	
(1,0)	(2,3660)	(3,0)	(4,0)	
(1,0)	(2,1150)	(3,0)	(4,0)	
(1,0)	(2,1115)	(3,0)	(4,0)	
(1,0)	(2,1147)	(3,0)	(4,0)	
(1,0)	(2,1134)	(3,0)	(4,0)	
(1,0)	(2,0)	(3,0)	(4,0)	
(1,0)	(2,0)	(3,0)	(4,0)	
(1,0)	(2,0)	(3,0)	(4,0)	
(1,0)	(2,0)	(3,0)	(4,0)	
(1,0)	(2,0)	(3,0)	(4,0)	
(1,0)	(2,0)	(3,0)	(4,0)	
(1,0)	(2,0)	(3,0)	(4,0)	
(1,0)	(2,0)	(3,0)	(4,0)	
avg	0	0	0	0	0	0	762.133	745.173	741.227	730.24	742.293	753.387	752.853	702.507
delay	0.0512821	0.0634921	0.325	0.3	0.315789	0.363636	545.95	538.32	565.742	558.616	536.213	562.47	540.202	548.803
loss	0	0	0	0	0	0	0.642222	0.241688	0.646283	0.373576	0.230576	0.365942	0.19171	0.365042
Command ['/home/ubuntu/ns-3.30-obss/build/scratch/simple-ofdma-adhoc6', '--ofdmaEnabled=true', '--startTime=60', '--totalTime=90', '--packetSize=4e3', '--dataMode=HeMcs5', '--datarate=30e6', '--ratio=0.375', '--RngRun=16', '--locationFile=locationtxt/locationFile222.txt', '--routingFile=locationtxt/routingFile222.txt', '--appFile=locationtxt/appFile.txt', '--tcp=0', '--randomTime=true', '--qosDisabled=true'] terminated with signal SIGSEGV. Run it under a debugger to get more information (./waf --run <program> --command-template="gdb --args %s <args>").
