Waf: Entering directory `/home/ubuntu/ns-3.30-obss/build'
Waf: Leaving directory `/home/ubuntu/ns-3.30-obss/build'
Build commands will be stored in build/compile_commands.json
'build' finished successfully (1.172s)
--------------------------Rate[Kbps]--------------------------
Time[s]	cl-1	cl-2	cl-3	cl-4	cl-5	cl-6	cl-7	cl-8	cl-9	cl-10	cl-11	cl-12	cl-13	cl-14
60	13.4	13.6	13.8	13.8	14.4	14	11.4	18.4	14.4	16.4	15.6	16	12	16.6
61	0	0	0	0	0	0	1174.4	838.4	768	1001.6	336	1033.6	947.2	1206.4
62	0	0	0	0	0	0	761.6	1046.4	780.8	864	518.4	614.4	675.2	713.6
63	0	0	0	0	0	0	793.6	761.6	547.2	585.6	912	748.8	976	928
64	0	0	0	0	0	0	969.6	841.6	432	886.4	736	585.6	1065.6	560
65	0	0	0	0	0	0	624	681.6	800	675.2	668.8	720	652.8	803.2
66	0	0	0	0	0	0	710.4	611.2	582.4	684.8	726.4	704	713.6	563.2
67	0	0	0	0	0	0	678.4	684.8	428.8	784	748.8	569.6	512	675.2
68	0	0	0	0	0	0	752	502.4	652.8	579.2	745.6	652.8	547.2	595.2
69	0	0	0	0	0	0	828.8	611.2	694.4	812.8	691.2	697.6	800	844.8
70	0	0	0	0	0	0	659.2	534.4	716.8	659.2	528	796.8	755.2	726.4
71	0	0	0	0	0	0	553.6	662.4	784	649.6	665.6	649.6	707.2	665.6
72	0	0	0	0	0	0	947.2	668.8	905.6	601.6	755.2	675.2	422.4	768
73	0	0	0	0	0	0	678.4	515.2	550.4	633.6	416	819.2	691.2	832
74	0	0	0	0	0	0	624	684.8	636.8	857.6	627.2	752	681.6	412.8
75	0	0	0	0	0	0	582.4	550.4	694.4	787.2	681.6	656	643.2	633.6
76	0	0	0	0	0	0	681.6	636.8	803.2	691.2	620.8	588.8	860.8	572.8
77	0	0	0	0	0	0	748.8	620.8	643.2	691.2	812.8	672	784	681.6
78	0	0	0	0	0	0	739.2	617.6	592	518.4	470.4	627.2	764.8	828.8
79	0	0	0	0	0	0	870.4	489.6	528	985.6	668.8	659.2	592	544
80	0	0	0	0	0	0	691.2	665.6	822.4	684.8	649.6	531.2	854.4	601.6
81	0	0	0	0	0	0	518.4	476.8	819.2	537.6	454.4	803.2	953.6	969.6
82	0	0	0	0	0	0	915.2	665.6	630.4	697.6	643.2	454.4	534.4	851.2
83	0	0	0	0	0	0	553.6	553.6	854.4	508.8	764.8	899.2	870.4	707.2
84	0	0	0	0	0	0	736	617.6	796.8	854.4	697.6	748.8	787.2	428.8
85	0	0	0	0	0	0	550.4	684.8	672	867.2	662.4	761.6	774.4	528
86	0	0	0	0	0	0	902.4	854.4	720	550.4	659.2	451.2	681.6	528
87	0	0	0	0	0	0	470.4	508.8	790.4	345.6	694.4	1126.4	668.8	768
88	0	0	0	0	0	0	713.6	608	640	838.4	675.2	796.8	624	496
89	0	0	0	0	0	0	662.4	556.8	496	796.8	889.6	592	464	787.2
90	0	0	0	0	0	0	809.6	652.8	761.6	748.8	563.2	668.8	608	841.6
(1,0)	(2,10669)	(3,0)	(4,0)	
(1,0)	(2,3775)	(3,0)	(4,0)	
(1,0)	(2,3913)	(3,0)	(4,0)	
(1,0)	(2,1172)	(3,0)	(4,0)	
(1,0)	(2,1159)	(3,0)	(4,0)	
(1,0)	(2,1118)	(3,0)	(4,0)	
(1,0)	(2,1253)	(3,0)	(4,0)	
(1,0)	(2,0)	(3,0)	(4,0)	
(1,0)	(2,0)	(3,0)	(4,0)	
(1,0)	(2,0)	(3,0)	(4,0)	
(1,0)	(2,0)	(3,0)	(4,0)	
(1,0)	(2,0)	(3,0)	(4,0)	
(1,0)	(2,0)	(3,0)	(4,0)	
(1,0)	(2,0)	(3,0)	(4,0)	
(1,0)	(2,0)	(3,0)	(4,0)	
avg	0	0	0	0	0	0	730.027	646.827	684.8	712.64	656.107	701.867	720.427	702.08
delay	0.0746269	0.0588235	0.304348	35.2899	0.305556	0.328571	581.523	538.391	574.333	585.328	620.354	613.056	600.68	554.729
loss	0	0	0	0.028169	0	0	0.523404	0.278589	0.78144	0.518455	0.771171	0.533032	0.72119	0.283166
Command ['/home/ubuntu/ns-3.30-obss/build/scratch/simple-ofdma-adhoc6', '--ofdmaEnabled=true', '--startTime=60', '--totalTime=90', '--packetSize=4e3', '--dataMode=HeMcs5', '--datarate=35e6', '--ratio=0.375', '--RngRun=39', '--locationFile=locationtxt/locationFile222.txt', '--routingFile=locationtxt/routingFile222.txt', '--appFile=locationtxt/appFile.txt', '--tcp=0', '--randomTime=true', '--qosDisabled=true'] terminated with signal SIGSEGV. Run it under a debugger to get more information (./waf --run <program> --command-template="gdb --args %s <args>").
