Waf: Entering directory `/home/ubuntu/ns-3.30-obss/build'
Waf: Leaving directory `/home/ubuntu/ns-3.30-obss/build'
Build commands will be stored in build/compile_commands.json
'build' finished successfully (0.895s)
--------------------------Rate[Kbps]--------------------------
Time[s]	cl-1	cl-2	cl-3	cl-4	cl-5	cl-6	cl-7	cl-8	cl-9	cl-10	cl-11	cl-12
60	17.8	15.8	16.4	15.8	13.2	14.6	14.2	16	14.2	13.2	17	13.2
61	697.6	0	700.8	0	483.2	393.6	755.2	806.4	617.6	595.2	726.4	675.2
62	896	0	476.8	0	547.2	611.2	710.4	444.8	825.6	572.8	531.2	550.4
63	352	0	611.2	0	499.2	406.4	534.4	656	486.4	560	531.2	588.8
64	582.4	0	387.2	0	444.8	425.6	553.6	403.2	547.2	444.8	486.4	652.8
65	630.4	0	681.6	0	352	304	268.8	384	684.8	377.6	540.8	396.8
66	537.6	0	528	0	620.8	624	441.6	502.4	403.2	572.8	624	204.8
67	464	0	425.6	0	761.6	656	521.6	608	617.6	393.6	707.2	902.4
68	544	0	489.6	0	544	563.2	736	844.8	483.2	256	454.4	438.4
69	464	0	550.4	0	387.2	579.2	521.6	528	486.4	726.4	438.4	476.8
70	716.8	0	342.4	0	316.8	278.4	505.6	806.4	464	240	448	812.8
71	364.8	0	460.8	0	537.6	771.2	380.8	441.6	793.6	704	441.6	460.8
72	643.2	0	284.8	0	710.4	569.6	611.2	518.4	844.8	553.6	521.6	534.4
73	284.8	0	582.4	0	515.2	704	416	486.4	512	512	476.8	739.2
74	604.8	0	521.6	0	320	480	515.2	505.6	432	563.2	464	483.2
75	617.6	0	633.6	0	851.2	470.4	444.8	768	432	454.4	761.6	374.4
76	563.2	0	531.2	0	492.8	537.6	700.8	512	592	441.6	483.2	480
77	758.4	0	624	0	422.4	505.6	364.8	572.8	611.2	307.2	355.2	681.6
78	566.4	0	816	0	352	134.4	560	700.8	307.2	457.6	668.8	505.6
79	416	0	483.2	0	572.8	483.2	614.4	630.4	368	550.4	716.8	304
80	355.2	0	313.6	0	780.8	684.8	188.8	246.4	726.4	348.8	444.8	697.6
81	342.4	0	512	0	451.2	499.2	761.6	848	560	448	438.4	460.8
82	464	0	540.8	0	691.2	582.4	560	627.2	384	217.6	710.4	681.6
83	400	0	640	0	761.6	406.4	393.6	544	646.4	371.2	441.6	566.4
84	556.8	0	486.4	0	627.2	489.6	467.2	486.4	662.4	422.4	278.4	566.4
85	358.4	0	409.6	0	243.2	323.2	528	563.2	400	566.4	534.4	752
86	665.6	0	796.8	0	300.8	339.2	496	422.4	320	630.4	499.2	713.6
87	460.8	0	460.8	0	684.8	758.4	614.4	563.2	323.2	313.6	371.2	601.6
88	444.8	0	563.2	0	617.6	608	425.6	480	572.8	508.8	515.2	627.2
89	416	0	745.6	0	208	112	595.2	608	649.6	598.4	451.2	483.2
90	422.4	0	329.6	0	921.6	480	326.4	300.8	438.4	371.2	435.2	505.6
(1,0)	(2,3578)	(3,3753)	(4,1237)	
(1,0)	(2,1551)	(3,0)	(4,0)	
(1,0)	(2,1850)	(3,0)	(4,0)	
(1,0)	(2,1294)	(3,0)	(4,0)	
(1,0)	(2,1326)	(3,0)	(4,0)	
(1,0)	(2,0)	(3,0)	(4,0)	
(1,0)	(2,0)	(3,0)	(4,0)	
(1,0)	(2,0)	(3,0)	(4,0)	
(1,0)	(2,0)	(3,0)	(4,0)	
(1,0)	(2,0)	(3,0)	(4,0)	
(1,0)	(2,0)	(3,0)	(4,0)	
(1,0)	(2,0)	(3,0)	(4,0)	
(1,0)	(2,0)	(3,0)	(4,0)	
avg	519.68	0	530.987	0	533.973	492.693	517.12	560.32	539.733	469.333	516.587	563.947
delay	495.501	0.126582	486.557	0.0759494	606.735	621.255	618.615	625.454	587.179	568.2	570.386	566.23
loss	0.282723	0	0.287481	0	0.62963	0.647059	0.644172	0.238956	0.291118	0.337121	0.232945	0.247961
Command ['/home/ubuntu/ns-3.30-obss/build/scratch/simple-ofdma-adhoc6', '--ofdmaEnabled=true', '--startTime=60', '--totalTime=90', '--packetSize=4e3', '--dataMode=HeMcs3', '--datarate=25e6', '--ratio=0.375', '--RngRun=6', '--locationFile=locationtxt/locationFile42b2.txt', '--routingFile=locationtxt/routingFile42.txt', '--appFile=locationtxt/appFile.txt', '--tcp=0', '--randomTime=true', '--qosDisabled=true'] terminated with signal SIGSEGV. Run it under a debugger to get more information (./waf --run <program> --command-template="gdb --args %s <args>").
