Waf: Entering directory `/home/ubuntu/ns-3.30-obss/build'
Waf: Leaving directory `/home/ubuntu/ns-3.30-obss/build'
Build commands will be stored in build/compile_commands.json
'build' finished successfully (0.736s)
--------------------------Rate[Kbps]--------------------------
Time[s]	cl-1	cl-2	cl-3	cl-4	cl-5	cl-6	cl-7	cl-8	cl-9	cl-10	cl-11	cl-12
60	12.2	15.6	13.6	15.8	14	18.2	17.6	16	16.8	12.6	10	14.6
61	656	0	604.8	0	665.6	656	662.4	659.2	496	464	937.6	518.4
62	521.6	0	768	0	713.6	524.8	822.4	796.8	937.6	732.8	771.2	572.8
63	588.8	0	576	0	864	806.4	643.2	454.4	857.6	515.2	716.8	697.6
64	288	0	652.8	0	755.2	707.2	342.4	550.4	582.4	585.6	617.6	691.2
65	614.4	0	656	0	700.8	476.8	611.2	336	633.6	361.6	560	409.6
66	652.8	0	681.6	0	390.4	608	835.2	640	704	755.2	876.8	819.2
67	563.2	0	614.4	0	422.4	435.2	83.2	169.6	531.2	716.8	688	592
68	652.8	0	934.4	0	560	556.8	873.6	828.8	428.8	435.2	512	320
69	662.4	0	678.4	0	624	630.4	636.8	582.4	713.6	588.8	688	739.2
70	432	0	649.6	0	368	332.8	547.2	608	492.8	675.2	656	643.2
71	739.2	0	595.2	0	902.4	860.8	726.4	627.2	419.2	275.2	473.6	300.8
72	544	0	646.4	0	352	390.4	576	652.8	832	684.8	745.6	588.8
73	483.2	0	496	0	956.8	668.8	736	764.8	697.6	393.6	345.6	352
74	889.6	0	371.2	0	358.4	208	627.2	640	614.4	918.4	950.4	617.6
75	688	0	678.4	0	521.6	579.2	425.6	467.2	496	342.4	684.8	924.8
76	566.4	0	588.8	0	732.8	822.4	572.8	640	678.4	547.2	576	364.8
77	579.2	0	694.4	0	432	483.2	601.6	630.4	400	496	976	636.8
78	601.6	0	649.6	0	425.6	556.8	403.2	723.2	665.6	739.2	608	579.2
79	534.4	0	572.8	0	486.4	694.4	710.4	649.6	857.6	828.8	246.4	454.4
80	428.8	0	726.4	0	224	310.4	876.8	640	720	454.4	643.2	729.6
81	640	0	339.2	0	451.2	483.2	784	515.2	809.6	649.6	294.4	617.6
82	710.4	0	633.6	0	572.8	697.6	668.8	726.4	630.4	441.6	547.2	768
83	496	0	755.2	0	745.6	550.4	601.6	864	726.4	726.4	700.8	412.8
84	697.6	0	768	0	652.8	476.8	617.6	585.6	355.2	425.6	672	620.8
85	556.8	0	553.6	0	553.6	499.2	556.8	825.6	457.6	492.8	448	515.2
86	601.6	0	435.2	0	336	819.2	435.2	505.6	659.2	582.4	688	649.6
87	838.4	0	729.6	0	553.6	652.8	716.8	518.4	652.8	582.4	604.8	329.6
88	489.6	0	899.2	0	870.4	860.8	739.2	537.6	617.6	636.8	761.6	745.6
89	860.8	0	812.8	0	428.8	419.2	473.6	560	976	588.8	700.8	480
90	640	0	588.8	0	572.8	614.4	556.8	649.6	656	374.4	707.2	374.4
(1,0)	(2,3665)	(3,3831)	(4,1034)	
(1,0)	(2,1575)	(3,0)	(4,0)	
(1,0)	(2,1297)	(3,0)	(4,0)	
(1,0)	(2,1422)	(3,0)	(4,0)	
(1,0)	(2,1498)	(3,0)	(4,0)	
(1,0)	(2,0)	(3,0)	(4,0)	
(1,0)	(2,0)	(3,0)	(4,0)	
(1,0)	(2,0)	(3,0)	(4,0)	
(1,0)	(2,0)	(3,0)	(4,0)	
(1,0)	(2,0)	(3,0)	(4,0)	
(1,0)	(2,0)	(3,0)	(4,0)	
(1,0)	(2,0)	(3,0)	(4,0)	
(1,0)	(2,0)	(3,0)	(4,0)	
avg	607.253	0	645.013	0	573.12	579.413	615.467	611.627	643.307	567.04	646.613	568.853
delay	483.48	0.0641026	473.248	0.151899	632.435	619.874	550.504	549.907	563.54	562.938	578.801	566.572
loss	0.151329	0	0.362105	0	0.203782	0.165289	0.381166	0.38512	0.169118	0.193955	0.125604	0.13835
Command ['/home/ubuntu/ns-3.30-obss/build/scratch/simple-ofdma-adhoc6', '--ofdmaEnabled=true', '--startTime=60', '--totalTime=90', '--packetSize=4e3', '--dataMode=HeMcs3', '--datarate=20e6', '--ratio=0.375', '--RngRun=37', '--locationFile=locationtxt/locationFile42b2.txt', '--routingFile=locationtxt/routingFile42.txt', '--appFile=locationtxt/appFile.txt', '--tcp=0', '--randomTime=true', '--qosDisabled=true'] terminated with signal SIGSEGV. Run it under a debugger to get more information (./waf --run <program> --command-template="gdb --args %s <args>").
