Waf: Entering directory `/home/ubuntu/ns-3.30-obss/build'
Waf: Leaving directory `/home/ubuntu/ns-3.30-obss/build'
Build commands will be stored in build/compile_commands.json
'build' finished successfully (0.364s)
--------------------------Rate[Kbps]--------------------------
Time[s]	cl-1	cl-2	cl-3	cl-4	cl-5	cl-6	cl-7	cl-8	cl-9	cl-10	cl-11	cl-12
60	13.6	18	19.4	16.6	13.8	14.2	14.8	12	15	14.8	15.4	16
61	800	0	720	0	512	611.2	752	729.6	531.2	672	822.4	486.4
62	476.8	0	364.8	0	313.6	416	726.4	595.2	822.4	608	544	425.6
63	419.2	0	243.2	0	646.4	521.6	467.2	486.4	435.2	374.4	425.6	595.2
64	540.8	0	444.8	0	432	390.4	515.2	873.6	358.4	441.6	492.8	320
65	604.8	0	441.6	0	425.6	329.6	569.6	464	649.6	364.8	508.8	390.4
66	531.2	0	377.6	0	265.6	230.4	387.2	384	374.4	384	902.4	697.6
67	572.8	0	528	0	585.6	582.4	300.8	208	492.8	444.8	572.8	313.6
68	611.2	0	435.2	0	636.8	528	409.6	460.8	300.8	556.8	678.4	467.2
69	416	0	310.4	0	374.4	435.2	588.8	435.2	550.4	496	502.4	448
70	473.6	0	444.8	0	649.6	406.4	521.6	473.6	697.6	560	483.2	355.2
71	403.2	0	633.6	0	480	464	550.4	563.2	492.8	393.6	742.4	518.4
72	496	0	438.4	0	432	361.6	588.8	723.2	448	457.6	211.2	284.8
73	310.4	0	230.4	0	470.4	326.4	595.2	454.4	457.6	256	515.2	614.4
74	556.8	0	611.2	0	572.8	249.6	566.4	688	588.8	339.2	403.2	278.4
75	496	0	384	0	422.4	332.8	460.8	496	278.4	374.4	704	524.8
76	419.2	0	412.8	0	467.2	352	464	595.2	448	320	547.2	592
77	528	0	656	0	428.8	204.8	278.4	470.4	240	694.4	688	742.4
78	572.8	0	451.2	0	592	396.8	284.8	262.4	633.6	364.8	499.2	393.6
79	448	0	486.4	0	278.4	323.2	803.2	758.4	412.8	352	489.6	633.6
80	406.4	0	572.8	0	636.8	320	448	336	544	387.2	720	560
81	451.2	0	403.2	0	416	355.2	809.6	438.4	416	515.2	646.4	544
82	563.2	0	588.8	0	425.6	329.6	499.2	636.8	592	323.2	665.6	582.4
83	726.4	0	537.6	0	524.8	377.6	582.4	524.8	502.4	240	339.2	400
84	374.4	0	368	0	777.6	662.4	496	492.8	278.4	374.4	441.6	544
85	451.2	0	428.8	0	489.6	281.6	524.8	486.4	851.2	496	316.8	521.6
86	534.4	0	566.4	0	489.6	336	627.2	608	425.6	486.4	572.8	745.6
87	364.8	0	412.8	0	432	409.6	569.6	601.6	412.8	454.4	499.2	534.4
88	668.8	0	563.2	0	588.8	342.4	400	585.6	787.2	499.2	368	320
89	300.8	0	412.8	0	204.8	163.2	643.2	400	307.2	361.6	745.6	720
90	342.4	0	524.8	0	508.8	326.4	614.4	422.4	502.4	550.4	489.6	492.8
(1,0)	(2,3385)	(3,4015)	(4,1245)	
(1,0)	(2,1424)	(3,0)	(4,0)	
(1,0)	(2,1761)	(3,0)	(4,0)	
(1,0)	(2,1323)	(3,0)	(4,0)	
(1,0)	(2,1972)	(3,0)	(4,0)	
(1,0)	(2,0)	(3,0)	(4,0)	
(1,0)	(2,0)	(3,0)	(4,0)	
(1,0)	(2,0)	(3,0)	(4,0)	
(1,0)	(2,0)	(3,0)	(4,0)	
(1,0)	(2,0)	(3,0)	(4,0)	
(1,0)	(2,0)	(3,0)	(4,0)	
(1,0)	(2,0)	(3,0)	(4,0)	
(1,0)	(2,0)	(3,0)	(4,0)	
avg	495.36	0	466.453	0	482.667	378.88	534.827	521.813	494.4	438.08	551.253	501.547
delay	499.781	0.1	511.957	0.0722892	587.061	646.514	605.175	619.812	585.839	584.628	658.653	682.432
loss	0.245791	0	0.790179	0	0.327869	0.598878	0.300604	0.725664	0.421721	0.822069	0.384513	0.69863
Command ['/home/ubuntu/ns-3.30-obss/build/scratch/simple-ofdma-adhoc6', '--ofdmaEnabled=true', '--startTime=60', '--totalTime=90', '--packetSize=4e3', '--dataMode=HeMcs3', '--datarate=30e6', '--ratio=0.375', '--RngRun=5', '--locationFile=locationtxt/locationFile42b2.txt', '--routingFile=locationtxt/routingFile42.txt', '--appFile=locationtxt/appFile.txt', '--tcp=0', '--randomTime=true', '--qosDisabled=true'] terminated with signal SIGSEGV. Run it under a debugger to get more information (./waf --run <program> --command-template="gdb --args %s <args>").
