Waf: Entering directory `/home/ubuntu/ns-3.30-obss/build'
Waf: Leaving directory `/home/ubuntu/ns-3.30-obss/build'
Build commands will be stored in build/compile_commands.json
'build' finished successfully (0.785s)
--------------------------Rate[Kbps]--------------------------
Time[s]	cl-1	cl-2	cl-3	cl-4	cl-5	cl-6	cl-7	cl-8	cl-9	cl-10	cl-11	cl-12
60	18.6	17	12.2	13	13.4	14.4	18.4	14.4	15.4	13.8	17.4	16
61	707.2	0	444.8	0	691.2	857.6	822.4	630.4	425.6	489.6	684.8	771.2
62	646.4	0	841.6	0	294.4	265.6	576	547.2	854.4	803.2	755.2	995.2
63	547.2	0	544	0	764.8	761.6	537.6	617.6	556.8	492.8	406.4	531.2
64	454.4	0	592	0	563.2	531.2	352	284.8	345.6	480	704	419.2
65	668.8	0	790.4	0	387.2	630.4	755.2	496	550.4	467.2	819.2	588.8
66	403.2	0	422.4	0	454.4	572.8	409.6	444.8	521.6	483.2	524.8	592
67	588.8	0	700.8	0	556.8	451.2	380.8	505.6	387.2	627.2	496	483.2
68	332.8	0	470.4	0	636.8	736	739.2	800	467.2	534.4	483.2	515.2
69	556.8	0	598.4	0	486.4	537.6	659.2	563.2	649.6	486.4	681.6	553.6
70	713.6	0	480	0	534.4	566.4	595.2	537.6	480	393.6	400	406.4
71	425.6	0	684.8	0	470.4	595.2	310.4	579.2	118.4	476.8	668.8	534.4
72	534.4	0	521.6	0	425.6	502.4	467.2	652.8	560	624	342.4	553.6
73	774.4	0	640	0	316.8	400	796.8	499.2	569.6	515.2	227.2	441.6
74	432	0	560	0	512	668.8	444.8	748.8	608	457.6	249.6	697.6
75	550.4	0	566.4	0	524.8	723.2	137.6	195.2	480	393.6	675.2	512
76	576	0	595.2	0	291.2	438.4	409.6	435.2	313.6	361.6	643.2	595.2
77	521.6	0	483.2	0	464	560	707.2	451.2	681.6	572.8	326.4	396.8
78	678.4	0	630.4	0	323.2	332.8	486.4	620.8	320	377.6	828.8	627.2
79	524.8	0	572.8	0	633.6	720	348.8	480	822.4	361.6	412.8	361.6
80	467.2	0	563.2	0	508.8	544	288	480	768	678.4	614.4	732.8
81	467.2	0	662.4	0	467.2	473.6	588.8	601.6	377.6	409.6	582.4	544
82	540.8	0	672	0	560	467.2	371.2	572.8	627.2	403.2	771.2	556.8
83	643.2	0	502.4	0	540.8	489.6	665.6	531.2	480	803.2	505.6	550.4
84	409.6	0	464	0	470.4	396.8	467.2	230.4	508.8	384	540.8	614.4
85	662.4	0	544	0	464	473.6	281.6	380.8	368	396.8	611.2	454.4
86	550.4	0	611.2	0	617.6	505.6	329.6	499.2	508.8	409.6	678.4	563.2
87	534.4	0	518.4	0	412.8	601.6	544	732.8	816	748.8	588.8	508.8
88	544	0	336	0	483.2	563.2	464	374.4	428.8	547.2	761.6	476.8
89	736	0	556.8	0	412.8	745.6	403.2	339.2	550.4	582.4	614.4	540.8
90	396.8	0	355.2	0	435.2	649.6	656	745.6	358.4	320	486.4	524.8
(1,0)	(2,3716)	(3,3793)	(4,1093)	
(1,0)	(2,1329)	(3,0)	(4,0)	
(1,0)	(2,1615)	(3,0)	(4,0)	
(1,0)	(2,1651)	(3,0)	(4,0)	
(1,0)	(2,1445)	(3,0)	(4,0)	
(1,0)	(2,0)	(3,0)	(4,0)	
(1,0)	(2,0)	(3,0)	(4,0)	
(1,0)	(2,0)	(3,0)	(4,0)	
(1,0)	(2,0)	(3,0)	(4,0)	
(1,0)	(2,0)	(3,0)	(4,0)	
(1,0)	(2,0)	(3,0)	(4,0)	
(1,0)	(2,0)	(3,0)	(4,0)	
(1,0)	(2,0)	(3,0)	(4,0)	
avg	552.96	0	564.16	0	490.133	558.72	499.84	519.253	516.8	502.72	569.493	554.773
delay	479.829	0.0705882	495.369	0.0615385	568.941	576.457	653.017	666.75	616.589	604.658	573.71	587.661
loss	0.592445	0	0.234079	0	0.24307	0.259442	0.602679	0.641791	0.310062	0.641264	0.269919	0.24
Command ['/home/ubuntu/ns-3.30-obss/build/scratch/simple-ofdma-adhoc6', '--ofdmaEnabled=true', '--startTime=60', '--totalTime=90', '--packetSize=4e3', '--dataMode=HeMcs3', '--datarate=25e6', '--ratio=0.375', '--RngRun=32', '--locationFile=locationtxt/locationFile42b2.txt', '--routingFile=locationtxt/routingFile42.txt', '--appFile=locationtxt/appFile.txt', '--tcp=0', '--randomTime=true', '--qosDisabled=true'] terminated with signal SIGSEGV. Run it under a debugger to get more information (./waf --run <program> --command-template="gdb --args %s <args>").
