Waf: Entering directory `/home/ubuntu/ns-3.30-obss/build'
Waf: Leaving directory `/home/ubuntu/ns-3.30-obss/build'
Build commands will be stored in build/compile_commands.json
'build' finished successfully (0.784s)
--------------------------Rate[Kbps]--------------------------
Time[s]	cl-1	cl-2	cl-3	cl-4	cl-5	cl-6	cl-7	cl-8	cl-9	cl-10	cl-11	cl-12
60	17.8	12	14.8	13.2	17.2	16	15.6	12.6	17	13.4	15.6	15
61	425.6	0	966.4	0	355.2	326.4	659.2	784	764.8	508.8	736	915.2
62	720	0	454.4	0	854.4	598.4	291.2	419.2	617.6	508.8	502.4	902.4
63	432	0	620.8	0	566.4	438.4	464	566.4	380.8	681.6	646.4	384
64	422.4	0	291.2	0	745.6	777.6	678.4	572.8	870.4	281.6	233.6	326.4
65	563.2	0	371.2	0	345.6	297.6	611.2	979.2	371.2	476.8	697.6	601.6
66	563.2	0	368	0	505.6	473.6	476.8	457.6	441.6	438.4	707.2	403.2
67	390.4	0	400	0	422.4	812.8	499.2	553.6	368	406.4	544	585.6
68	755.2	0	508.8	0	451.2	422.4	332.8	579.2	499.2	428.8	598.4	585.6
69	294.4	0	448	0	704	396.8	624	665.6	569.6	505.6	694.4	492.8
70	422.4	0	809.6	0	230.4	224	630.4	496	614.4	428.8	489.6	473.6
71	524.8	0	579.2	0	345.6	432	742.4	528	384	236.8	748.8	649.6
72	796.8	0	534.4	0	537.6	419.2	908.8	617.6	595.2	544	230.4	560
73	499.2	0	620.8	0	355.2	329.6	604.8	576	444.8	672	755.2	422.4
74	473.6	0	419.2	0	758.4	576	486.4	803.2	374.4	435.2	326.4	595.2
75	489.6	0	569.6	0	601.6	588.8	441.6	265.6	582.4	592	425.6	624
76	838.4	0	515.2	0	316.8	364.8	627.2	665.6	441.6	592	483.2	643.2
77	467.2	0	588.8	0	688	588.8	553.6	208	252.8	396.8	768	425.6
78	489.6	0	470.4	0	259.2	512	585.6	528	435.2	508.8	502.4	643.2
79	505.6	0	556.8	0	409.6	499.2	627.2	403.2	432	300.8	627.2	288
80	576	0	691.2	0	505.6	531.2	515.2	422.4	156.8	352	793.6	627.2
81	784	0	486.4	0	361.6	428.8	630.4	672	518.4	649.6	393.6	601.6
82	435.2	0	380.8	0	521.6	323.2	419.2	425.6	745.6	515.2	406.4	534.4
83	326.4	0	534.4	0	268.8	521.6	755.2	432	492.8	566.4	467.2	576
84	492.8	0	268.8	0	1011.2	630.4	508.8	595.2	156.8	137.6	492.8	476.8
85	560	0	435.2	0	380.8	572.8	364.8	300.8	816	652.8	678.4	694.4
86	393.6	0	672	0	854.4	355.2	649.6	723.2	32	172.8	588.8	764.8
87	633.6	0	403.2	0	732.8	390.4	467.2	448	566.4	576	483.2	550.4
88	681.6	0	339.2	0	652.8	486.4	467.2	342.4	585.6	569.6	457.6	748.8
89	636.8	0	627.2	0	396.8	716.8	518.4	457.6	476.8	566.4	649.6	659.2
90	470.4	0	668.8	0	96	217.6	448	512	441.6	412.8	569.6	870.4
(1,0)	(2,3594)	(3,3819)	(4,1193)	
(1,0)	(2,1291)	(3,0)	(4,0)	
(1,0)	(2,1496)	(3,0)	(4,0)	
(1,0)	(2,1357)	(3,0)	(4,0)	
(1,0)	(2,1585)	(3,0)	(4,0)	
(1,0)	(2,0)	(3,0)	(4,0)	
(1,0)	(2,0)	(3,0)	(4,0)	
(1,0)	(2,0)	(3,0)	(4,0)	
(1,0)	(2,0)	(3,0)	(4,0)	
(1,0)	(2,0)	(3,0)	(4,0)	
(1,0)	(2,0)	(3,0)	(4,0)	
(1,0)	(2,0)	(3,0)	(4,0)	
(1,0)	(2,0)	(3,0)	(4,0)	
avg	535.467	0	520	0	507.84	475.093	552.96	533.333	480.96	470.507	556.587	587.52
delay	490.5	0.0666667	494.074	0.0757576	579.472	584.105	599.859	595.36	574.676	586.896	581.884	573.153
loss	0.610018	0	0.274	0	0.357027	0.334465	0.278182	0.222764	0.300448	0.302521	0.270364	0.268061
Command ['/home/ubuntu/ns-3.30-obss/build/scratch/simple-ofdma-adhoc6', '--ofdmaEnabled=true', '--startTime=60', '--totalTime=90', '--packetSize=4e3', '--dataMode=HeMcs3', '--datarate=25e6', '--ratio=0.375', '--RngRun=48', '--locationFile=locationtxt/locationFile42b2.txt', '--routingFile=locationtxt/routingFile42.txt', '--appFile=locationtxt/appFile.txt', '--tcp=0', '--randomTime=true', '--qosDisabled=true'] terminated with signal SIGSEGV. Run it under a debugger to get more information (./waf --run <program> --command-template="gdb --args %s <args>").
