Waf: Entering directory `/home/ubuntu/ns-3.30-obss/build'
Waf: Leaving directory `/home/ubuntu/ns-3.30-obss/build'
Build commands will be stored in build/compile_commands.json
'build' finished successfully (0.763s)
--------------------------Rate[Kbps]--------------------------
Time[s]	cl-1	cl-2	cl-3	cl-4	cl-5	cl-6	cl-7	cl-8	cl-9	cl-10	cl-11	cl-12
60	16	13.6	12.8	14.6	15	11.2	10.8	12.4	13.6	15	14.4	12.8
61	668.8	0	886.4	0	531.2	416	310.4	432	729.6	899.2	636.8	540.8
62	908.8	0	684.8	0	803.2	752	659.2	569.6	1088	572.8	592	713.6
63	547.2	0	448	0	569.6	675.2	921.6	880	438.4	755.2	563.2	537.6
64	566.4	0	496	0	499.2	566.4	681.6	313.6	476.8	467.2	752	627.2
65	748.8	0	528	0	598.4	496	393.6	451.2	432	448	681.6	656
66	441.6	0	550.4	0	518.4	521.6	499.2	473.6	745.6	819.2	659.2	537.6
67	630.4	0	384	0	435.2	582.4	876.8	380.8	441.6	457.6	524.8	441.6
68	771.2	0	566.4	0	505.6	451.2	662.4	460.8	662.4	476.8	752	729.6
69	441.6	0	515.2	0	505.6	614.4	854.4	371.2	499.2	569.6	665.6	534.4
70	627.2	0	412.8	0	598.4	540.8	809.6	678.4	396.8	361.6	553.6	592
71	646.4	0	572.8	0	656	633.6	694.4	649.6	960	611.2	265.6	825.6
72	723.2	0	636.8	0	755.2	476.8	492.8	352	528	688	688	684.8
73	540.8	0	403.2	0	348.8	601.6	633.6	576	800	480	614.4	448
74	486.4	0	550.4	0	630.4	457.6	358.4	508.8	777.6	694.4	694.4	860.8
75	588.8	0	720	0	601.6	438.4	976	899.2	364.8	412.8	742.4	601.6
76	368	0	576	0	556.8	483.2	476.8	576	499.2	451.2	748.8	448
77	569.6	0	659.2	0	646.4	515.2	489.6	595.2	681.6	374.4	713.6	611.2
78	528	0	560	0	368	492.8	652.8	598.4	601.6	601.6	691.2	761.6
79	604.8	0	624	0	636.8	652.8	617.6	451.2	736	448	499.2	585.6
80	361.6	0	576	0	544	636.8	572.8	595.2	339.2	547.2	588.8	700.8
81	457.6	0	502.4	0	611.2	688	537.6	592	460.8	745.6	550.4	393.6
82	336	0	556.8	0	499.2	614.4	668.8	531.2	841.6	713.6	812.8	403.2
83	640	0	675.2	0	627.2	771.2	1014.4	736	0	0	601.6	528
84	700.8	0	854.4	0	537.6	640	425.6	259.2	816	720	771.2	726.4
85	473.6	0	656	0	531.2	470.4	896	832	550.4	803.2	441.6	400
86	518.4	0	502.4	0	553.6	464	665.6	912	787.2	480	416	668.8
87	540.8	0	579.2	0	537.6	492.8	348.8	585.6	659.2	611.2	441.6	713.6
88	553.6	0	518.4	0	390.4	566.4	617.6	598.4	444.8	416	835.2	912
89	572.8	0	620.8	0	764.8	448	662.4	560	582.4	649.6	736	339.2
90	713.6	0	704	0	643.2	579.2	576	441.6	585.6	547.2	560	492.8
(1,0)	(2,3660)	(3,3770)	(4,1182)	
(1,0)	(2,1424)	(3,0)	(4,0)	
(1,0)	(2,1391)	(3,0)	(4,0)	
(1,0)	(2,1380)	(3,0)	(4,0)	
(1,0)	(2,1659)	(3,0)	(4,0)	
(1,0)	(2,0)	(3,0)	(4,0)	
(1,0)	(2,0)	(3,0)	(4,0)	
(1,0)	(2,0)	(3,0)	(4,0)	
(1,0)	(2,0)	(3,0)	(4,0)	
(1,0)	(2,0)	(3,0)	(4,0)	
(1,0)	(2,0)	(3,0)	(4,0)	
(1,0)	(2,0)	(3,0)	(4,0)	
(1,0)	(2,0)	(3,0)	(4,0)	
avg	575.893	0	584	0	566.827	557.973	634.88	562.027	597.547	560.747	626.453	600.533
delay	482.221	0.0735294	477.458	0.0684932	572.458	571.657	581.867	568.956	570.172	561.106	589.074	602.452
loss	0.174479	0	0.190141	0	0.422269	0.201149	0.417822	0.431151	0.425743	0.453961	0.155056	0.171598
Command ['/home/ubuntu/ns-3.30-obss/build/scratch/simple-ofdma-adhoc6', '--ofdmaEnabled=true', '--startTime=60', '--totalTime=90', '--packetSize=4e3', '--dataMode=HeMcs3', '--datarate=20e6', '--ratio=0.375', '--RngRun=46', '--locationFile=locationtxt/locationFile42b2.txt', '--routingFile=locationtxt/routingFile42.txt', '--appFile=locationtxt/appFile.txt', '--tcp=0', '--randomTime=true', '--qosDisabled=true'] terminated with signal SIGSEGV. Run it under a debugger to get more information (./waf --run <program> --command-template="gdb --args %s <args>").
