Waf: Entering directory `/home/ubuntu/ns-3.30-obss/build'
Waf: Leaving directory `/home/ubuntu/ns-3.30-obss/build'
Build commands will be stored in build/compile_commands.json
'build' finished successfully (0.771s)
--------------------------Rate[Kbps]--------------------------
Time[s]	cl-1	cl-2	cl-3	cl-4	cl-5	cl-6	cl-7	cl-8	cl-9	cl-10	cl-11	cl-12
60	14	15.6	16.8	14.6	17.4	16.2	14	17.2	15.8	13.4	15.6	12.4
61	441.6	0	848	0	672	448	528	665.6	739.2	694.4	684.8	608
62	729.6	0	646.4	0	841.6	675.2	726.4	752	688	688	1072	361.6
63	752	0	508.8	0	444.8	307.2	924.8	502.4	720	707.2	473.6	694.4
64	640	0	700.8	0	470.4	601.6	764.8	608	348.8	320	560	464
65	569.6	0	512	0	764.8	707.2	339.2	489.6	812.8	601.6	780.8	713.6
66	544	0	492.8	0	547.2	473.6	848	720	556.8	745.6	563.2	502.4
67	345.6	0	508.8	0	614.4	550.4	595.2	585.6	409.6	256	640	300.8
68	515.2	0	483.2	0	537.6	534.4	684.8	582.4	787.2	534.4	700.8	691.2
69	556.8	0	323.2	0	550.4	492.8	592	700.8	636.8	576	483.2	688
70	384	0	470.4	0	627.2	454.4	531.2	675.2	486.4	576	499.2	720
71	579.2	0	720	0	761.6	384	1065.6	604.8	332.8	352	486.4	476.8
72	483.2	0	502.4	0	422.4	537.6	464	611.2	624	588.8	636.8	716.8
73	528	0	822.4	0	470.4	713.6	899.2	636.8	566.4	592	505.6	470.4
74	627.2	0	566.4	0	294.4	304	697.6	384	656	518.4	806.4	796.8
75	656	0	800	0	502.4	662.4	227.2	275.2	566.4	643.2	640	867.2
76	521.6	0	448	0	659.2	524.8	681.6	598.4	604.8	422.4	608	547.2
77	633.6	0	713.6	0	531.2	806.4	793.6	620.8	336	505.6	566.4	547.2
78	780.8	0	726.4	0	220.8	345.6	576	617.6	800	556.8	563.2	713.6
79	537.6	0	480	0	732.8	931.2	249.6	288	412.8	492.8	604.8	556.8
80	614.4	0	608	0	534.4	348.8	604.8	649.6	441.6	364.8	265.6	528
81	611.2	0	499.2	0	585.6	473.6	921.6	876.8	848	505.6	502.4	499.2
82	464	0	515.2	0	451.2	752	640	512	569.6	473.6	486.4	595.2
83	713.6	0	748.8	0	745.6	640	489.6	748.8	505.6	592	611.2	393.6
84	483.2	0	454.4	0	940.8	576	585.6	691.2	444.8	425.6	540.8	630.4
85	502.4	0	784	0	496	761.6	387.2	851.2	544	668.8	409.6	739.2
86	691.2	0	707.2	0	646.4	691.2	649.6	700.8	435.2	339.2	537.6	473.6
87	828.8	0	544	0	355.2	329.6	352	550.4	828.8	656	710.4	777.6
88	630.4	0	473.6	0	556.8	636.8	528	691.2	598.4	496	793.6	729.6
89	310.4	0	505.6	0	793.6	761.6	579.2	656	652.8	681.6	627.2	358.4
90	636.8	0	595.2	0	662.4	556.8	380.8	400	508.8	534.4	806.4	780.8
(1,0)	(2,3632)	(3,3761)	(4,1144)	
(1,0)	(2,1425)	(3,0)	(4,0)	
(1,0)	(2,1531)	(3,0)	(4,0)	
(1,0)	(2,1638)	(3,0)	(4,0)	
(1,0)	(2,1480)	(3,0)	(4,0)	
(1,0)	(2,0)	(3,0)	(4,0)	
(1,0)	(2,0)	(3,0)	(4,0)	
(1,0)	(2,0)	(3,0)	(4,0)	
(1,0)	(2,0)	(3,0)	(4,0)	
(1,0)	(2,0)	(3,0)	(4,0)	
(1,0)	(2,0)	(3,0)	(4,0)	
(1,0)	(2,0)	(3,0)	(4,0)	
(1,0)	(2,0)	(3,0)	(4,0)	
avg	577.067	0	590.293	0	581.12	566.08	610.24	608.213	582.08	536.96	605.547	598.08
delay	471.003	0.0641026	462.098	0.178082	567.113	585.282	568.529	569.978	610.205	590.317	575.405	584.545
loss	0.18451	0	0.397059	0	0.435388	0.435841	0.155294	0.376417	0.201923	0.211921	0.17284	0.164444
Command ['/home/ubuntu/ns-3.30-obss/build/scratch/simple-ofdma-adhoc6', '--ofdmaEnabled=true', '--startTime=60', '--totalTime=90', '--packetSize=4e3', '--dataMode=HeMcs3', '--datarate=20e6', '--ratio=0.375', '--RngRun=47', '--locationFile=locationtxt/locationFile42b2.txt', '--routingFile=locationtxt/routingFile42.txt', '--appFile=locationtxt/appFile.txt', '--tcp=0', '--randomTime=true', '--qosDisabled=true'] terminated with signal SIGSEGV. Run it under a debugger to get more information (./waf --run <program> --command-template="gdb --args %s <args>").
