Waf: Entering directory `/home/ubuntu/ns-3.30-obss/build'
Waf: Leaving directory `/home/ubuntu/ns-3.30-obss/build'
Build commands will be stored in build/compile_commands.json
'build' finished successfully (0.850s)
--------------------------Rate[Kbps]--------------------------
Time[s]	cl-1	cl-2	cl-3	cl-4	cl-5	cl-6
60	17	15	15.8	11.6	14.6	15.6
61	0	0	3334.4	3113.6	2646.4	3532.8
62	0	0	3360	2534.4	2480	3920
63	0	0	2499.2	2758.4	3084.8	2976
64	0	0	1984	2633.6	2380.8	2534.4
65	0	0	2348.8	2483.2	2582.4	2096
66	0	0	2662.4	2419.2	2585.6	2483.2
67	0	0	2281.6	2099.2	2051.2	2243.2
68	0	0	2422.4	2345.6	2729.6	2601.6
69	0	0	2496	2544	2403.2	2604.8
70	0	0	2646.4	2374.4	2419.2	2332.8
71	0	0	2656	2486.4	2108.8	2182.4
72	0	0	2201.6	2716.8	3318.4	2316.8
73	0	0	2569.6	2608	2524.8	2576
74	0	0	2899.2	2361.6	2160	3139.2
75	0	0	2508.8	2832	2585.6	2844.8
76	0	0	2006.4	2265.6	2960	2908.8
77	0	0	2608	2822.4	2556.8	2300.8
78	0	0	2550.4	2697.6	2550.4	2547.2
79	0	0	2041.6	2883.2	2672	2444.8
80	0	0	2275.2	2515.2	2297.6	2131.2
81	0	0	2752	3302.4	2467.2	2476.8
82	0	0	2486.4	2352	2140.8	2540.8
83	0	0	2406.4	2428.8	2185.6	2150.4
84	0	0	2448	2470.4	2243.2	2739.2
85	0	0	2387.2	2912	2624	3120
86	0	0	2300.8	2496	2134.4	2982.4
87	0	0	2880	2886.4	2163.2	2998.4
88	0	0	2326.4	2460.8	3008	2668.8
89	0	0	2512	2403.2	1529.6	2892.8
90	0	0	2128	2537.6	2380.8	2419.2
(1,0)	(2,13869)	(3,0)	(4,0)	
(1,0)	(2,3751)	(3,0)	(4,0)	
(1,0)	(2,3680)	(3,0)	(4,0)	
(1,0)	(2,0)	(3,0)	(4,0)	
(1,0)	(2,0)	(3,0)	(4,0)	
(1,0)	(2,0)	(3,0)	(4,0)	
(1,0)	(2,0)	(3,0)	(4,0)	
avg	0	0	2499.31	2591.47	2465.81	2656.85
delay	0.0588235	0.0666667	496.653	497.536	564.115	494.472
loss	0	0	0.0388727	0.0423077	0.288165	0.048041
Command ['/home/ubuntu/ns-3.30-obss/build/scratch/simple-ofdma-adhoc6', '--ofdmaEnabled=true', '--startTime=60', '--totalTime=90', '--packetSize=4e3', '--dataMode=HeMcs5', '--datarate=35e6', '--ratio=0.375', '--RngRun=10', '--locationFile=locationtxt/locationFile22.txt', '--routingFile=locationtxt/routingFile22.txt', '--appFile=locationtxt/appFile.txt', '--tcp=0', '--randomTime=true', '--qosDisabled=true'] terminated with signal SIGSEGV. Run it under a debugger to get more information (./waf --run <program> --command-template="gdb --args %s <args>").
