Waf: Entering directory `/home/ubuntu/ns-3.30-obss/build'
Waf: Leaving directory `/home/ubuntu/ns-3.30-obss/build'
Build commands will be stored in build/compile_commands.json
'build' finished successfully (1.139s)
--------------------------Rate[Kbps]--------------------------
Time[s]	cl-1	cl-2	cl-3	cl-4	cl-5	cl-6
60	14.2	17	16.6	16.6	13.6	16.8
61	0	0	2752	2060.8	3347.2	3539.2
62	0	0	3814.4	3280	3052.8	3020.8
63	0	0	2620.8	2848	2310.4	2761.6
64	0	0	3056	2320	1836.8	2275.2
65	0	0	2345.6	2950.4	2806.4	2323.2
66	0	0	2115.2	2396.8	3049.6	3392
67	0	0	2198.4	2614.4	2704	2400
68	0	0	2841.6	2880	2153.6	2476.8
69	0	0	2518.4	2140.8	2848	2182.4
70	0	0	3100.8	2172.8	2553.6	2371.2
71	0	0	2051.2	2124.8	2854.4	2326.4
72	0	0	2505.6	2883.2	2240	2774.4
73	0	0	2918.4	2323.2	2758.4	2528
74	0	0	2035.2	2822.4	2825.6	2400
75	0	0	2681.6	2924.8	2729.6	1840
76	0	0	2640	2617.6	2784	2444.8
77	0	0	2166.4	2460.8	2748.8	2179.2
78	0	0	2576	2614.4	2508.8	2611.2
79	0	0	2608	2857.6	2806.4	2387.2
80	0	0	2188.8	2531.2	2137.6	2697.6
81	0	0	2179.2	2377.6	2438.4	2195.2
82	0	0	2636.8	2777.6	2358.4	2652.8
83	0	0	2675.2	2620.8	2678.4	2259.2
84	0	0	2268.8	2531.2	2406.4	2412.8
85	0	0	2457.6	2819.2	2921.6	2867.2
86	0	0	3120	1971.2	2886.4	2451.2
87	0	0	2723.2	2457.6	2675.2	2531.2
88	0	0	2678.4	2080	2896	2886.4
89	0	0	2688	2601.6	2780.8	2099.2
90	0	0	2604.8	3011.2	2652.8	2681.6
(1,0)	(2,13626)	(3,0)	(4,0)	
(1,0)	(2,3757)	(3,0)	(4,0)	
(1,0)	(2,3733)	(3,0)	(4,0)	
(1,0)	(2,0)	(3,0)	(4,0)	
(1,0)	(2,0)	(3,0)	(4,0)	
(1,0)	(2,0)	(3,0)	(4,0)	
(1,0)	(2,0)	(3,0)	(4,0)	
avg	0	0	2592.21	2569.07	2658.35	2532.27
delay	0.056338	0.0588235	560.512	564.223	553.67	550.754
loss	0	0	0.236842	0.323984	0.548459	0.301413
Command ['/home/ubuntu/ns-3.30-obss/build/scratch/simple-ofdma-adhoc6', '--ofdmaEnabled=true', '--startTime=60', '--totalTime=90', '--packetSize=4e3', '--dataMode=HeMcs5', '--datarate=35e6', '--ratio=0.375', '--RngRun=22', '--locationFile=locationtxt/locationFile22.txt', '--routingFile=locationtxt/routingFile22.txt', '--appFile=locationtxt/appFile.txt', '--tcp=0', '--randomTime=true', '--qosDisabled=true'] terminated with signal SIGSEGV. Run it under a debugger to get more information (./waf --run <program> --command-template="gdb --args %s <args>").
