Waf: Entering directory `/home/ubuntu/ns-3.30-obss/build'
Waf: Leaving directory `/home/ubuntu/ns-3.30-obss/build'
Build commands will be stored in build/compile_commands.json
'build' finished successfully (0.823s)
--------------------------Rate[Kbps]--------------------------
Time[s]	cl-1	cl-2	cl-3	cl-4	cl-5	cl-6
60	14.4	12.2	13.8	17	13.2	13.8
61	0	0	2108.8	3145.6	2924.8	2992
62	0	0	2668.8	3820.8	3504	2508.8
63	0	0	3328	3091.2	3292.8	2713.6
64	0	0	2294.4	3046.4	3312	3769.6
65	0	0	2864	2080	2867.2	2313.6
66	0	0	2089.6	2864	4054.4	2998.4
67	0	0	3123.2	3248	2995.2	2147.2
68	0	0	2368	3555.2	3184	2048
69	0	0	3699.2	2739.2	2569.6	2793.6
70	0	0	2537.6	2512	2553.6	3049.6
71	0	0	2160	3184	2425.6	3129.6
72	0	0	3244.8	3232	3328	2361.6
73	0	0	3779.2	3532.8	2985.6	2467.2
74	0	0	2364.8	2755.2	2515.2	3212.8
75	0	0	3382.4	2419.2	3008	2464
76	0	0	3270.4	3043.2	2908.8	2828.8
77	0	0	3139.2	2393.6	2710.4	2483.2
78	0	0	2211.2	2441.6	2268.8	2345.6
79	0	0	3142.4	3257.6	3408	2176
80	0	0	2086.4	2726.4	2662.4	3440
81	0	0	2297.6	3625.6	2899.2	2720
82	0	0	2588.8	3148.8	2960	2438.4
83	0	0	2233.6	3110.4	2585.6	2876.8
84	0	0	2835.2	2480	3296	2592
85	0	0	2604.8	2764.8	2476.8	2688
86	0	0	2720	3212.8	3196.8	2976
87	0	0	2105.6	3888	2892.8	2652.8
88	0	0	2550.4	2764.8	2902.4	2556.8
89	0	0	3017.6	2374.4	2588.8	2748.8
90	0	0	2252.8	3564.8	2688	2336
(1,0)	(2,13207)	(3,0)	(4,0)	
(1,0)	(2,3528)	(3,0)	(4,0)	
(1,0)	(2,3528)	(3,0)	(4,0)	
(1,0)	(2,0)	(3,0)	(4,0)	
(1,0)	(2,0)	(3,0)	(4,0)	
(1,0)	(2,0)	(3,0)	(4,0)	
(1,0)	(2,0)	(3,0)	(4,0)	
avg	0	0	2702.29	3000.75	2932.16	2694.29
delay	0.0555556	0.0491803	492.513	450.337	478.46	494.439
loss	0	0	0.278632	0.0398633	0.245311	0.117899
Command ['/home/ubuntu/ns-3.30-obss/build/scratch/simple-ofdma-adhoc6', '--ofdmaEnabled=true', '--startTime=60', '--totalTime=90', '--packetSize=4e3', '--dataMode=HeMcs5', '--datarate=30e6', '--ratio=0.375', '--RngRun=44', '--locationFile=locationtxt/locationFile22.txt', '--routingFile=locationtxt/routingFile22.txt', '--appFile=locationtxt/appFile.txt', '--tcp=0', '--randomTime=true', '--qosDisabled=true'] terminated with signal SIGSEGV. Run it under a debugger to get more information (./waf --run <program> --command-template="gdb --args %s <args>").
