Waf: Entering directory `/home/ubuntu/ns-3.30-obss/build'
Waf: Leaving directory `/home/ubuntu/ns-3.30-obss/build'
Build commands will be stored in build/compile_commands.json
'build' finished successfully (0.946s)
--------------------------Rate[Kbps]--------------------------
Time[s]	cl-1	cl-2	cl-3	cl-4	cl-5	cl-6
60	14.8	11.8	16.4	15	15.8	16
61	0	0	3987.2	1987.2	3011.2	2352
62	0	0	2236.8	3600	3094.4	3120
63	0	0	2384	2630.4	2480	2489.6
64	0	0	2019.2	2224	2240	2268.8
65	0	0	2742.4	2425.6	2870.4	2326.4
66	0	0	2604.8	2627.2	2652.8	2201.6
67	0	0	2262.4	2012.8	2380.8	2550.4
68	0	0	2416	1968	2681.6	2150.4
69	0	0	2310.4	2489.6	2291.2	2368
70	0	0	1814.4	2240	2595.2	2272
71	0	0	2121.6	2553.6	1910.4	3004.8
72	0	0	2368	1974.4	2041.6	2294.4
73	0	0	1907.2	2246.4	2342.4	2419.2
74	0	0	2880	2752	2595.2	2204.8
75	0	0	2214.4	2668.8	2019.2	2291.2
76	0	0	2713.6	1929.6	2582.4	2128
77	0	0	2803.2	2390.4	2313.6	2489.6
78	0	0	2406.4	2435.2	2108.8	2057.6
79	0	0	2313.6	2544	2131.2	2323.2
80	0	0	2454.4	1820.8	2537.6	2070.4
81	0	0	2422.4	2614.4	1961.6	2793.6
82	0	0	2336	2163.2	2572.8	2800
83	0	0	2265.6	2540.8	2249.6	2704
84	0	0	2284.8	2659.2	2448	2326.4
85	0	0	2192	2588.8	2249.6	2131.2
86	0	0	2790.4	2217.6	2723.2	2835.2
87	0	0	2326.4	2582.4	2473.6	2265.6
88	0	0	2166.4	2156.8	2345.6	2041.6
89	0	0	2089.6	2256	2368	2291.2
90	0	0	2297.6	2556.8	2841.6	2396.8
(1,0)	(2,13715)	(3,0)	(4,0)	
(1,0)	(2,3661)	(3,0)	(4,0)	
(1,0)	(2,3467)	(3,0)	(4,0)	
(1,0)	(2,0)	(3,0)	(4,0)	
(1,0)	(2,0)	(3,0)	(4,0)	
(1,0)	(2,0)	(3,0)	(4,0)	
(1,0)	(2,0)	(3,0)	(4,0)	
avg	0	0	2404.37	2395.2	2437.12	2398.93
delay	0.0675676	0.0508475	600.665	607.92	600.409	506.011
loss	0	0	0.417438	0.695362	0.357802	0.0620721
Command ['/home/ubuntu/ns-3.30-obss/build/scratch/simple-ofdma-adhoc6', '--ofdmaEnabled=true', '--startTime=60', '--totalTime=90', '--packetSize=4e3', '--dataMode=HeMcs5', '--datarate=40e6', '--ratio=0.375', '--RngRun=29', '--locationFile=locationtxt/locationFile22.txt', '--routingFile=locationtxt/routingFile22.txt', '--appFile=locationtxt/appFile.txt', '--tcp=0', '--randomTime=true', '--qosDisabled=true'] terminated with signal SIGSEGV. Run it under a debugger to get more information (./waf --run <program> --command-template="gdb --args %s <args>").
