Waf: Entering directory `/home/ubuntu/ns-3.30-obss/build'
Waf: Leaving directory `/home/ubuntu/ns-3.30-obss/build'
Build commands will be stored in build/compile_commands.json
'build' finished successfully (0.972s)
--------------------------Rate[Kbps]--------------------------
Time[s]	cl-1	cl-2	cl-3	cl-4	cl-5	cl-6
60	14.8	9.4	13.6	15.2	15	14.4
61	0	0	2880	2646.4	2425.6	3952
62	0	0	3046.4	2800	3244.8	2425.6
63	0	0	2476.8	2467.2	2569.6	2499.2
64	0	0	2787.2	2604.8	2790.4	2310.4
65	0	0	2313.6	2393.6	2307.2	2358.4
66	0	0	2748.8	2550.4	2931.2	2579.2
67	0	0	2176	2518.4	2579.2	3024
68	0	0	2886.4	2416	2630.4	2403.2
69	0	0	2371.2	2403.2	2860.8	2329.6
70	0	0	2348.8	2646.4	2844.8	1744
71	0	0	2467.2	2422.4	2320	2486.4
72	0	0	2876.8	2537.6	2784	1840
73	0	0	2156.8	2473.6	2720	2803.2
74	0	0	2684.8	2710.4	2710.4	2512
75	0	0	2764.8	2896	2332.8	2179.2
76	0	0	3008	2115.2	2758.4	2822.4
77	0	0	2694.4	2828.8	2489.6	2441.6
78	0	0	2448	2857.6	2633.6	2361.6
79	0	0	2422.4	2057.6	2230.4	2419.2
80	0	0	2185.6	2214.4	3251.2	2217.6
81	0	0	2316.8	2256	3043.2	2544
82	0	0	2137.6	2614.4	2576	2470.4
83	0	0	2163.2	2496	2320	2521.6
84	0	0	2563.2	2867.2	2265.6	2649.6
85	0	0	2297.6	2368	2684.8	2361.6
86	0	0	2336	2886.4	2297.6	2217.6
87	0	0	2252.8	2278.4	2505.6	2608
88	0	0	2307.2	2432	2608	3424
89	0	0	2758.4	2979.2	3273.6	2451.2
90	0	0	2646.4	2345.6	2640	2844.8
(1,0)	(2,13812)	(3,0)	(4,0)	
(1,0)	(2,3710)	(3,0)	(4,0)	
(1,0)	(2,3804)	(3,0)	(4,0)	
(1,0)	(2,0)	(3,0)	(4,0)	
(1,0)	(2,0)	(3,0)	(4,0)	
(1,0)	(2,0)	(3,0)	(4,0)	
(1,0)	(2,0)	(3,0)	(4,0)	
avg	0	0	2517.44	2536.11	2654.29	2526.72
delay	0.0540541	0.0425532	498.97	499.651	578.849	555.412
loss	0	0	0.040715	0.0417768	0.490138	0.525539
Command ['/home/ubuntu/ns-3.30-obss/build/scratch/simple-ofdma-adhoc6', '--ofdmaEnabled=true', '--startTime=60', '--totalTime=90', '--packetSize=4e3', '--dataMode=HeMcs5', '--datarate=35e6', '--ratio=0.375', '--RngRun=45', '--locationFile=locationtxt/locationFile22.txt', '--routingFile=locationtxt/routingFile22.txt', '--appFile=locationtxt/appFile.txt', '--tcp=0', '--randomTime=true', '--qosDisabled=true'] terminated with signal SIGSEGV. Run it under a debugger to get more information (./waf --run <program> --command-template="gdb --args %s <args>").
