Waf: Entering directory `/home/ubuntu/ns-3.30-obss/build'
Waf: Leaving directory `/home/ubuntu/ns-3.30-obss/build'
Build commands will be stored in build/compile_commands.json
'build' finished successfully (0.815s)
--------------------------Rate[Kbps]--------------------------
Time[s]	cl-1	cl-2	cl-3	cl-4	cl-5	cl-6
60	12.2	13.2	15	15.8	13.4	16.2
61	0	0	3196.8	1817.6	2828.8	2246.4
62	0	0	2230.4	2380.8	2944	2617.6
63	0	0	2694.4	1827.2	4272	3510.4
64	0	0	3072	3187.2	2860.8	3228.8
65	0	0	3958.4	2838.4	2499.2	3465.6
66	0	0	2460.8	3664	3308.8	3532.8
67	0	0	2540.8	3747.2	2070.4	4108.8
68	0	0	2531.2	3478.4	3056	3248
69	0	0	2326.4	3484.8	3734.4	3388.8
70	0	0	3609.6	3411.2	2732.8	2534.4
71	0	0	3219.2	2899.2	3251.2	3004.8
72	0	0	2134.4	3180.8	3091.2	3222.4
73	0	0	2793.6	2969.6	3699.2	2992
74	0	0	3152	3100.8	2956.8	2752
75	0	0	2972.8	2390.4	2051.2	3555.2
76	0	0	3497.6	2899.2	3568	2803.2
77	0	0	2918.4	3161.6	3456	2633.6
78	0	0	2992	3129.6	3372.8	2652.8
79	0	0	3081.6	3011.2	3734.4	2790.4
80	0	0	2428.8	2844.8	3545.6	3289.6
81	0	0	3264	2348.8	3446.4	3136
82	0	0	2204.8	2377.6	4160	1494.4
83	0	0	3033.6	3369.6	2739.2	2969.6
84	0	0	2768	2960	3001.6	3491.2
85	0	0	3046.4	2969.6	3388.8	2905.6
86	0	0	3129.6	2841.6	3049.6	3484.8
87	0	0	2304	3376	3225.6	3299.2
88	0	0	3734.4	2646.4	2704	3497.6
89	0	0	3875.2	2966.4	3424	2502.4
90	0	0	3030.4	2076.8	2419.2	4937.6
(1,0)	(2,11155)	(3,0)	(4,0)	
(1,0)	(2,2887)	(3,0)	(4,0)	
(1,0)	(2,3058)	(3,0)	(4,0)	
(1,0)	(2,0)	(3,0)	(4,0)	
(1,0)	(2,0)	(3,0)	(4,0)	
(1,0)	(2,0)	(3,0)	(4,0)	
(1,0)	(2,0)	(3,0)	(4,0)	
avg	0	0	2940.05	2911.89	3153.07	3109.87
delay	0.0491803	0.0606061	87.4105	92.3424	81.673	92.7899
loss	0	0	0	0.00063012	0	0
Command ['/home/ubuntu/ns-3.30-obss/build/scratch/simple-ofdma-adhoc6', '--ofdmaEnabled=true', '--startTime=60', '--totalTime=90', '--packetSize=4e3', '--dataMode=HeMcs5', '--datarate=25e6', '--ratio=0.375', '--RngRun=47', '--locationFile=locationtxt/locationFile22.txt', '--routingFile=locationtxt/routingFile22.txt', '--appFile=locationtxt/appFile.txt', '--tcp=0', '--randomTime=true', '--qosDisabled=true'] terminated with signal SIGSEGV. Run it under a debugger to get more information (./waf --run <program> --command-template="gdb --args %s <args>").
