Waf: Entering directory `/home/ubuntu/ns-3.30-obss/build'
Waf: Leaving directory `/home/ubuntu/ns-3.30-obss/build'
Build commands will be stored in build/compile_commands.json
'build' finished successfully (0.886s)
--------------------------Rate[Kbps]--------------------------
Time[s]	cl-1	cl-2	cl-3	cl-4	cl-5	cl-6
60	14.8	16	16.6	18.4	12.4	13.4
61	0	0	3321.6	3056	2889.6	2659.2
62	0	0	2364.8	2742.4	3488	2531.2
63	0	0	3667.2	3011.2	2726.4	3465.6
64	0	0	3353.6	3513.6	2185.6	3235.2
65	0	0	2633.6	3836.8	2556.8	3385.6
66	0	0	3878.4	2665.6	3884.8	2291.2
67	0	0	2070.4	3328	3497.6	3212.8
68	0	0	3110.4	3417.6	2611.2	2835.2
69	0	0	3456	3040	2617.6	3244.8
70	0	0	3017.6	2876.8	3152	3443.2
71	0	0	3190.4	2803.2	2611.2	3852.8
72	0	0	3875.2	2553.6	3478.4	2236.8
73	0	0	3011.2	3497.6	3520	2508.8
74	0	0	3427.2	3536	3545.6	2009.6
75	0	0	3267.2	3040	2835.2	3561.6
76	0	0	2691.2	3811.2	3292.8	2880
77	0	0	3417.6	3238.4	3008	3187.2
78	0	0	2998.4	2822.4	3622.4	3113.6
79	0	0	3184	3225.6	3033.6	3280
80	0	0	3651.2	2640	3049.6	2697.6
81	0	0	3014.4	3545.6	2998.4	3056
82	0	0	3305.6	3110.4	2854.4	3484.8
83	0	0	3443.2	3168	3129.6	2931.2
84	0	0	3312	3571.2	2611.2	3270.4
85	0	0	2998.4	3168	2940.8	3510.4
86	0	0	2060.8	3616	3625.6	3456
87	0	0	3776	2947.2	3152	2944
88	0	0	3564.8	4140.8	2512	2540.8
89	0	0	3200	3564.8	3148.8	2486.4
90	0	0	3430.4	3273.6	3500.8	2470.4
(1,0)	(2,12079)	(3,0)	(4,0)	
(1,0)	(2,3462)	(3,0)	(4,0)	
(1,0)	(2,3195)	(3,0)	(4,0)	
(1,0)	(2,0)	(3,0)	(4,0)	
(1,0)	(2,0)	(3,0)	(4,0)	
(1,0)	(2,0)	(3,0)	(4,0)	
(1,0)	(2,0)	(3,0)	(4,0)	
avg	0	0	3189.76	3225.39	3069.33	2992.75
delay	0.0540541	0.1375	199.461	201.374	207.25	196.729
loss	0	0	0.00839866	0.0036846	0.00499287	0.0019305
Command ['/home/ubuntu/ns-3.30-obss/build/scratch/simple-ofdma-adhoc6', '--ofdmaEnabled=true', '--startTime=60', '--totalTime=90', '--packetSize=4e3', '--dataMode=HeMcs5', '--datarate=25e6', '--ratio=0.375', '--RngRun=50', '--locationFile=locationtxt/locationFile22.txt', '--routingFile=locationtxt/routingFile22.txt', '--appFile=locationtxt/appFile.txt', '--tcp=0', '--randomTime=true', '--qosDisabled=true'] terminated with signal SIGSEGV. Run it under a debugger to get more information (./waf --run <program> --command-template="gdb --args %s <args>").
