Waf: Entering directory `/home/ubuntu/ns-3.30-obss/build'
Waf: Leaving directory `/home/ubuntu/ns-3.30-obss/build'
Build commands will be stored in build/compile_commands.json
'build' finished successfully (0.846s)
--------------------------Rate[Kbps]--------------------------
Time[s]	cl-1	cl-2	cl-3	cl-4	cl-5	cl-6	cl-7	cl-8	cl-9	cl-10	cl-11	cl-12
60	14.6	18	13.6	11.2	16.8	14.8	14.8	15.8	13.2	16.2	13.4	14.6
61	1427.2	0	1225.6	0	1641.6	1728	1228.8	0	1628.8	1536	1766.4	0
62	1257.6	0	1814.4	0	1795.2	1648	1571.2	0	2470.4	1792	1696	0
63	2188.8	0	1974.4	0	1478.4	1843.2	1673.6	0	1507.2	1315.2	1952	0
64	1907.2	0	2025.6	0	1318.4	2105.6	1612.8	0	2457.6	1961.6	1609.6	0
65	1459.2	0	1843.2	0	1680	2192	1427.2	0	1689.6	1792	1785.6	0
66	1171.2	0	1968	0	1734.4	1564.8	1865.6	0	2064	1734.4	1904	0
67	1507.2	0	2505.6	0	1472	1513.6	1577.6	0	2195.2	2012.8	1820.8	0
68	1680	0	1657.6	0	1379.2	1472	1699.2	0	1817.6	1891.2	2108.8	0
69	1747.2	0	1417.6	0	2025.6	1353.6	1945.6	0	1504	1443.2	1267.2	0
70	1587.2	0	1184	0	1648	1164.8	1872	0	1692.8	1750.4	1750.4	0
71	1481.6	0	1785.6	0	1705.6	1763.2	2348.8	0	1219.2	1372.8	1408	0
72	1257.6	0	2012.8	0	1673.6	1283.2	1843.2	0	1801.6	1596.8	1740.8	0
73	1539.2	0	1363.2	0	1619.2	1353.6	1840	0	1702.4	1625.6	1654.4	0
74	1980.8	0	2131.2	0	2003.2	1388.8	2201.6	0	1894.4	1747.2	1510.4	0
75	1872	0	1161.6	0	1628.8	1158.4	1705.6	0	1900.8	1564.8	1619.2	0
76	1689.6	0	1753.6	0	1708.8	1619.2	1785.6	0	1676.8	1600	1683.2	0
77	1785.6	0	1577.6	0	1561.6	1500.8	1753.6	0	1916.8	1545.6	1574.4	0
78	2092.8	0	1750.4	0	1481.6	1907.2	1296	0	1497.6	2358.4	1721.6	0
79	1414.4	0	2019.2	0	2416	1379.2	1286.4	0	1635.2	1459.2	1792	0
80	1686.4	0	1609.6	0	1827.2	1238.4	1443.2	0	1532.8	1692.8	2102.4	0
81	1670.4	0	1043.2	0	1756.8	1187.2	1680	0	1280	1638.4	1737.6	0
82	1385.6	0	1027.2	0	1846.4	1494.4	1510.4	0	1484.8	1913.6	1632	0
83	1664	0	1289.6	0	1680	1702.4	1830.4	0	1824	1625.6	2108.8	0
84	1859.2	0	1811.2	0	1833.6	1436.8	1872	0	934.4	1564.8	1849.6	0
85	1430.4	0	1305.6	0	1667.2	1081.6	1571.2	0	2121.6	1769.6	1820.8	0
86	1702.4	0	1942.4	0	1542.4	1580.8	1910.4	0	2064	1376	1536	0
87	1084.8	0	1440	0	1632	1539.2	1884.8	0	1619.2	1686.4	1776	0
88	1827.2	0	1574.4	0	1494.4	1395.2	1456	0	1926.4	1337.6	1728	0
89	1363.2	0	1536	0	1657.6	1433.6	2316.8	0	1574.4	1849.6	1801.6	0
90	1747.2	0	1344	0	1641.6	1462.4	1648	0	1945.6	1401.6	2009.6	0
(1,0)	(2,8879)	(3,5542)	(4,746)	
(1,0)	(2,1733)	(3,0)	(4,0)	
(1,0)	(2,0)	(3,0)	(4,0)	
(1,0)	(2,2086)	(3,0)	(4,0)	
(1,0)	(2,0)	(3,0)	(4,0)	
(1,0)	(2,0)	(3,0)	(4,0)	
(1,0)	(2,0)	(3,0)	(4,0)	
(1,0)	(2,0)	(3,0)	(4,0)	
(1,0)	(2,0)	(3,0)	(4,0)	
(1,0)	(2,0)	(3,0)	(4,0)	
(1,0)	(2,0)	(3,0)	(4,0)	
(1,0)	(2,0)	(3,0)	(4,0)	
(1,0)	(2,0)	(3,0)	(4,0)	
avg	1615.57	0	1636.48	0	1685.01	1516.37	1721.92	0	1752.64	1665.17	1748.91	0
delay	418.233	0.0777778	410.234	0.0535714	443.191	421.474	433.706	0.405063	428.501	461.43	428.841	0.39726
loss	0.0112486	0	0.0527831	0	0.0949051	0.00581395	0.0362035	0	0.047266	0.178134	0.0339806	0
Command ['/home/ubuntu/ns-3.30-obss/build/scratch/simple-ofdma-adhoc6', '--ofdmaEnabled=true', '--startTime=60', '--totalTime=90', '--packetSize=4e3', '--dataMode=HeMcs6', '--datarate=30e6', '--ratio=0.375', '--RngRun=38', '--locationFile=locationtxt/locationFile42e1.txt', '--routingFile=locationtxt/routingFile42.txt', '--appFile=locationtxt/appFile.txt', '--tcp=0', '--randomTime=true', '--qosDisabled=true'] terminated with signal SIGSEGV. Run it under a debugger to get more information (./waf --run <program> --command-template="gdb --args %s <args>").
