Waf: Entering directory `/home/ubuntu/ns-3.30-obss/build'
Waf: Leaving directory `/home/ubuntu/ns-3.30-obss/build'
Build commands will be stored in build/compile_commands.json
'build' finished successfully (0.456s)
--------------------------Rate[Kbps]--------------------------
Time[s]	cl-1	cl-2	cl-3	cl-4	cl-5	cl-6	cl-7	cl-8	cl-9	cl-10	cl-11	cl-12
60	15.4	13.2	17.4	14	16.6	11.2	15.2	12.6	15.4	15.6	17.6	14.8
61	1334.4	0	1667.2	0	1273.6	1264	1955.2	0	1500.8	2000	1692.8	0
62	1712	0	2262.4	0	1868.8	1852.8	1411.2	0	1801.6	1731.2	1696	0
63	2211.2	0	1561.6	0	1692.8	1731.2	1648	0	1676.8	1833.6	2012.8	0
64	2003.2	0	2035.2	0	1520	1916.8	2003.2	0	1836.8	1971.2	1459.2	0
65	1990.4	0	2224	0	1612.8	2153.6	1811.2	0	1372.8	1561.6	1561.6	0
66	1788.8	0	1603.2	0	2156.8	1414.4	1702.4	0	1529.6	1872	1808	0
67	1612.8	0	2252.8	0	2028.8	1782.4	1980.8	0	1833.6	1984	1193.6	0
68	1494.4	0	1865.6	0	1638.4	1625.6	1692.8	0	1363.2	2112	1657.6	0
69	1961.6	0	1315.2	0	1936	1728	1532.8	0	1715.2	1689.6	1411.2	0
70	1635.2	0	1468.8	0	1494.4	1248	1913.6	0	1808	1801.6	1270.4	0
71	1555.2	0	1571.2	0	1948.8	1276.8	1942.4	0	1766.4	1523.2	1104	0
72	1222.4	0	1366.4	0	1337.6	1424	1772.8	0	1648	1875.2	1491.2	0
73	1507.2	0	1590.4	0	1459.2	1939.2	1427.2	0	2048	1552	1926.4	0
74	1696	0	1728	0	2080	1379.2	1648	0	1587.2	1846.4	1552	0
75	1289.6	0	1369.6	0	1932.8	1555.2	1619.2	0	1158.4	1177.6	1705.6	0
76	1264	0	1747.2	0	1942.4	1785.6	1737.6	0	1948.8	1948.8	1401.6	0
77	2067.2	0	1795.2	0	1689.6	1731.2	1350.4	0	1670.4	1363.2	2310.4	0
78	1500.8	0	1142.4	0	1750.4	1388.8	1459.2	0	1424	1312	2057.6	0
79	1705.6	0	1484.8	0	1808	1148.8	1760	0	1868.8	1785.6	1596.8	0
80	1990.4	0	1545.6	0	1830.4	1756.8	1651.2	0	953.6	1868.8	1532.8	0
81	1804.8	0	1040	0	1267.2	2236.8	2067.2	0	1862.4	1993.6	1651.2	0
82	2118.4	0	1296	0	1606.4	1523.2	1795.2	0	1424	1692.8	1817.6	0
83	1545.6	0	1404.8	0	1465.6	1062.4	1638.4	0	1523.2	1404.8	1766.4	0
84	1376	0	892.8	0	1830.4	1238.4	1795.2	0	1331.2	1824	1340.8	0
85	1900.8	0	1091.2	0	1641.6	1350.4	2051.2	0	1251.2	1385.6	1737.6	0
86	1529.6	0	1699.2	0	1315.2	1331.2	1968	0	1865.6	1760	1590.4	0
87	1625.6	0	1152	0	1632	1558.4	1484.8	0	1987.2	1948.8	1907.2	0
88	2000	0	1916.8	0	1283.2	2147.2	2316.8	0	1878.4	1763.2	1241.6	0
89	1417.6	0	1689.6	0	1228.8	1596.8	1964.8	0	1606.4	2048	1734.4	0
90	1686.4	0	1548.8	0	1564.8	1686.4	1584	0	1859.2	1801.6	1753.6	0
(1,0)	(2,9094)	(3,5413)	(4,760)	
(1,0)	(2,1902)	(3,0)	(4,0)	
(1,0)	(2,0)	(3,0)	(4,0)	
(1,0)	(2,2067)	(3,0)	(4,0)	
(1,0)	(2,0)	(3,0)	(4,0)	
(1,0)	(2,0)	(3,0)	(4,0)	
(1,0)	(2,0)	(3,0)	(4,0)	
(1,0)	(2,0)	(3,0)	(4,0)	
(1,0)	(2,0)	(3,0)	(4,0)	
(1,0)	(2,0)	(3,0)	(4,0)	
(1,0)	(2,0)	(3,0)	(4,0)	
(1,0)	(2,0)	(3,0)	(4,0)	
(1,0)	(2,0)	(3,0)	(4,0)	
avg	1684.91	0	1577.6	0	1661.23	1594.45	1756.16	0	1636.69	1747.73	1632.75	0
delay	408.293	0.0454545	409.952	0.171429	428.503	447.735	419.668	0.460317	436.877	447.502	428.742	0.432432
loss	0.10622	0	0.207921	0	0.115534	0.146013	0.00334076	0	0.10495	0.183124	0.0521822	0
Command ['/home/ubuntu/ns-3.30-obss/build/scratch/simple-ofdma-adhoc6', '--ofdmaEnabled=true', '--startTime=60', '--totalTime=90', '--packetSize=4e3', '--dataMode=HeMcs6', '--datarate=30e6', '--ratio=0.375', '--RngRun=10', '--locationFile=locationtxt/locationFile42e1.txt', '--routingFile=locationtxt/routingFile42.txt', '--appFile=locationtxt/appFile.txt', '--tcp=0', '--randomTime=true', '--qosDisabled=true'] terminated with signal SIGSEGV. Run it under a debugger to get more information (./waf --run <program> --command-template="gdb --args %s <args>").
