Waf: Entering directory `/home/ubuntu/ns-3.30-obss/build'
Waf: Leaving directory `/home/ubuntu/ns-3.30-obss/build'
Build commands will be stored in build/compile_commands.json
'build' finished successfully (0.705s)
--------------------------Rate[Kbps]--------------------------
Time[s]	cl-1	cl-2	cl-3	cl-4	cl-5	cl-6	cl-7	cl-8	cl-9	cl-10	cl-11	cl-12
60	15.2	15.6	14.8	14.6	13	13.6	15.8	11.8	16	15.8	13.2	14.2
61	1078.4	0	819.2	0	1331.2	1152	992	0	1200	1257.6	1184	0
62	1561.6	0	1155.2	0	1852.8	1526.4	1363.2	0	1542.4	1491.2	1241.6	0
63	1366.4	0	1366.4	0	1289.6	1356.8	982.4	0	1280	1516.8	1382.4	0
64	1344	0	1264	0	1062.4	1392	1385.6	0	1718.4	1324.8	1081.6	0
65	1644.8	0	867.2	0	1011.2	1449.6	1235.2	0	988.8	950.4	796.8	0
66	1014.4	0	1097.6	0	1001.6	1452.8	1414.4	0	1110.4	1267.2	1622.4	0
67	1241.6	0	1289.6	0	1222.4	985.6	1200	0	1251.2	1155.2	1190.4	0
68	1155.2	0	1398.4	0	1161.6	780.8	1142.4	0	1539.2	1088	1497.6	0
69	1523.2	0	1276.8	0	1136	1372.8	1232	0	1187.2	1468.8	1376	0
70	1209.6	0	1052.8	0	1228.8	1043.2	1366.4	0	1363.2	1321.6	1555.2	0
71	1024	0	1443.2	0	1369.6	1270.4	1209.6	0	1302.4	1356.8	1126.4	0
72	1206.4	0	1078.4	0	1360	1052.8	1120	0	1484.8	1171.2	793.6	0
73	1568	0	1308.8	0	1596.8	1184	976	0	1289.6	1030.4	1084.8	0
74	1136	0	1100.8	0	1603.2	985.6	1382.4	0	988.8	1452.8	1414.4	0
75	1232	0	1203.2	0	864	1520	1142.4	0	1040	1264	1312	0
76	1360	0	1270.4	0	1193.6	1686.4	1116.8	0	1059.2	1308.8	1504	0
77	1139.2	0	1465.6	0	1001.6	1168	1168	0	1222.4	908.8	1337.6	0
78	1328	0	1513.6	0	1654.4	1110.4	1129.6	0	992	1312	1369.6	0
79	1264	0	1222.4	0	1462.4	1353.6	665.6	0	1171.2	1555.2	1072	0
80	969.6	0	1004.8	0	1030.4	870.4	1132.8	0	1401.6	1347.2	1283.2	0
81	924.8	0	1171.2	0	1033.6	1020.8	1452.8	0	771.2	966.4	1475.2	0
82	912	0	1603.2	0	1497.6	1308.8	1436.8	0	1577.6	1270.4	1219.2	0
83	1164.8	0	1116.8	0	857.6	1043.2	1232	0	1123.2	1196.8	1065.6	0
84	1273.6	0	1446.4	0	969.6	1116.8	1286.4	0	1184	1340.8	1116.8	0
85	1526.4	0	1027.2	0	1318.4	1296	1424	0	1580.8	1465.6	1395.2	0
86	1299.2	0	1465.6	0	1155.2	1321.6	1484.8	0	1433.6	1340.8	1075.2	0
87	1196.8	0	1513.6	0	1091.2	1628.8	796.8	0	1004.8	1408	1132.8	0
88	1385.6	0	1168	0	1046.4	1129.6	1171.2	0	1609.6	1366.4	1257.6	0
89	1545.6	0	1104	0	732.8	1139.2	1164.8	0	1494.4	1155.2	867.2	0
90	976	0	1545.6	0	1078.4	1315.2	1244.8	0	918.4	1040	1251.2	0
(1,0)	(2,2849)	(3,504)	(4,48)	
(1,0)	(2,256)	(3,0)	(4,0)	
(1,0)	(2,0)	(3,0)	(4,0)	
(1,0)	(2,284)	(3,0)	(4,0)	
(1,0)	(2,0)	(3,0)	(4,0)	
(1,0)	(2,0)	(3,0)	(4,0)	
(1,0)	(2,0)	(3,0)	(4,0)	
(1,0)	(2,0)	(3,0)	(4,0)	
(1,0)	(2,0)	(3,0)	(4,0)	
(1,0)	(2,0)	(3,0)	(4,0)	
(1,0)	(2,0)	(3,0)	(4,0)	
(1,0)	(2,0)	(3,0)	(4,0)	
(1,0)	(2,0)	(3,0)	(4,0)	
avg	1252.37	0	1245.33	0	1207.15	1234.45	1201.71	0	1261.01	1269.97	1236.05	0
delay	1.32452	0.0512821	1.9403	0.0547945	2.23395	3.78993	3.63213	0.423729	2.01187	1.71769	1.7585	0.408451
loss	0	0	0	0	0	0.00143678	0	0	0	0	0	0
Command ['/home/ubuntu/ns-3.30-obss/build/scratch/simple-ofdma-adhoc6', '--ofdmaEnabled=true', '--startTime=60', '--totalTime=90', '--packetSize=4e3', '--dataMode=HeMcs6', '--datarate=20e6', '--ratio=0.375', '--RngRun=4', '--locationFile=locationtxt/locationFile42e1.txt', '--routingFile=locationtxt/routingFile42.txt', '--appFile=locationtxt/appFile.txt', '--tcp=0', '--randomTime=true', '--qosDisabled=true'] terminated with signal SIGSEGV. Run it under a debugger to get more information (./waf --run <program> --command-template="gdb --args %s <args>").
