Waf: Entering directory `/home/ubuntu/ns-3.30-obss/build'
Waf: Leaving directory `/home/ubuntu/ns-3.30-obss/build'
Build commands will be stored in build/compile_commands.json
'build' finished successfully (0.795s)
--------------------------Rate[Kbps]--------------------------
Time[s]	cl-1	cl-2	cl-3	cl-4	cl-5	cl-6	cl-7	cl-8	cl-9	cl-10	cl-11	cl-12
60	14.6	13	14.8	14.2	14.6	14.4	14.4	13.6	13.8	11.6	15.6	16.8
61	1772.8	0	1420.8	0	1644.8	2048	1587.2	0	1216	1273.6	1209.6	0
62	1939.2	0	1084.8	0	1699.2	1385.6	1561.6	0	1724.8	1382.4	1440	0
63	1580.8	0	1222.4	0	1513.6	1337.6	1091.2	0	1088	1680	1168	0
64	1926.4	0	1987.2	0	1427.2	1033.6	1990.4	0	1968	1334.4	1683.2	0
65	1443.2	0	1699.2	0	1632	1126.4	1462.4	0	1318.4	1696	1180.8	0
66	1408	0	1401.6	0	1532.8	1363.2	1296	0	1702.4	1632	1568	0
67	1526.4	0	1766.4	0	1305.6	1440	1408	0	1440	1884.8	1443.2	0
68	1075.2	0	1561.6	0	1251.2	2099.2	1366.4	0	1238.4	1420.8	1593.6	0
69	1280	0	1718.4	0	1788.8	1132.8	1427.2	0	1168	1516.8	1558.4	0
70	1190.4	0	1222.4	0	1436.8	1011.2	1920	0	1785.6	1110.4	1801.6	0
71	1756.8	0	1827.2	0	1945.6	1068.8	1776	0	1529.6	2064	1065.6	0
72	1603.2	0	1804.8	0	1206.4	1587.2	1404.8	0	1283.2	1868.8	1267.2	0
73	1353.6	0	1625.6	0	1283.2	2080	1718.4	0	2016	1712	1724.8	0
74	1590.4	0	1212.8	0	1769.6	2144	1302.4	0	1385.6	1801.6	1686.4	0
75	1132.8	0	1500.8	0	1497.6	1504	1401.6	0	1340.8	1718.4	1657.6	0
76	1350.4	0	1612.8	0	892.8	1136	1689.6	0	1228.8	1200	1699.2	0
77	1756.8	0	1734.4	0	1497.6	1590.4	1648	0	1584	1686.4	1561.6	0
78	976	0	1411.2	0	979.2	1664	1270.4	0	2009.6	1532.8	1632	0
79	1472	0	1075.2	0	1494.4	1683.2	1632	0	1411.2	1532.8	1427.2	0
80	1299.2	0	1568	0	1792	1571.2	1808	0	1680	1977.6	1452.8	0
81	1875.2	0	1408	0	1900.8	1395.2	1120	0	1833.6	2003.2	1616	0
82	1292.8	0	1462.4	0	1628.8	1523.2	1696	0	1395.2	1414.4	1657.6	0
83	1561.6	0	1481.6	0	1302.4	1193.6	2003.2	0	1027.2	1520	1139.2	0
84	1574.4	0	1724.8	0	1862.4	1792	1584	0	2032	1715.2	1382.4	0
85	1580.8	0	1456	0	848	1296	2176	0	1216	1440	1420.8	0
86	1580.8	0	1612.8	0	1414.4	1689.6	1481.6	0	1798.4	1027.2	1465.6	0
87	1622.4	0	1331.2	0	1648	2099.2	2160	0	1990.4	1379.2	1225.6	0
88	1641.6	0	1753.6	0	1104	1667.2	1654.4	0	1891.2	1628.8	1369.6	0
89	1571.2	0	1606.4	0	1894.4	1145.6	1344	0	1942.4	1449.6	1315.2	0
90	1382.4	0	1868.8	0	1408	1388.8	1465.6	0	1808	1577.6	1532.8	0
(1,0)	(2,5685)	(3,2057)	(4,252)	
(1,0)	(2,778)	(3,0)	(4,0)	
(1,0)	(2,0)	(3,0)	(4,0)	
(1,0)	(2,842)	(3,0)	(4,0)	
(1,0)	(2,0)	(3,0)	(4,0)	
(1,0)	(2,0)	(3,0)	(4,0)	
(1,0)	(2,0)	(3,0)	(4,0)	
(1,0)	(2,0)	(3,0)	(4,0)	
(1,0)	(2,0)	(3,0)	(4,0)	
(1,0)	(2,0)	(3,0)	(4,0)	
(1,0)	(2,0)	(3,0)	(4,0)	
(1,0)	(2,0)	(3,0)	(4,0)	
(1,0)	(2,0)	(3,0)	(4,0)	
avg	1503.89	0	1538.77	0	1486.72	1506.56	1581.55	0	1568.43	1572.69	1464.85	0
delay	4.96457	0.184615	5.75074	0.0985915	8.29405	8.34732	8.28509	0.382353	8.48982	7.85997	6.4486	0.404762
loss	0	0	0	0	0	0	0	0	0	0.00141243	0	0
Command ['/home/ubuntu/ns-3.30-obss/build/scratch/simple-ofdma-adhoc6', '--ofdmaEnabled=true', '--startTime=60', '--totalTime=90', '--packetSize=4e3', '--dataMode=HeMcs6', '--datarate=25e6', '--ratio=0.375', '--RngRun=12', '--locationFile=locationtxt/locationFile42e1.txt', '--routingFile=locationtxt/routingFile42.txt', '--appFile=locationtxt/appFile.txt', '--tcp=0', '--randomTime=true', '--qosDisabled=true'] terminated with signal SIGSEGV. Run it under a debugger to get more information (./waf --run <program> --command-template="gdb --args %s <args>").
