Waf: Entering directory `/home/ubuntu/ns-3.30-obss/build'
Waf: Leaving directory `/home/ubuntu/ns-3.30-obss/build'
Build commands will be stored in build/compile_commands.json
'build' finished successfully (0.636s)
--------------------------Rate[Kbps]--------------------------
Time[s]	cl-1	cl-2	cl-3	cl-4	cl-5	cl-6	cl-7	cl-8	cl-9	cl-10	cl-11	cl-12
60	16.2	13.2	15	13.8	15.4	15	14.6	15.2	13.4	14.4	15.6	14.6
61	1286.4	0	873.6	0	1392	1600	1785.6	0	1388.8	1558.4	1340.8	0
62	2134.4	0	1321.6	0	1488	1696	1993.6	0	1152	1734.4	1465.6	0
63	1456	0	1603.2	0	1916.8	1558.4	1494.4	0	1734.4	1606.4	2096	0
64	1622.4	0	1827.2	0	1769.6	1382.4	1932.8	0	1468.8	1891.2	1702.4	0
65	1724.8	0	1574.4	0	940.8	1286.4	1235.2	0	998.4	1593.6	1446.4	0
66	1420.8	0	1283.2	0	1718.4	1228.8	2140.8	0	1126.4	1907.2	1945.6	0
67	1603.2	0	1369.6	0	1340.8	1200	1900.8	0	1603.2	1180.8	2076.8	0
68	1315.2	0	1328	0	1574.4	1587.2	1724.8	0	2044.8	1619.2	2016	0
69	1814.4	0	1648	0	1174.4	1539.2	1596.8	0	2227.2	1366.4	1478.4	0
70	1644.8	0	1916.8	0	1875.2	1683.2	2112	0	1715.2	1811.2	1177.6	0
71	1308.8	0	1926.4	0	1398.4	1180.8	1619.2	0	1430.4	1753.6	1360	0
72	870.4	0	2080	0	1763.2	1062.4	1817.6	0	1516.8	1590.4	1840	0
73	1638.4	0	1843.2	0	1907.2	1376	1593.6	0	1568	1174.4	1763.2	0
74	1945.6	0	1795.2	0	1475.2	1670.4	1840	0	1280	1603.2	1430.4	0
75	1996.8	0	1436.8	0	1574.4	1571.2	1548.8	0	1734.4	1718.4	1564.8	0
76	1532.8	0	1612.8	0	1302.4	2284.8	1328	0	1475.2	1558.4	1440	0
77	1910.4	0	1494.4	0	2019.2	1468.8	1148.8	0	1532.8	1369.6	1616	0
78	1481.6	0	2048	0	1593.6	1427.2	1065.6	0	1276.8	1641.6	1619.2	0
79	1571.2	0	1676.8	0	1683.2	1648	1580.8	0	1785.6	1820.8	1392	0
80	1539.2	0	1241.6	0	1593.6	1305.6	1494.4	0	1177.6	1520	848	0
81	1964.8	0	1648	0	1356.8	1427.2	1049.6	0	1401.6	1779.2	1488	0
82	1456	0	1507.2	0	1088	1184	1702.4	0	1721.6	1334.4	1168	0
83	1136	0	1760	0	1891.2	2115.2	1206.4	0	1894.4	1648	1094.4	0
84	1696	0	1257.6	0	1782.4	1161.6	1878.4	0	1545.6	1548.8	1884.8	0
85	1721.6	0	1241.6	0	1424	1571.2	2038.4	0	1657.6	1475.2	1526.4	0
86	1334.4	0	1484.8	0	1136	1612.8	1760	0	1600	1190.4	1753.6	0
87	1340.8	0	1971.2	0	1468.8	1433.6	1868.8	0	1612.8	1376	1436.8	0
88	1920	0	1238.4	0	1740.8	1795.2	1513.6	0	1942.4	1836.8	1545.6	0
89	1686.4	0	1379.2	0	1776	1289.6	1766.4	0	1580.8	1705.6	1244.8	0
90	1600	0	1328	0	1260.8	1609.6	1667.2	0	1491.2	1593.6	1097.6	0
(1,0)	(2,5883)	(3,2451)	(4,286)	
(1,0)	(2,776)	(3,0)	(4,0)	
(1,0)	(2,0)	(3,0)	(4,0)	
(1,0)	(2,800)	(3,0)	(4,0)	
(1,0)	(2,0)	(3,0)	(4,0)	
(1,0)	(2,0)	(3,0)	(4,0)	
(1,0)	(2,0)	(3,0)	(4,0)	
(1,0)	(2,0)	(3,0)	(4,0)	
(1,0)	(2,0)	(3,0)	(4,0)	
(1,0)	(2,0)	(3,0)	(4,0)	
(1,0)	(2,0)	(3,0)	(4,0)	
(1,0)	(2,0)	(3,0)	(4,0)	
(1,0)	(2,0)	(3,0)	(4,0)	
avg	1589.12	0	1557.23	0	1547.52	1498.56	1646.83	0	1556.16	1583.57	1528.64	0
delay	5.49775	0.0454545	6.63667	0.057971	9.7096	8.88254	9.8477	0.381579	9.9543	8.96067	8.41049	0.342466
loss	0	0	0	0	0	0	0	0	0	0	0	0
Command ['/home/ubuntu/ns-3.30-obss/build/scratch/simple-ofdma-adhoc6', '--ofdmaEnabled=true', '--startTime=60', '--totalTime=90', '--packetSize=4e3', '--dataMode=HeMcs6', '--datarate=25e6', '--ratio=0.375', '--RngRun=31', '--locationFile=locationtxt/locationFile42e1.txt', '--routingFile=locationtxt/routingFile42.txt', '--appFile=locationtxt/appFile.txt', '--tcp=0', '--randomTime=true', '--qosDisabled=true'] terminated with signal SIGSEGV. Run it under a debugger to get more information (./waf --run <program> --command-template="gdb --args %s <args>").
