Waf: Entering directory `/home/ubuntu/ns-3.30-obss/build'
Waf: Leaving directory `/home/ubuntu/ns-3.30-obss/build'
Build commands will be stored in build/compile_commands.json
'build' finished successfully (0.738s)
--------------------------Rate[Kbps]--------------------------
Time[s]	cl-1	cl-2	cl-3	cl-4	cl-5	cl-6	cl-7	cl-8	cl-9	cl-10	cl-11	cl-12
60	15.4	17.2	12.8	15.8	14.6	17.6	14	14	18.8	17	13.4	16.6
61	1817.6	0	1472	0	1228.8	1628.8	1868.8	0	1795.2	1507.2	1833.6	0
62	1296	0	1939.2	0	1593.6	1283.2	1635.2	0	2009.6	1824	1945.6	0
63	1827.2	0	1673.6	0	1929.6	1875.2	1481.6	0	1920	1120	2083.2	0
64	2086.4	0	2012.8	0	1721.6	2102.4	1814.4	0	1753.6	1868.8	1276.8	0
65	1433.6	0	1632	0	1692.8	1756.8	1715.2	0	2374.4	2124.8	1497.6	0
66	2012.8	0	1350.4	0	1417.6	1779.2	1936	0	1440	2243.2	2028.8	0
67	1449.6	0	2003.2	0	1676.8	1628.8	1907.2	0	1593.6	1497.6	1433.6	0
68	1715.2	0	1449.6	0	1708.8	1433.6	1552	0	1721.6	1283.2	1632	0
69	1878.4	0	1078.4	0	1577.6	1084.8	2080	0	1516.8	985.6	1680	0
70	1408	0	1299.2	0	1641.6	1580.8	1894.4	0	1638.4	1552	1596.8	0
71	1155.2	0	2118.4	0	2067.2	2131.2	1462.4	0	1859.2	1244.8	1974.4	0
72	1702.4	0	979.2	0	1612.8	1638.4	1776	0	1372.8	1910.4	2070.4	0
73	1446.4	0	1139.2	0	1820.8	1209.6	1814.4	0	2160	1900.8	1744	0
74	876.8	0	1913.6	0	1545.6	1980.8	1545.6	0	1907.2	1616	1529.6	0
75	1692.8	0	1363.2	0	1443.2	1068.8	2006.4	0	1664	1347.2	1817.6	0
76	1475.2	0	1158.4	0	1683.2	1523.2	1763.2	0	1718.4	1504	1577.6	0
77	1795.2	0	1708.8	0	1299.2	1488	1820.8	0	1846.4	1424	1955.2	0
78	2115.2	0	2016	0	1606.4	1958.4	1555.2	0	1635.2	1596.8	1987.2	0
79	2012.8	0	2083.2	0	1513.6	1539.2	1737.6	0	1376	1888	1920	0
80	1952	0	2054.4	0	1564.8	1753.6	1507.2	0	1548.8	1664	2176	0
81	2192	0	1964.8	0	1417.6	2108.8	1782.4	0	1843.2	1728	1436.8	0
82	1600	0	1772.8	0	1561.6	1820.8	1388.8	0	1654.4	1990.4	1996.8	0
83	1532.8	0	1651.2	0	1542.4	1750.4	1676.8	0	1600	1772.8	1625.6	0
84	1190.4	0	1385.6	0	1929.6	1059.2	1516.8	0	2054.4	1641.6	1769.6	0
85	1856	0	1833.6	0	1715.2	1513.6	2019.2	0	1750.4	1833.6	1344	0
86	1596.8	0	1516.8	0	2291.2	2188.8	1315.2	0	2105.6	1884.8	1232	0
87	1827.2	0	1308.8	0	1241.6	1436.8	1651.2	0	1820.8	1584	1990.4	0
88	1561.6	0	1628.8	0	1632	1667.2	2022.4	0	1596.8	1571.2	1753.6	0
89	1510.4	0	988.8	0	1564.8	1235.2	1808	0	1430.4	1520	1756.8	0
90	2204.8	0	1148.8	0	1526.4	1030.4	1561.6	0	2515.2	1347.2	1744	0
(1,0)	(2,8841)	(3,5477)	(4,835)	
(1,0)	(2,1855)	(3,0)	(4,0)	
(1,0)	(2,0)	(3,0)	(4,0)	
(1,0)	(2,2085)	(3,0)	(4,0)	
(1,0)	(2,0)	(3,0)	(4,0)	
(1,0)	(2,0)	(3,0)	(4,0)	
(1,0)	(2,0)	(3,0)	(4,0)	
(1,0)	(2,0)	(3,0)	(4,0)	
(1,0)	(2,0)	(3,0)	(4,0)	
(1,0)	(2,0)	(3,0)	(4,0)	
(1,0)	(2,0)	(3,0)	(4,0)	
(1,0)	(2,0)	(3,0)	(4,0)	
(1,0)	(2,0)	(3,0)	(4,0)	
avg	1674.03	0	1588.16	0	1625.6	1608.53	1720.53	0	1774.08	1632.53	1746.99	0
delay	436.58	0.139535	432.772	0.0632911	450.486	455.147	452.86	0.371429	447.429	445.662	443.659	0.53012
loss	0.0908222	0	0.00997506	0	0.0595358	0.0907238	0.0929368	0	0.00891862	0.00651042	0.00549451	0
Command ['/home/ubuntu/ns-3.30-obss/build/scratch/simple-ofdma-adhoc6', '--ofdmaEnabled=true', '--startTime=60', '--totalTime=90', '--packetSize=4e3', '--dataMode=HeMcs6', '--datarate=30e6', '--ratio=0.375', '--RngRun=34', '--locationFile=locationtxt/locationFile42e1.txt', '--routingFile=locationtxt/routingFile42.txt', '--appFile=locationtxt/appFile.txt', '--tcp=0', '--randomTime=true', '--qosDisabled=true'] terminated with signal SIGSEGV. Run it under a debugger to get more information (./waf --run <program> --command-template="gdb --args %s <args>").
