Waf: Entering directory `/home/ubuntu/ns-3.30-obss/build'
Waf: Leaving directory `/home/ubuntu/ns-3.30-obss/build'
Build commands will be stored in build/compile_commands.json
'build' finished successfully (0.782s)
--------------------------Rate[Kbps]--------------------------
Time[s]	cl-1	cl-2	cl-3	cl-4	cl-5	cl-6	cl-7	cl-8	cl-9	cl-10	cl-11	cl-12
60	16	13.6	12.8	14.6	15	11.2	10.8	12.4	13.6	15	14.4	12.8
61	1436.8	0	1734.4	0	1779.2	1376	1308.8	0	1680	1632	1481.6	0
62	1596.8	0	1148.8	0	1292.8	1353.6	1712	0	1948.8	1558.4	1408	0
63	1740.8	0	1504	0	1331.2	1673.6	1952	0	1372.8	1667.2	1708.8	0
64	1465.6	0	1689.6	0	1382.4	1708.8	2204.8	0	1744	1856	1737.6	0
65	1795.2	0	1065.6	0	1552	1078.4	1395.2	0	1897.6	1952	1884.8	0
66	1936	0	1529.6	0	1504	1689.6	2217.6	0	1539.2	1712	1609.6	0
67	1683.2	0	1366.4	0	1622.4	1756.8	1529.6	0	1651.2	1676.8	2016	0
68	1632	0	1884.8	0	1491.2	1465.6	2316.8	0	1360	1200	2240	0
69	1465.6	0	1385.6	0	1996.8	1561.6	1955.2	0	1324.8	1884.8	1532.8	0
70	1401.6	0	1353.6	0	1308.8	1392	1392	0	2339.2	1244.8	1366.4	0
71	1875.2	0	1184	0	2054.4	1360	1449.6	0	950.4	1625.6	1417.6	0
72	1644.8	0	1558.4	0	1337.6	1164.8	1580.8	0	2185.6	1590.4	1481.6	0
73	1424	0	1926.4	0	1520	1532.8	1587.2	0	2211.2	1539.2	1440	0
74	1120	0	1347.2	0	1440	1126.4	1808	0	1350.4	1836.8	1859.2	0
75	1536	0	1696	0	1484.8	1465.6	1603.2	0	1913.6	1254.4	1763.2	0
76	1369.6	0	1513.6	0	2153.6	1692.8	1337.6	0	1708.8	1193.6	1849.6	0
77	1414.4	0	1622.4	0	1414.4	1865.6	1516.8	0	1283.2	1824	1884.8	0
78	1644.8	0	1724.8	0	1740.8	1648	1424	0	1878.4	1292.8	1712	0
79	1331.2	0	1580.8	0	1561.6	2208	1894.4	0	1408	1452.8	1379.2	0
80	1532.8	0	1667.2	0	1344	1628.8	1232	0	1500.8	2172.8	1824	0
81	857.6	0	1420.8	0	1468.8	1574.4	1587.2	0	1961.6	1980.8	1958.4	0
82	1286.4	0	1670.4	0	1574.4	1616	1936	0	1385.6	2051.2	1792	0
83	1584	0	1888	0	1516.8	1657.6	1974.4	0	1785.6	1542.4	1382.4	0
84	1564.8	0	2105.6	0	1542.4	1350.4	1718.4	0	1609.6	1904	1043.2	0
85	1654.4	0	1740.8	0	1443.2	1427.2	1545.6	0	1916.8	1526.4	1216	0
86	1289.6	0	1401.6	0	1443.2	1872	1276.8	0	1852.8	995.2	1478.4	0
87	1811.2	0	1328	0	1529.6	1702.4	1827.2	0	1776	1907.2	1622.4	0
88	1609.6	0	1644.8	0	1923.2	1606.4	1568	0	1430.4	1308.8	1680	0
89	1408	0	1596.8	0	1600	1488	1478.4	0	1500.8	1715.2	1699.2	0
90	1667.2	0	1657.6	0	2150.4	1465.6	2009.6	0	1932.8	1619.2	1331.2	0
(1,0)	(2,6501)	(3,2879)	(4,401)	
(1,0)	(2,979)	(3,0)	(4,0)	
(1,0)	(2,0)	(3,0)	(4,0)	
(1,0)	(2,962)	(3,0)	(4,0)	
(1,0)	(2,0)	(3,0)	(4,0)	
(1,0)	(2,0)	(3,0)	(4,0)	
(1,0)	(2,0)	(3,0)	(4,0)	
(1,0)	(2,0)	(3,0)	(4,0)	
(1,0)	(2,0)	(3,0)	(4,0)	
(1,0)	(2,0)	(3,0)	(4,0)	
(1,0)	(2,0)	(3,0)	(4,0)	
(1,0)	(2,0)	(3,0)	(4,0)	
(1,0)	(2,0)	(3,0)	(4,0)	
avg	1525.97	0	1564.59	0	1583.47	1550.29	1677.97	0	1680	1623.89	1626.67	0
delay	8.71707	0.0588235	8.40457	0.0547945	15.6943	12.2601	12.8017	0.403226	13.224	11.2065	11.1143	0.34375
loss	0	0	0	0	0	0.00111982	0	0	0	0	0	0
Command ['/home/ubuntu/ns-3.30-obss/build/scratch/simple-ofdma-adhoc6', '--ofdmaEnabled=true', '--startTime=60', '--totalTime=90', '--packetSize=4e3', '--dataMode=HeMcs6', '--datarate=25e6', '--ratio=0.375', '--RngRun=46', '--locationFile=locationtxt/locationFile42e1.txt', '--routingFile=locationtxt/routingFile42.txt', '--appFile=locationtxt/appFile.txt', '--tcp=0', '--randomTime=true', '--qosDisabled=true'] terminated with signal SIGSEGV. Run it under a debugger to get more information (./waf --run <program> --command-template="gdb --args %s <args>").
