Waf: Entering directory `/home/ubuntu/ns-3.30-obss/build'
Waf: Leaving directory `/home/ubuntu/ns-3.30-obss/build'
Build commands will be stored in build/compile_commands.json
'build' finished successfully (0.894s)
--------------------------Rate[Kbps]--------------------------
Time[s]	cl-1	cl-2	cl-3	cl-4	cl-5	cl-6
60	15.4	12.8	17.8	15	15.4	15
61	0	0	3036.8	2300.8	2438.4	1865.6
62	0	0	2432	2252.8	2400	3321.6
63	0	0	2044.8	2316.8	2089.6	3027.2
64	0	0	2339.2	1840	2016	2614.4
65	0	0	2342.4	2259.2	2704	2364.8
66	0	0	2985.6	1804.8	1657.6	3328
67	0	0	2656	2064	2262.4	2656
68	0	0	2899.2	2028.8	1910.4	2502.4
69	0	0	2272	2851.2	2387.2	2403.2
70	0	0	2576	1772.8	2489.6	3040
71	0	0	1980.8	2755.2	2844.8	2723.2
72	0	0	2598.4	1856	2012.8	2112
73	0	0	2505.6	1888	2864	2912
74	0	0	2508.8	2742.4	1494.4	2768
75	0	0	2355.2	2057.6	2816	2524.8
76	0	0	2854.4	2620.8	2310.4	1875.2
77	0	0	2684.8	2361.6	2438.4	2265.6
78	0	0	2348.8	1990.4	2563.2	2560
79	0	0	3267.2	2476.8	2345.6	1923.2
80	0	0	2460.8	2038.4	2748.8	2134.4
81	0	0	2803.2	2268.8	2156.8	2540.8
82	0	0	2745.6	2608	1571.2	2812.8
83	0	0	1932.8	2960	2380.8	2092.8
84	0	0	2262.4	2432	2652.8	1952
85	0	0	1545.6	3081.6	3033.6	1616
86	0	0	3216	2729.6	1929.6	2300.8
87	0	0	2780.8	1628.8	2691.2	1868.8
88	0	0	2531.2	2259.2	3232	1936
89	0	0	2236.8	3008	2016	2252.8
90	0	0	2777.6	1641.6	3120	2512
(1,0)	(2,10957)	(3,0)	(4,0)	
(1,0)	(2,3037)	(3,0)	(4,0)	
(1,0)	(2,3082)	(3,0)	(4,0)	
(1,0)	(2,0)	(3,0)	(4,0)	
(1,0)	(2,0)	(3,0)	(4,0)	
(1,0)	(2,0)	(3,0)	(4,0)	
(1,0)	(2,0)	(3,0)	(4,0)	
avg	0	0	2532.69	2296.53	2385.92	2426.88
delay	0.0649351	0.078125	484.127	482.565	486.258	484.504
loss	0	0	0.177861	0.194521	0.0661765	0.0642261
Command ['/home/ubuntu/ns-3.30-obss/build/scratch/simple-ofdma-adhoc6', '--ofdmaEnabled=true', '--startTime=60', '--totalTime=90', '--packetSize=4e3', '--dataMode=HeMcs4', '--datarate=25e6', '--ratio=0.375', '--RngRun=36', '--locationFile=locationtxt/locationFile22.txt', '--routingFile=locationtxt/routingFile22.txt', '--appFile=locationtxt/appFile.txt', '--tcp=0', '--randomTime=true', '--qosDisabled=true'] terminated with signal SIGSEGV. Run it under a debugger to get more information (./waf --run <program> --command-template="gdb --args %s <args>").
