Waf: Entering directory `/home/ubuntu/ns-3.30-obss/build'
Waf: Leaving directory `/home/ubuntu/ns-3.30-obss/build'
Build commands will be stored in build/compile_commands.json
'build' finished successfully (0.338s)
--------------------------Rate[Kbps]--------------------------
Time[s]	cl-1	cl-2	cl-3	cl-4	cl-5	cl-6
60	15.4	14.6	13	14.6	16.2	17.8
61	0	0	2377.6	3270.4	1923.2	2387.2
62	0	0	2691.2	2278.4	3299.2	2528
63	0	0	2246.4	2716.8	2512	3174.4
64	0	0	2409.6	1804.8	1776	2745.6
65	0	0	2931.2	1955.2	1827.2	2393.6
66	0	0	2064	2684.8	2480	2512
67	0	0	2246.4	2144	2246.4	2956.8
68	0	0	2768	2576	2742.4	1670.4
69	0	0	2524.8	2054.4	2812.8	2854.4
70	0	0	2284.8	1817.6	3107.2	3289.6
71	0	0	1872	2947.2	2649.6	2412.8
72	0	0	2272	2048	2169.6	2630.4
73	0	0	1968	2588.8	2224	2076.8
74	0	0	2169.6	2076.8	2745.6	1868.8
75	0	0	2115.2	2262.4	2451.2	2604.8
76	0	0	2563.2	2310.4	2534.4	2284.8
77	0	0	1721.6	2828.8	2454.4	3424
78	0	0	2281.6	2761.6	2476.8	2288
79	0	0	2092.8	3180.8	1676.8	2371.2
80	0	0	2460.8	2128	3440	2275.2
81	0	0	2748.8	2451.2	2908.8	1443.2
82	0	0	2371.2	2688	1590.4	3014.4
83	0	0	3206.4	2204.8	2489.6	2214.4
84	0	0	3216	2089.6	1801.6	2928
85	0	0	2224	3136	1440	2518.4
86	0	0	2464	2454.4	3075.2	1699.2
87	0	0	2864	1686.4	2390.4	2665.6
88	0	0	2182.4	2451.2	2080	2483.2
89	0	0	2697.6	1580.8	2508.8	2864
90	0	0	2892.8	1856	2195.2	2105.6
(1,0)	(2,11060)	(3,0)	(4,0)	
(1,0)	(2,2778)	(3,0)	(4,0)	
(1,0)	(2,2714)	(3,0)	(4,0)	
(1,0)	(2,0)	(3,0)	(4,0)	
(1,0)	(2,0)	(3,0)	(4,0)	
(1,0)	(2,0)	(3,0)	(4,0)	
(1,0)	(2,0)	(3,0)	(4,0)	
avg	0	0	2430.93	2367.79	2400.96	2489.49
delay	0.12987	0.123288	476.976	462.901	468.969	478.77
loss	0	0	0.0877968	0.0763195	0.0464768	0.0674487
Command ['/home/ubuntu/ns-3.30-obss/build/scratch/simple-ofdma-adhoc6', '--ofdmaEnabled=true', '--startTime=60', '--totalTime=90', '--packetSize=4e3', '--dataMode=HeMcs4', '--datarate=25e6', '--ratio=0.375', '--RngRun=2', '--locationFile=locationtxt/locationFile22.txt', '--routingFile=locationtxt/routingFile22.txt', '--appFile=locationtxt/appFile.txt', '--tcp=0', '--randomTime=true', '--qosDisabled=true'] terminated with signal SIGSEGV. Run it under a debugger to get more information (./waf --run <program> --command-template="gdb --args %s <args>").
