Waf: Entering directory `/home/ubuntu/ns-3.30-obss/build'
Waf: Leaving directory `/home/ubuntu/ns-3.30-obss/build'
Build commands will be stored in build/compile_commands.json
'build' finished successfully (0.778s)
--------------------------Rate[Kbps]--------------------------
Time[s]	cl-1	cl-2	cl-3	cl-4	cl-5	cl-6
60	14.2	18.2	17.4	13.6	17	14.6
61	0	0	2739.2	2841.6	2486.4	2092.8
62	0	0	3091.2	1929.6	2796.8	2755.2
63	0	0	2480	1734.4	2204.8	2236.8
64	0	0	1987.2	2294.4	2441.6	2236.8
65	0	0	2265.6	2096	1804.8	2473.6
66	0	0	2009.6	1740.8	2176	1696
67	0	0	2361.6	2153.6	2134.4	2518.4
68	0	0	2627.2	2012.8	2262.4	1520
69	0	0	2406.4	1772.8	2099.2	2316.8
70	0	0	1536	2457.6	1475.2	2131.2
71	0	0	2726.4	1750.4	2288	1532.8
72	0	0	2160	2102.4	1910.4	2326.4
73	0	0	2252.8	1849.6	1798.4	1852.8
74	0	0	2323.2	1996.8	2051.2	2406.4
75	0	0	2531.2	2137.6	1763.2	2233.6
76	0	0	1996.8	2182.4	2361.6	2156.8
77	0	0	1852.8	2752	2131.2	2342.4
78	0	0	1968	2400	2400	2000
79	0	0	2227.2	2176	2502.4	2416
80	0	0	2108.8	2252.8	1788.8	1705.6
81	0	0	2723.2	1996.8	1740.8	2198.4
82	0	0	1712	2233.6	1996.8	2409.6
83	0	0	2128	2505.6	1734.4	2460.8
84	0	0	1952	2486.4	2006.4	2240
85	0	0	2531.2	1900.8	1945.6	2342.4
86	0	0	1843.2	1980.8	1888	2163.2
87	0	0	2777.6	2128	2099.2	2268.8
88	0	0	2048	1856	2380.8	1964.8
89	0	0	2441.6	1702.4	2576	1731.2
90	0	0	1846.4	1734.4	1948.8	2054.4
(1,0)	(2,11734)	(3,0)	(4,0)	
(1,0)	(2,3120)	(3,0)	(4,0)	
(1,0)	(2,3334)	(3,0)	(4,0)	
(1,0)	(2,0)	(3,0)	(4,0)	
(1,0)	(2,0)	(3,0)	(4,0)	
(1,0)	(2,0)	(3,0)	(4,0)	
(1,0)	(2,0)	(3,0)	(4,0)	
avg	0	0	2255.15	2105.28	2106.45	2159.47
delay	0.0704225	0.131868	491.557	498.813	534.884	524.259
loss	0	0	0.120711	0.11715	0.243145	0.466594
Command ['/home/ubuntu/ns-3.30-obss/build/scratch/simple-ofdma-adhoc6', '--ofdmaEnabled=true', '--startTime=60', '--totalTime=90', '--packetSize=4e3', '--dataMode=HeMcs4', '--datarate=30e6', '--ratio=0.375', '--RngRun=31', '--locationFile=locationtxt/locationFile22.txt', '--routingFile=locationtxt/routingFile22.txt', '--appFile=locationtxt/appFile.txt', '--tcp=0', '--randomTime=true', '--qosDisabled=true'] terminated with signal SIGSEGV. Run it under a debugger to get more information (./waf --run <program> --command-template="gdb --args %s <args>").
