Waf: Entering directory `/home/ubuntu/ns-3.30-obss/build'
Waf: Leaving directory `/home/ubuntu/ns-3.30-obss/build'
Build commands will be stored in build/compile_commands.json
'build' finished successfully (0.726s)
--------------------------Rate[Kbps]--------------------------
Time[s]	cl-1	cl-2	cl-3	cl-4	cl-5	cl-6
60	12.2	13.2	15	15.8	13.4	16.2
61	0	0	2844.8	1961.6	2403.2	2502.4
62	0	0	2457.6	2630.4	3452.8	2118.4
63	0	0	2355.2	1312	3411.2	2736
64	0	0	2502.4	1750.4	2396.8	1910.4
65	0	0	1926.4	2172.8	1676.8	2409.6
66	0	0	1769.6	2268.8	2172.8	2745.6
67	0	0	1987.2	2070.4	1673.6	2278.4
68	0	0	1875.2	1788.8	2316.8	1801.6
69	0	0	1644.8	2732.8	2281.6	2252.8
70	0	0	1619.2	2140.8	2902.4	2320
71	0	0	2752	2793.6	2220.8	1862.4
72	0	0	2060.8	2633.6	2051.2	2064
73	0	0	1929.6	2198.4	1766.4	2044.8
74	0	0	1875.2	2121.6	2380.8	2140.8
75	0	0	2688	1872	2297.6	2150.4
76	0	0	2364.8	2025.6	1904	2595.2
77	0	0	2588.8	1744	2400	1804.8
78	0	0	1904	2339.2	2515.2	1750.4
79	0	0	2371.2	2112	2512	1417.6
80	0	0	1926.4	1980.8	1955.2	2291.2
81	0	0	2012.8	1888	2256	2748.8
82	0	0	2531.2	2060.8	2550.4	1408
83	0	0	2425.6	2211.2	2988.8	1884.8
84	0	0	2128	2377.6	1878.4	2569.6
85	0	0	1894.4	2128	1728	2326.4
86	0	0	2092.8	2048	1996.8	2172.8
87	0	0	2112	2067.2	1702.4	2252.8
88	0	0	2121.6	1894.4	1891.2	2195.2
89	0	0	3084.8	2099.2	2192	1654.4
90	0	0	2076.8	2070.4	2454.4	1913.6
(1,0)	(2,11707)	(3,0)	(4,0)	
(1,0)	(2,2863)	(3,0)	(4,0)	
(1,0)	(2,3137)	(3,0)	(4,0)	
(1,0)	(2,0)	(3,0)	(4,0)	
(1,0)	(2,0)	(3,0)	(4,0)	
(1,0)	(2,0)	(3,0)	(4,0)	
(1,0)	(2,0)	(3,0)	(4,0)	
avg	0	0	2197.44	2116.48	2277.65	2144.11
delay	0.0655738	0.0757576	496.942	516.59	509.849	514.378
loss	0	0	0.4073	0.452576	0.455943	0.492308
Command ['/home/ubuntu/ns-3.30-obss/build/scratch/simple-ofdma-adhoc6', '--ofdmaEnabled=true', '--startTime=60', '--totalTime=90', '--packetSize=4e3', '--dataMode=HeMcs4', '--datarate=30e6', '--ratio=0.375', '--RngRun=47', '--locationFile=locationtxt/locationFile22.txt', '--routingFile=locationtxt/routingFile22.txt', '--appFile=locationtxt/appFile.txt', '--tcp=0', '--randomTime=true', '--qosDisabled=true'] terminated with signal SIGSEGV. Run it under a debugger to get more information (./waf --run <program> --command-template="gdb --args %s <args>").
