Waf: Entering directory `/home/ubuntu/ns-3.30-obss/build'
Waf: Leaving directory `/home/ubuntu/ns-3.30-obss/build'
Build commands will be stored in build/compile_commands.json
'build' finished successfully (0.723s)
--------------------------Rate[Kbps]--------------------------
Time[s]	cl-1	cl-2	cl-3	cl-4	cl-5	cl-6
60	17	15	15.8	11.6	14.6	15.6
61	0	0	2265.6	2086.4	2332.8	2956.8
62	0	0	3001.6	2848	1987.2	2764.8
63	0	0	2320	2304	2326.4	3267.2
64	0	0	2598.4	2790.4	2736	1616
65	0	0	1747.2	2412.8	2272	2630.4
66	0	0	2854.4	2518.4	2454.4	1616
67	0	0	2083.2	2339.2	2291.2	2006.4
68	0	0	2854.4	1555.2	2454.4	2662.4
69	0	0	2195.2	2521.6	2553.6	2755.2
70	0	0	2800	2124.8	2345.6	2054.4
71	0	0	2022.4	3011.2	1913.6	1833.6
72	0	0	2505.6	2604.8	3456	1753.6
73	0	0	2748.8	2921.6	1744	2409.6
74	0	0	2304	2944	1932.8	2531.2
75	0	0	2499.2	2716.8	2236.8	2995.2
76	0	0	1878.4	1667.2	3008	2790.4
77	0	0	2198.4	2598.4	2294.4	2870.4
78	0	0	2140.8	2832	2460.8	2288
79	0	0	2688	2083.2	2329.6	2531.2
80	0	0	1769.6	2592	2736	1760
81	0	0	2633.6	3091.2	2467.2	2326.4
82	0	0	2339.2	1958.4	2144	2582.4
83	0	0	1654.4	1987.2	2998.4	2080
84	0	0	3465.6	2620.8	1923.2	2227.2
85	0	0	2198.4	2787.2	2000	2736
86	0	0	1734.4	2288	2867.2	2636.8
87	0	0	2172.8	2524.8	2428.8	2908.8
88	0	0	1920	2259.2	3299.2	2112
89	0	0	2595.2	2249.6	1494.4	2691.2
90	0	0	2326.4	1833.6	2288	2201.6
(1,0)	(2,11136)	(3,0)	(4,0)	
(1,0)	(2,2884)	(3,0)	(4,0)	
(1,0)	(2,2999)	(3,0)	(4,0)	
(1,0)	(2,0)	(3,0)	(4,0)	
(1,0)	(2,0)	(3,0)	(4,0)	
(1,0)	(2,0)	(3,0)	(4,0)	
(1,0)	(2,0)	(3,0)	(4,0)	
avg	0	0	2350.51	2435.73	2392.53	2419.84
delay	0.0705882	0.08	469.041	469.257	472.45	466.174
loss	0	0	0.0640055	0.0678547	0.0958409	0.0598007
Command ['/home/ubuntu/ns-3.30-obss/build/scratch/simple-ofdma-adhoc6', '--ofdmaEnabled=true', '--startTime=60', '--totalTime=90', '--packetSize=4e3', '--dataMode=HeMcs4', '--datarate=25e6', '--ratio=0.375', '--RngRun=10', '--locationFile=locationtxt/locationFile22.txt', '--routingFile=locationtxt/routingFile22.txt', '--appFile=locationtxt/appFile.txt', '--tcp=0', '--randomTime=true', '--qosDisabled=true'] terminated with signal SIGSEGV. Run it under a debugger to get more information (./waf --run <program> --command-template="gdb --args %s <args>").
