Waf: Entering directory `/home/ubuntu/ns-3.30-obss/build'
Waf: Leaving directory `/home/ubuntu/ns-3.30-obss/build'
Build commands will be stored in build/compile_commands.json
'build' finished successfully (0.894s)
--------------------------Rate[Kbps]--------------------------
Time[s]	cl-1	cl-2	cl-3	cl-4	cl-5	cl-6
60	14	16.4	16.6	18.8	13.4	17
61	0	0	3062.4	2464	2272	2230.4
62	0	0	2364.8	2089.6	3888	2195.2
63	0	0	2188.8	2108.8	2755.2	1884.8
64	0	0	1862.4	2124.8	1673.6	2035.2
65	0	0	2332.8	1916.8	2297.6	2230.4
66	0	0	2249.6	1833.6	2236.8	2374.4
67	0	0	2588.8	1900.8	2243.2	1910.4
68	0	0	2268.8	2659.2	1555.2	2147.2
69	0	0	1641.6	2256	2214.4	1868.8
70	0	0	1824	2678.4	2198.4	2643.2
71	0	0	2278.4	2211.2	2387.2	2723.2
72	0	0	1814.4	1814.4	1753.6	2768
73	0	0	1936	2259.2	1968	1884.8
74	0	0	2256	1936	1577.6	1910.4
75	0	0	2115.2	1628.8	2467.2	1993.6
76	0	0	1820.8	2256	1875.2	2140.8
77	0	0	2051.2	2604.8	1843.2	2179.2
78	0	0	2073.6	2390.4	1462.4	2364.8
79	0	0	1913.6	2044.8	2019.2	2003.2
80	0	0	2060.8	1920	1939.2	2083.2
81	0	0	2064	1984	2224	1715.2
82	0	0	2035.2	1836.8	1654.4	2393.6
83	0	0	2054.4	2166.4	2268.8	1974.4
84	0	0	2246.4	1990.4	2016	2563.2
85	0	0	2262.4	2611.2	1724.8	2291.2
86	0	0	1715.2	2739.2	2697.6	1776
87	0	0	2326.4	2131.2	1788.8	2355.2
88	0	0	2073.6	2281.6	2259.2	1756.8
89	0	0	2326.4	1724.8	1769.6	1984
90	0	0	2166.4	1804.8	2969.6	1884.8
(1,0)	(2,11634)	(3,0)	(4,0)	
(1,0)	(2,3043)	(3,0)	(4,0)	
(1,0)	(2,3306)	(3,0)	(4,0)	
(1,0)	(2,0)	(3,0)	(4,0)	
(1,0)	(2,0)	(3,0)	(4,0)	
(1,0)	(2,0)	(3,0)	(4,0)	
(1,0)	(2,0)	(3,0)	(4,0)	
avg	0	0	2132.48	2145.6	2133.33	2142.19
delay	0.0714286	0.0731707	517.059	495.561	504.979	537.603
loss	0	0	0.475269	0.0963139	0.0985829	0.477905
Command ['/home/ubuntu/ns-3.30-obss/build/scratch/simple-ofdma-adhoc6', '--ofdmaEnabled=true', '--startTime=60', '--totalTime=90', '--packetSize=4e3', '--dataMode=HeMcs4', '--datarate=30e6', '--ratio=0.375', '--RngRun=28', '--locationFile=locationtxt/locationFile22.txt', '--routingFile=locationtxt/routingFile22.txt', '--appFile=locationtxt/appFile.txt', '--tcp=0', '--randomTime=true', '--qosDisabled=true'] terminated with signal SIGSEGV. Run it under a debugger to get more information (./waf --run <program> --command-template="gdb --args %s <args>").
