Waf: Entering directory `/home/ubuntu/ns-3.30-obss/build'
Waf: Leaving directory `/home/ubuntu/ns-3.30-obss/build'
Build commands will be stored in build/compile_commands.json
'build' finished successfully (0.762s)
--------------------------Rate[Kbps]--------------------------
Time[s]	cl-1	cl-2	cl-3	cl-4	cl-5	cl-6
60	14.8	16	16.6	18.4	12.4	13.4
61	0	0	2393.6	2806.4	2316.8	2729.6
62	0	0	2828.8	2524.8	2867.2	1932.8
63	0	0	2313.6	1833.6	2438.4	2464
64	0	0	1987.2	2560	1500.8	2550.4
65	0	0	1936	2108.8	2115.2	2275.2
66	0	0	2092.8	2496	2227.2	1571.2
67	0	0	2086.4	1881.6	2294.4	1920
68	0	0	2105.6	1936	1788.8	2457.6
69	0	0	2051.2	2902.4	1516.8	2352
70	0	0	1654.4	2288	1984	2041.6
71	0	0	2198.4	1705.6	2192	2124.8
72	0	0	2464	2531.2	2348.8	2240
73	0	0	2713.6	1641.6	2787.2	1302.4
74	0	0	2409.6	1920	2134.4	2150.4
75	0	0	1779.2	1974.4	2064	1840
76	0	0	1824	2409.6	1680	2144
77	0	0	1526.4	1974.4	2345.6	1859.2
78	0	0	2112	1929.6	2409.6	1766.4
79	0	0	2214.4	1820.8	1782.4	2476.8
80	0	0	2208	1408	2156.8	2144
81	0	0	1881.6	2665.6	1996.8	2460.8
82	0	0	2281.6	2124.8	1952	1708.8
83	0	0	1641.6	2243.2	1763.2	2128
84	0	0	1936	1795.2	2025.6	2361.6
85	0	0	2867.2	2742.4	2038.4	2121.6
86	0	0	1283.2	2707.2	2870.4	2118.4
87	0	0	2483.2	2268.8	1603.2	2582.4
88	0	0	1817.6	2323.2	1846.4	2028.8
89	0	0	2416	2147.2	2092.8	1814.4
90	0	0	1772.8	2784	2592	1523.2
(1,0)	(2,11555)	(3,0)	(4,0)	
(1,0)	(2,3239)	(3,0)	(4,0)	
(1,0)	(2,3129)	(3,0)	(4,0)	
(1,0)	(2,0)	(3,0)	(4,0)	
(1,0)	(2,0)	(3,0)	(4,0)	
(1,0)	(2,0)	(3,0)	(4,0)	
(1,0)	(2,0)	(3,0)	(4,0)	
avg	0	0	2109.33	2215.15	2124.37	2106.35
delay	0.0675676	0.15	529.424	499.938	501.678	500.926
loss	0	0	0.271574	0.118523	0.113279	0.0939828
Command ['/home/ubuntu/ns-3.30-obss/build/scratch/simple-ofdma-adhoc6', '--ofdmaEnabled=true', '--startTime=60', '--totalTime=90', '--packetSize=4e3', '--dataMode=HeMcs4', '--datarate=30e6', '--ratio=0.375', '--RngRun=50', '--locationFile=locationtxt/locationFile22.txt', '--routingFile=locationtxt/routingFile22.txt', '--appFile=locationtxt/appFile.txt', '--tcp=0', '--randomTime=true', '--qosDisabled=true'] terminated with signal SIGSEGV. Run it under a debugger to get more information (./waf --run <program> --command-template="gdb --args %s <args>").
