Waf: Entering directory `/home/ubuntu/ns-3.30-obss/build'
Waf: Leaving directory `/home/ubuntu/ns-3.30-obss/build'
Build commands will be stored in build/compile_commands.json
'build' finished successfully (0.814s)
--------------------------Rate[Kbps]--------------------------
Time[s]	cl-1	cl-2	cl-3	cl-4	cl-5	cl-6
60	16	14.4	14.8	15.2	17.4	17
61	0	0	2291.2	2889.6	2492.8	2688
62	0	0	1782.4	2684.8	2368	2412.8
63	0	0	1913.6	1920	1865.6	1443.2
64	0	0	1606.4	1942.4	1801.6	2147.2
65	0	0	2003.2	1577.6	2166.4	2044.8
66	0	0	1862.4	1731.2	2204.8	1664
67	0	0	1961.6	1945.6	1609.6	1427.2
68	0	0	2060.8	1436.8	1993.6	1872
69	0	0	1958.4	2166.4	2118.4	1443.2
70	0	0	2041.6	1888	2240	2227.2
71	0	0	2412.8	2070.4	1673.6	1964.8
72	0	0	1996.8	2003.2	1811.2	1670.4
73	0	0	1920	1971.2	1900.8	1827.2
74	0	0	1577.6	2073.6	1865.6	2016
75	0	0	2016	1859.2	1686.4	1984
76	0	0	2044.8	1878.4	2112	1945.6
77	0	0	1942.4	1968	1728	1884.8
78	0	0	1878.4	1916.8	1734.4	2016
79	0	0	1804.8	1894.4	1734.4	1625.6
80	0	0	2422.4	1545.6	2096	2316.8
81	0	0	2208	2076.8	1769.6	2217.6
82	0	0	2128	2144	2211.2	1705.6
83	0	0	2009.6	2288	2083.2	2019.2
84	0	0	2000	2323.2	1968	2416
85	0	0	2022.4	1766.4	2246.4	1740.8
86	0	0	1952	2067.2	1718.4	2192
87	0	0	1785.6	2140.8	1692.8	2336
88	0	0	1817.6	2105.6	1740.8	1987.2
89	0	0	2019.2	1766.4	1910.4	1718.4
90	0	0	1779.2	2067.2	1715.2	2025.6
(1,0)	(2,11956)	(3,0)	(4,0)	
(1,0)	(2,3402)	(3,0)	(4,0)	
(1,0)	(2,3422)	(3,0)	(4,0)	
(1,0)	(2,0)	(3,0)	(4,0)	
(1,0)	(2,0)	(3,0)	(4,0)	
(1,0)	(2,0)	(3,0)	(4,0)	
(1,0)	(2,0)	(3,0)	(4,0)	
avg	0	0	1973.97	2003.63	1941.97	1965.97
delay	0.075	0.0694444	570.17	575.706	574.362	510.276
loss	0	0	0.696094	0.670115	0.396349	0.119411
Command ['/home/ubuntu/ns-3.30-obss/build/scratch/simple-ofdma-adhoc6', '--ofdmaEnabled=true', '--startTime=60', '--totalTime=90', '--packetSize=4e3', '--dataMode=HeMcs4', '--datarate=35e6', '--ratio=0.375', '--RngRun=19', '--locationFile=locationtxt/locationFile22.txt', '--routingFile=locationtxt/routingFile22.txt', '--appFile=locationtxt/appFile.txt', '--tcp=0', '--randomTime=true', '--qosDisabled=true'] terminated with signal SIGSEGV. Run it under a debugger to get more information (./waf --run <program> --command-template="gdb --args %s <args>").
