Waf: Entering directory `/home/ubuntu/ns-3.30-obss/build'
Waf: Leaving directory `/home/ubuntu/ns-3.30-obss/build'
Build commands will be stored in build/compile_commands.json
'build' finished successfully (0.880s)
--------------------------Rate[Kbps]--------------------------
Time[s]	cl-1	cl-2	cl-3	cl-4	cl-5	cl-6
60	13	12	16.8	13.4	15.8	17.4
61	0	0	2556.8	2371.2	1808	3296
62	0	0	3299.2	2316.8	2425.6	2422.4
63	0	0	3004.8	1814.4	2636.8	3033.6
64	0	0	2553.6	2128	2633.6	2496
65	0	0	2316.8	2329.6	2115.2	2329.6
66	0	0	1897.6	3030.4	2076.8	3024
67	0	0	3328	2236.8	2272	2121.6
68	0	0	2409.6	2192	2412.8	2614.4
69	0	0	3014.4	1862.4	2457.6	2096
70	0	0	2678.4	2137.6	2851.2	2857.6
71	0	0	2768	1990.4	2320	3072
72	0	0	2147.2	2204.8	2188.8	1990.4
73	0	0	2166.4	1763.2	2368	2262.4
74	0	0	2476.8	2368	2646.4	2038.4
75	0	0	2243.2	2256	3036.8	1916.8
76	0	0	2960	1676.8	2496	2873.6
77	0	0	2835.2	2502.4	2300.8	2384
78	0	0	1715.2	2457.6	2115.2	2387.2
79	0	0	2348.8	2723.2	2617.6	2195.2
80	0	0	2166.4	3120	2291.2	1942.4
81	0	0	2739.2	2614.4	2313.6	2224
82	0	0	2387.2	1494.4	3459.2	2620.8
83	0	0	2704	2569.6	2624	2390.4
84	0	0	2844.8	1782.4	2489.6	2672
85	0	0	2387.2	2032	2361.6	2454.4
86	0	0	2006.4	2649.6	3142.4	2377.6
87	0	0	1792	2636.8	2713.6	2710.4
88	0	0	2057.6	1980.8	2678.4	3120
89	0	0	2646.4	2400	2377.6	2928
90	0	0	2329.6	2371.2	2582.4	1984
(1,0)	(2,10987)	(3,0)	(4,0)	
(1,0)	(2,2813)	(3,0)	(4,0)	
(1,0)	(2,3143)	(3,0)	(4,0)	
(1,0)	(2,0)	(3,0)	(4,0)	
(1,0)	(2,0)	(3,0)	(4,0)	
(1,0)	(2,0)	(3,0)	(4,0)	
(1,0)	(2,0)	(3,0)	(4,0)	
avg	0	0	2492.69	2267.09	2493.76	2494.51
delay	0.0615385	0.0666667	462.603	465.221	473.76	475.702
loss	0	0	0.0628088	0.231564	0.202694	0.0678925
Command ['/home/ubuntu/ns-3.30-obss/build/scratch/simple-ofdma-adhoc6', '--ofdmaEnabled=true', '--startTime=60', '--totalTime=90', '--packetSize=4e3', '--dataMode=HeMcs4', '--datarate=25e6', '--ratio=0.375', '--RngRun=14', '--locationFile=locationtxt/locationFile22.txt', '--routingFile=locationtxt/routingFile22.txt', '--appFile=locationtxt/appFile.txt', '--tcp=0', '--randomTime=true', '--qosDisabled=true'] terminated with signal SIGSEGV. Run it under a debugger to get more information (./waf --run <program> --command-template="gdb --args %s <args>").
