Waf: Entering directory `/home/ubuntu/ns-3.30-obss/build'
Waf: Leaving directory `/home/ubuntu/ns-3.30-obss/build'
Build commands will be stored in build/compile_commands.json
'build' finished successfully (0.814s)
--------------------------Rate[Kbps]--------------------------
Time[s]	cl-1	cl-2	cl-3	cl-4	cl-5	cl-6	cl-7	cl-8
60	14.4	14.8	16.8	14.6	13	16.6	15	14
61	0	0	1481.6	1843.2	1177.6	1459.2	1910.4	1772.8
62	0	0	1785.6	1756.8	1769.6	2377.6	1539.2	1785.6
63	0	0	1436.8	1792	1548.8	1516.8	1926.4	1417.6
64	0	0	1414.4	2003.2	1702.4	1788.8	1507.2	1936
65	0	0	1664	1411.2	1801.6	1596.8	1552	1568
66	0	0	1712	1670.4	1376	1481.6	2089.6	1420.8
67	0	0	1123.2	1958.4	1980.8	1907.2	1232	1654.4
68	0	0	1328	1708.8	1459.2	2057.6	1484.8	1417.6
69	0	0	1465.6	1523.2	1686.4	1574.4	1456	1712
70	0	0	1292.8	1225.6	1884.8	1894.4	1654.4	2054.4
71	0	0	1289.6	2012.8	1712	1526.4	1936	1664
72	0	0	1731.2	1744	1420.8	2009.6	2211.2	2150.4
73	0	0	1609.6	1712	1347.2	1920	1600	1622.4
74	0	0	1820.8	1715.2	1574.4	1571.2	1500.8	1792
75	0	0	1955.2	1456	1916.8	1753.6	1625.6	1475.2
76	0	0	1718.4	1516.8	1856	2160	1769.6	1452.8
77	0	0	1641.6	1734.4	1372.8	1552	1392	1440
78	0	0	2089.6	2051.2	1312	1849.6	2131.2	2070.4
79	0	0	1654.4	1401.6	1699.2	1766.4	1686.4	1411.2
80	0	0	1216	1840	1513.6	1545.6	2454.4	1891.2
81	0	0	1283.2	1574.4	2073.6	1798.4	1865.6	1891.2
82	0	0	1196.8	1459.2	1504	2064	1507.2	1513.6
83	0	0	1107.2	1670.4	1561.6	1264	1811.2	1315.2
84	0	0	1609.6	1542.4	1913.6	1612.8	1753.6	1667.2
85	0	0	1488	1520	1523.2	1350.4	1846.4	2499.2
86	0	0	1539.2	1836.8	1059.2	1446.4	1446.4	1619.2
87	0	0	1737.6	1856	1616	1827.2	1497.6	1692.8
88	0	0	1622.4	1635.2	1337.6	1753.6	1203.2	1481.6
89	0	0	1683.2	1817.6	1852.8	2076.8	1328	1164.8
90	0	0	1664	1430.4	1449.6	2019.2	1964.8	1600
(1,0)	(2,4535)	(3,0)	(4,0)	
(1,0)	(2,1180)	(3,94)	(4,0)	
(1,0)	(2,1218)	(3,90)	(4,0)	
(1,0)	(2,0)	(3,0)	(4,0)	
(1,0)	(2,0)	(3,0)	(4,0)	
(1,0)	(2,0)	(3,0)	(4,0)	
(1,0)	(2,0)	(3,0)	(4,0)	
(1,0)	(2,0)	(3,0)	(4,0)	
(1,0)	(2,0)	(3,0)	(4,0)	
avg	0	0	1545.39	1680.64	1600.11	1750.72	1696.11	1671.79
delay	0.138889	0.0540541	3.26904	3.74516	4.19429	3.78856	3.52351	3.0721
loss	0	0	0	0	0	0	0	0
Command ['/home/ubuntu/ns-3.30-obss/build/scratch/simple-ofdma-adhoc6', '--ofdmaEnabled=true', '--startTime=60', '--totalTime=90', '--packetSize=4e3', '--dataMode=HeMcs5', '--datarate=20e6', '--ratio=0.375', '--RngRun=40', '--locationFile=locationtxt/locationFile23.txt', '--routingFile=locationtxt/routingFile23.txt', '--appFile=locationtxt/appFile.txt', '--tcp=0', '--randomTime=true', '--qosDisabled=true'] terminated with signal SIGSEGV. Run it under a debugger to get more information (./waf --run <program> --command-template="gdb --args %s <args>").
