Waf: Entering directory `/home/ubuntu/ns-3.30-obss/build'
Waf: Leaving directory `/home/ubuntu/ns-3.30-obss/build'
Build commands will be stored in build/compile_commands.json
'build' finished successfully (0.822s)
--------------------------Rate[Kbps]--------------------------
Time[s]	cl-1	cl-2	cl-3	cl-4	cl-5	cl-6	cl-7	cl-8	cl-9	cl-10	cl-11	cl-12
60	11	16.2	12.4	12.8	14.4	14.8	17.4	13.8	13.8	13	16	17.8
61	822.4	0	1523.2	0	768	828.8	876.8	764.8	1187.2	966.4	1088	592
62	844.8	0	883.2	0	873.6	1020.8	1273.6	963.2	704	934.4	1059.2	659.2
63	1040	0	1148.8	0	675.2	966.4	851.2	521.6	860.8	1004.8	899.2	876.8
64	755.2	0	1014.4	0	483.2	508.8	854.4	793.6	988.8	809.6	1417.6	905.6
65	579.2	0	700.8	0	707.2	694.4	931.2	748.8	627.2	585.6	857.6	700.8
66	681.6	0	790.4	0	547.2	860.8	1011.2	720	723.2	803.2	956.8	851.2
67	758.4	0	860.8	0	764.8	518.4	828.8	518.4	620.8	956.8	1212.8	796.8
68	768	0	790.4	0	960	608	960	780.8	748.8	614.4	905.6	681.6
69	585.6	0	566.4	0	1126.4	729.6	1027.2	659.2	793.6	585.6	1027.2	694.4
70	928	0	620.8	0	793.6	716.8	489.6	908.8	809.6	700.8	1075.2	1177.6
71	726.4	0	880	0	531.2	886.4	780.8	880	633.6	835.2	883.2	928
72	512	0	700.8	0	684.8	995.2	992	732.8	688	643.2	851.2	752
73	899.2	0	697.6	0	966.4	416	793.6	819.2	1040	828.8	841.6	1062.4
74	886.4	0	633.6	0	838.4	729.6	1014.4	630.4	841.6	800	764.8	441.6
75	1033.6	0	1424	0	694.4	1027.2	771.2	902.4	560	1014.4	1001.6	1116.8
76	1100.8	0	758.4	0	870.4	880	656	905.6	992	1276.8	835.2	470.4
77	784	0	636.8	0	969.6	860.8	854.4	668.8	886.4	713.6	1190.4	972.8
78	732.8	0	1216	0	611.2	780.8	976	531.2	748.8	323.2	675.2	1049.6
79	889.6	0	816	0	713.6	934.4	1232	534.4	918.4	822.4	768	812.8
80	1001.6	0	915.2	0	940.8	547.2	825.6	732.8	710.4	784	937.6	844.8
81	867.2	0	617.6	0	473.6	707.2	595.2	1001.6	947.2	633.6	1145.6	796.8
82	873.6	0	662.4	0	947.2	924.8	572.8	617.6	937.6	819.2	860.8	924.8
83	720	0	672	0	758.4	841.6	854.4	1062.4	700.8	800	800	876.8
84	563.2	0	761.6	0	912	809.6	953.6	652.8	928	764.8	646.4	860.8
85	985.6	0	553.6	0	713.6	656	1084.8	806.4	691.2	729.6	880	646.4
86	822.4	0	995.2	0	787.2	1184	598.4	694.4	627.2	835.2	1084.8	1001.6
87	598.4	0	899.2	0	844.8	748.8	547.2	425.6	880	739.2	1164.8	931.2
88	624	0	611.2	0	857.6	768	713.6	691.2	777.6	771.2	947.2	739.2
89	611.2	0	704	0	780.8	710.4	851.2	844.8	681.6	707.2	736	563.2
90	620.8	0	662.4	0	649.6	425.6	998.4	985.6	809.6	928	918.4	896
(1,0)	(2,4808)	(3,5089)	(4,1343)	
(1,0)	(2,1584)	(3,0)	(4,0)	
(1,0)	(2,1734)	(3,0)	(4,0)	
(1,0)	(2,1953)	(3,0)	(4,0)	
(1,0)	(2,1725)	(3,0)	(4,0)	
(1,0)	(2,0)	(3,0)	(4,0)	
(1,0)	(2,0)	(3,0)	(4,0)	
(1,0)	(2,0)	(3,0)	(4,0)	
(1,0)	(2,0)	(3,0)	(4,0)	
(1,0)	(2,0)	(3,0)	(4,0)	
(1,0)	(2,0)	(3,0)	(4,0)	
(1,0)	(2,0)	(3,0)	(4,0)	
(1,0)	(2,0)	(3,0)	(4,0)	
avg	787.2	0	823.893	0	774.827	776.213	858.987	749.973	802.133	791.04	947.733	820.8
delay	469.385	0.123457	473.846	0.078125	534.577	533.958	553.302	563.478	555.316	567.087	513.931	529.003
loss	0.312963	0	0.141748	0	0.319626	0.181524	0.297114	0.105788	0.136531	0.325044	0.268148	0.298913
Command ['/home/ubuntu/ns-3.30-obss/build/scratch/simple-ofdma-adhoc6', '--ofdmaEnabled=true', '--startTime=60', '--totalTime=90', '--packetSize=4e3', '--dataMode=HeMcs4', '--datarate=25e6', '--ratio=0.375', '--RngRun=21', '--locationFile=locationtxt/locationFile42b2.txt', '--routingFile=locationtxt/routingFile42.txt', '--appFile=locationtxt/appFile.txt', '--tcp=0', '--randomTime=true', '--qosDisabled=true'] terminated with signal SIGSEGV. Run it under a debugger to get more information (./waf --run <program> --command-template="gdb --args %s <args>").
