Waf: Entering directory `/home/ubuntu/ns-3.30-obss/build'
Waf: Leaving directory `/home/ubuntu/ns-3.30-obss/build'
Build commands will be stored in build/compile_commands.json
'build' finished successfully (0.773s)
--------------------------Rate[Kbps]--------------------------
Time[s]	cl-1	cl-2	cl-3	cl-4	cl-5	cl-6	cl-7	cl-8	cl-9	cl-10	cl-11	cl-12
60	11.8	11.8	14.8	14.2	14.4	14.6	16	13.4	15	15.2	10.8	14.8
61	998.4	0	1187.2	0	604.8	1068.8	1142.4	832	969.6	774.4	944	992
62	982.4	0	777.6	0	915.2	1113.6	502.4	627.2	1196.8	668.8	729.6	1014.4
63	1008	0	899.2	0	1040	921.6	883.2	819.2	694.4	787.2	771.2	736
64	835.2	0	803.2	0	793.6	716.8	1049.6	1068.8	649.6	684.8	1056	787.2
65	710.4	0	483.2	0	828.8	902.4	499.2	784	694.4	899.2	643.2	777.6
66	896	0	972.8	0	560	550.4	854.4	1056	620.8	1004.8	988.8	899.2
67	864	0	960	0	969.6	819.2	643.2	707.2	787.2	835.2	592	1267.2
68	617.6	0	972.8	0	870.4	784	988.8	835.2	780.8	796.8	608	793.6
69	556.8	0	873.6	0	860.8	835.2	790.4	825.6	880	585.6	774.4	368
70	704	0	636.8	0	451.2	742.4	668.8	764.8	752	870.4	1203.2	908.8
71	1062.4	0	841.6	0	691.2	537.6	736	924.8	819.2	1033.6	809.6	1107.2
72	739.2	0	665.6	0	636.8	809.6	576	547.2	793.6	748.8	864	883.2
73	624	0	329.6	0	672	854.4	1216	1091.2	790.4	726.4	956.8	809.6
74	928	0	636.8	0	828.8	947.2	963.2	934.4	630.4	595.2	1008	915.2
75	560	0	899.2	0	758.4	688	780.8	748.8	1004.8	720	918.4	368
76	860.8	0	1062.4	0	889.6	1001.6	1203.2	771.2	716.8	1062.4	1004.8	851.2
77	1043.2	0	876.8	0	800	444.8	528	688	1084.8	1091.2	774.4	784
78	483.2	0	640	0	1001.6	896	947.2	1040	966.4	473.6	889.6	592
79	899.2	0	556.8	0	732.8	624	950.4	1091.2	851.2	617.6	825.6	758.4
80	956.8	0	700.8	0	822.4	803.2	1068.8	812.8	899.2	595.2	1049.6	598.4
81	1030.4	0	835.2	0	508.8	496	976	800	822.4	892.8	1219.2	643.2
82	540.8	0	646.4	0	764.8	643.2	873.6	992	812.8	592	806.4	784
83	844.8	0	851.2	0	1081.6	1011.2	1046.4	697.6	982.4	726.4	608	704
84	595.2	0	822.4	0	835.2	576	678.4	931.2	1142.4	732.8	764.8	940.8
85	1027.2	0	665.6	0	483.2	707.2	870.4	812.8	588.8	713.6	995.2	995.2
86	649.6	0	1078.4	0	841.6	966.4	1180.8	723.2	704	1097.6	771.2	476.8
87	924.8	0	860.8	0	899.2	691.2	790.4	892.8	528	860.8	918.4	752
88	844.8	0	803.2	0	902.4	742.4	492.8	835.2	764.8	736	1024	643.2
89	576	0	624	0	617.6	870.4	953.6	1280	905.6	1171.2	784	982.4
90	1036.8	0	729.6	0	582.4	512	617.6	1027.2	700.8	1158.4	1116.8	851.2
(1,0)	(2,4636)	(3,5072)	(4,1387)	
(1,0)	(2,1607)	(3,0)	(4,0)	
(1,0)	(2,1725)	(3,0)	(4,0)	
(1,0)	(2,2044)	(3,0)	(4,0)	
(1,0)	(2,1856)	(3,0)	(4,0)	
(1,0)	(2,0)	(3,0)	(4,0)	
(1,0)	(2,0)	(3,0)	(4,0)	
(1,0)	(2,0)	(3,0)	(4,0)	
(1,0)	(2,0)	(3,0)	(4,0)	
(1,0)	(2,0)	(3,0)	(4,0)	
(1,0)	(2,0)	(3,0)	(4,0)	
(1,0)	(2,0)	(3,0)	(4,0)	
(1,0)	(2,0)	(3,0)	(4,0)	
avg	813.333	0	789.76	0	774.827	775.893	849.067	865.387	817.813	808.427	880.64	799.467
delay	480.004	0.0677966	460.995	0.0704225	543.235	536.934	556.493	550.673	562.513	553.366	542.388	535.274
loss	0.124585	0	0.352941	0	0.369048	0.121514	0.110774	0.130662	0.344652	0.119349	0.145488	0.329897
Command ['/home/ubuntu/ns-3.30-obss/build/scratch/simple-ofdma-adhoc6', '--ofdmaEnabled=true', '--startTime=60', '--totalTime=90', '--packetSize=4e3', '--dataMode=HeMcs4', '--datarate=25e6', '--ratio=0.375', '--RngRun=45', '--locationFile=locationtxt/locationFile42b2.txt', '--routingFile=locationtxt/routingFile42.txt', '--appFile=locationtxt/appFile.txt', '--tcp=0', '--randomTime=true', '--qosDisabled=true'] terminated with signal SIGSEGV. Run it under a debugger to get more information (./waf --run <program> --command-template="gdb --args %s <args>").
