Waf: Entering directory `/home/jiaming/Downloads/Mesh_NS3/ns-3.30-obss/build'
Waf: Leaving directory `/home/jiaming/Downloads/Mesh_NS3/ns-3.30-obss/build'
Build commands will be stored in build/compile_commands.json
'build' finished successfully (0.410s)
CreateVariables () DONE !!!
Creating 16 APs 35.00 and 35.00 m apart.
CreateApNodes () DONE !!!
Creating CL 10.00 m away from each AP.
CreateClNodes () DONE !!!
CreateNodes () DONE !!!
CreateMeshDevices () DONE !!!
CreateWifiDevices () DONE !!!
CreateCsmaDevices () DONE !!!
CreateDevices () DONE !!!
InstallInternetStack () DONE !!!
InstallApplications () DONE !!!
Starting simulation for 120.00 s ...
-------------------------------------------------
Time[s]	cl-0	cl-1	cl-2	cl-3	cl-4	cl-5	cl-6	cl-7	cl-8	cl-9	cl-10	cl-11	cl-12	cl-13	cl-14	cl-15
11.00	-1.00	-1.00	-1.00	0.18	-1.00	-1.00	-1.00	0.59	-1.00	-1.00	-1.00	0.53	-1.00	-1.00	-1.00	0.12
12.00	-1.00	-1.00	-1.00	0.12	-1.00	-1.00	-1.00	0.71	-1.00	-1.00	-1.00	0.41	-1.00	-1.00	-1.00	0.65
13.00	-1.00	-1.00	-1.00	0.41	-1.00	-1.00	-1.00	0.47	-1.00	-1.00	-1.00	0.41	-1.00	-1.00	-1.00	0.65
14.00	-1.00	-1.00	-1.00	0.29	-1.00	-1.00	-1.00	0.41	-1.00	-1.00	-1.00	0.71	-1.00	-1.00	-1.00	0.88
15.00	-1.00	-1.00	-1.00	0.65	-1.00	-1.00	-1.00	0.41	-1.00	-1.00	-1.00	0.29	-1.00	-1.00	-1.00	0.18
16.00	-1.00	-1.00	-1.00	0.88	-1.00	-1.00	-1.00	0.53	-1.00	-1.00	-1.00	0.59	-1.00	-1.00	-1.00	0.41
17.00	-1.00	-1.00	-1.00	0.82	-1.00	-1.00	-1.00	0.35	-1.00	-1.00	-1.00	0.18	-1.00	-1.00	-1.00	0.41
18.00	-1.00	-1.00	-1.00	0.35	-1.00	-1.00	-1.00	0.53	-1.00	-1.00	-1.00	0.18	-1.00	-1.00	-1.00	0.77
19.00	-1.00	-1.00	-1.00	0.41	-1.00	-1.00	-1.00	0.18	-1.00	-1.00	-1.00	0.65	-1.00	-1.00	-1.00	0.35
20.00	-1.00	-1.00	-1.00	0.59	-1.00	-1.00	-1.00	0.29	-1.00	-1.00	-1.00	0.59	-1.00	-1.00	-1.00	0.53
21.00	-1.00	-1.00	-1.00	0.29	-1.00	-1.00	-1.00	0.24	-1.00	-1.00	-1.00	0.65	-1.00	-1.00	-1.00	0.35
22.00	-1.00	-1.00	-1.00	0.18	-1.00	-1.00	-1.00	0.29	-1.00	-1.00	-1.00	0.12	-1.00	-1.00	-1.00	0.24
23.00	-1.00	-1.00	-1.00	0.41	-1.00	-1.00	-1.00	0.29	-1.00	-1.00	-1.00	0.18	-1.00	-1.00	-1.00	0.06
24.00	-1.00	-1.00	-1.00	0.59	-1.00	-1.00	-1.00	0.29	-1.00	-1.00	-1.00	0.65	-1.00	-1.00	-1.00	0.24
25.00	-1.00	-1.00	-1.00	0.71	-1.00	-1.00	-1.00	0.53	-1.00	-1.00	-1.00	0.41	-1.00	-1.00	-1.00	0.59
26.00	-1.00	-1.00	-1.00	0.24	-1.00	-1.00	-1.00	0.00	-1.00	-1.00	-1.00	0.24	-1.00	-1.00	-1.00	0.00
27.00	-1.00	-1.00	-1.00	0.35	-1.00	-1.00	-1.00	0.71	-1.00	-1.00	-1.00	0.06	-1.00	-1.00	-1.00	0.12
28.00	-1.00	-1.00	-1.00	0.35	-1.00	-1.00	-1.00	0.18	-1.00	-1.00	-1.00	0.41	-1.00	-1.00	-1.00	0.47
29.00	-1.00	-1.00	-1.00	0.35	-1.00	-1.00	-1.00	0.88	-1.00	-1.00	-1.00	0.18	-1.00	-1.00	-1.00	0.53
30.00	-1.00	-1.00	-1.00	0.35	-1.00	-1.00	-1.00	0.41	-1.00	-1.00	-1.00	0.53	-1.00	-1.00	-1.00	0.24
31.00	-1.00	-1.00	-1.00	0.06	-1.00	-1.00	-1.00	0.53	-1.00	-1.00	-1.00	0.59	-1.00	-1.00	-1.00	0.65
32.00	-1.00	-1.00	-1.00	0.06	-1.00	-1.00	-1.00	0.12	-1.00	-1.00	-1.00	0.24	-1.00	-1.00	-1.00	0.24
33.00	-1.00	-1.00	-1.00	0.59	-1.00	-1.00	-1.00	1.00	-1.00	-1.00	-1.00	0.29	-1.00	-1.00	-1.00	0.47
34.00	-1.00	-1.00	-1.00	1.00	-1.00	-1.00	-1.00	0.77	-1.00	-1.00	-1.00	0.53	-1.00	-1.00	-1.00	0.24
35.00	-1.00	-1.00	-1.00	0.35	-1.00	-1.00	-1.00	0.41	-1.00	-1.00	-1.00	0.71	-1.00	-1.00	-1.00	0.18
36.00	-1.00	-1.00	-1.00	0.47	-1.00	-1.00	-1.00	0.59	-1.00	-1.00	-1.00	0.24	-1.00	-1.00	-1.00	0.06
37.00	-1.00	-1.00	-1.00	0.41	-1.00	-1.00	-1.00	0.65	-1.00	-1.00	-1.00	0.77	-1.00	-1.00	-1.00	0.59
38.00	-1.00	-1.00	-1.00	0.71	-1.00	-1.00	-1.00	0.65	-1.00	-1.00	-1.00	0.94	-1.00	-1.00	-1.00	0.59
39.00	-1.00	-1.00	-1.00	0.24	-1.00	-1.00	-1.00	0.06	-1.00	-1.00	-1.00	0.59	-1.00	-1.00	-1.00	0.06
40.00	-1.00	-1.00	-1.00	0.12	-1.00	-1.00	-1.00	0.29	-1.00	-1.00	-1.00	0.53	-1.00	-1.00	-1.00	0.47
41.00	-1.00	-1.00	-1.00	0.18	-1.00	-1.00	-1.00	0.24	-1.00	-1.00	-1.00	0.65	-1.00	-1.00	-1.00	0.53
42.00	-1.00	-1.00	-1.00	0.65	-1.00	-1.00	-1.00	0.59	-1.00	-1.00	-1.00	0.12	-1.00	-1.00	-1.00	0.29
43.00	-1.00	-1.00	-1.00	0.12	-1.00	-1.00	-1.00	0.29	-1.00	-1.00	-1.00	0.00	-1.00	-1.00	-1.00	0.24
44.00	-1.00	-1.00	-1.00	0.41	-1.00	-1.00	-1.00	0.77	-1.00	-1.00	-1.00	0.00	-1.00	-1.00	-1.00	0.00
45.00	-1.00	-1.00	-1.00	0.53	-1.00	-1.00	-1.00	0.41	-1.00	-1.00	-1.00	0.00	-1.00	-1.00	-1.00	0.35
46.00	-1.00	-1.00	-1.00	0.24	-1.00	-1.00	-1.00	0.06	-1.00	-1.00	-1.00	1.12	-1.00	-1.00	-1.00	0.12
47.00	-1.00	-1.00	-1.00	0.88	-1.00	-1.00	-1.00	0.41	-1.00	-1.00	-1.00	0.65	-1.00	-1.00	-1.00	1.06
48.00	-1.00	-1.00	-1.00	0.65	-1.00	-1.00	-1.00	0.65	-1.00	-1.00	-1.00	0.47	-1.00	-1.00	-1.00	0.12
49.00	-1.00	-1.00	-1.00	0.12	-1.00	-1.00	-1.00	0.06	-1.00	-1.00	-1.00	0.41	-1.00	-1.00	-1.00	0.24
50.00	-1.00	-1.00	-1.00	0.35	-1.00	-1.00	-1.00	0.47	-1.00	-1.00	-1.00	0.18	-1.00	-1.00	-1.00	0.29
51.00	-1.00	-1.00	-1.00	0.82	-1.00	-1.00	-1.00	0.82	-1.00	-1.00	-1.00	0.24	-1.00	-1.00	-1.00	0.29
52.00	-1.00	-1.00	-1.00	0.77	-1.00	-1.00	-1.00	0.06	-1.00	-1.00	-1.00	0.65	-1.00	-1.00	-1.00	0.06
53.00	-1.00	-1.00	-1.00	0.71	-1.00	-1.00	-1.00	0.24	-1.00	-1.00	-1.00	0.18	-1.00	-1.00	-1.00	0.24
54.00	-1.00	-1.00	-1.00	0.12	-1.00	-1.00	-1.00	0.41	-1.00	-1.00	-1.00	0.82	-1.00	-1.00	-1.00	0.53
55.00	-1.00	-1.00	-1.00	0.82	-1.00	-1.00	-1.00	0.18	-1.00	-1.00	-1.00	0.18	-1.00	-1.00	-1.00	0.06
56.00	-1.00	-1.00	-1.00	0.29	-1.00	-1.00	-1.00	0.29	-1.00	-1.00	-1.00	0.65	-1.00	-1.00	-1.00	0.77
57.00	-1.00	-1.00	-1.00	0.41	-1.00	-1.00	-1.00	0.00	-1.00	-1.00	-1.00	0.47	-1.00	-1.00	-1.00	0.77
58.00	-1.00	-1.00	-1.00	0.82	-1.00	-1.00	-1.00	0.18	-1.00	-1.00	-1.00	0.59	-1.00	-1.00	-1.00	0.82
59.00	-1.00	-1.00	-1.00	0.59	-1.00	-1.00	-1.00	0.71	-1.00	-1.00	-1.00	0.59	-1.00	-1.00	-1.00	0.77
60.00	-1.00	-1.00	-1.00	0.29	-1.00	-1.00	-1.00	0.29	-1.00	-1.00	-1.00	0.94	-1.00	-1.00	-1.00	0.41
61.00	-1.00	-1.00	-1.00	0.24	-1.00	-1.00	-1.00	0.29	-1.00	-1.00	-1.00	0.29	-1.00	-1.00	-1.00	0.29
62.00	-1.00	-1.00	-1.00	0.88	-1.00	-1.00	-1.00	0.53	-1.00	-1.00	-1.00	0.29	-1.00	-1.00	-1.00	0.53
63.00	-1.00	-1.00	-1.00	0.94	-1.00	-1.00	-1.00	0.53	-1.00	-1.00	-1.00	0.71	-1.00	-1.00	-1.00	0.29
64.00	-1.00	-1.00	-1.00	0.41	-1.00	-1.00	-1.00	0.65	-1.00	-1.00	-1.00	0.71	-1.00	-1.00	-1.00	0.47
65.00	-1.00	-1.00	-1.00	0.59	-1.00	-1.00	-1.00	0.06	-1.00	-1.00	-1.00	0.47	-1.00	-1.00	-1.00	0.71
66.00	-1.00	-1.00	-1.00	0.47	-1.00	-1.00	-1.00	0.41	-1.00	-1.00	-1.00	0.35	-1.00	-1.00	-1.00	0.29
67.00	-1.00	-1.00	-1.00	0.24	-1.00	-1.00	-1.00	0.65	-1.00	-1.00	-1.00	0.24	-1.00	-1.00	-1.00	0.41
68.00	-1.00	-1.00	-1.00	0.47	-1.00	-1.00	-1.00	0.12	-1.00	-1.00	-1.00	0.59	-1.00	-1.00	-1.00	0.77
69.00	-1.00	-1.00	-1.00	0.41	-1.00	-1.00	-1.00	0.53	-1.00	-1.00	-1.00	0.59	-1.00	-1.00	-1.00	0.18
70.00	-1.00	-1.00	-1.00	0.77	-1.00	-1.00	-1.00	0.24	-1.00	-1.00	-1.00	0.24	-1.00	-1.00	-1.00	0.71
71.00	-1.00	-1.00	-1.00	0.82	-1.00	-1.00	-1.00	0.06	-1.00	-1.00	-1.00	0.18	-1.00	-1.00	-1.00	0.29
72.00	-1.00	-1.00	-1.00	0.59	-1.00	-1.00	-1.00	0.47	-1.00	-1.00	-1.00	0.71	-1.00	-1.00	-1.00	0.65
73.00	-1.00	-1.00	-1.00	0.06	-1.00	-1.00	-1.00	0.35	-1.00	-1.00	-1.00	0.65	-1.00	-1.00	-1.00	0.41
74.00	-1.00	-1.00	-1.00	0.65	-1.00	-1.00	-1.00	0.53	-1.00	-1.00	-1.00	0.18	-1.00	-1.00	-1.00	0.24
75.00	-1.00	-1.00	-1.00	0.18	-1.00	-1.00	-1.00	0.53	-1.00	-1.00	-1.00	0.18	-1.00	-1.00	-1.00	0.47
76.00	-1.00	-1.00	-1.00	0.77	-1.00	-1.00	-1.00	0.18	-1.00	-1.00	-1.00	0.12	-1.00	-1.00	-1.00	0.47
77.00	-1.00	-1.00	-1.00	0.18	-1.00	-1.00	-1.00	0.47	-1.00	-1.00	-1.00	0.41	-1.00	-1.00	-1.00	0.29
78.00	-1.00	-1.00	-1.00	0.35	-1.00	-1.00	-1.00	0.65	-1.00	-1.00	-1.00	0.77	-1.00	-1.00	-1.00	0.41
79.00	-1.00	-1.00	-1.00	0.65	-1.00	-1.00	-1.00	0.24	-1.00	-1.00	-1.00	0.47	-1.00	-1.00	-1.00	0.77
80.00	-1.00	-1.00	-1.00	0.53	-1.00	-1.00	-1.00	0.53	-1.00	-1.00	-1.00	0.82	-1.00	-1.00	-1.00	0.53
81.00	-1.00	-1.00	-1.00	0.53	-1.00	-1.00	-1.00	0.47	-1.00	-1.00	-1.00	0.77	-1.00	-1.00	-1.00	0.35
82.00	-1.00	-1.00	-1.00	0.47	-1.00	-1.00	-1.00	0.35	-1.00	-1.00	-1.00	0.47	-1.00	-1.00	-1.00	0.77
83.00	-1.00	-1.00	-1.00	0.82	-1.00	-1.00	-1.00	0.41	-1.00	-1.00	-1.00	0.29	-1.00	-1.00	-1.00	0.06
84.00	-1.00	-1.00	-1.00	0.65	-1.00	-1.00	-1.00	0.65	-1.00	-1.00	-1.00	0.65	-1.00	-1.00	-1.00	0.24
85.00	-1.00	-1.00	-1.00	0.65	-1.00	-1.00	-1.00	0.59	-1.00	-1.00	-1.00	0.29	-1.00	-1.00	-1.00	0.59
86.00	-1.00	-1.00	-1.00	0.41	-1.00	-1.00	-1.00	0.35	-1.00	-1.00	-1.00	0.24	-1.00	-1.00	-1.00	0.41
87.00	-1.00	-1.00	-1.00	0.47	-1.00	-1.00	-1.00	0.29	-1.00	-1.00	-1.00	0.00	-1.00	-1.00	-1.00	0.35
88.00	-1.00	-1.00	-1.00	0.00	-1.00	-1.00	-1.00	0.00	-1.00	-1.00	-1.00	0.00	-1.00	-1.00	-1.00	0.18
89.00	-1.00	-1.00	-1.00	0.00	-1.00	-1.00	-1.00	0.00	-1.00	-1.00	-1.00	0.00	-1.00	-1.00	-1.00	0.00
90.00	-1.00	-1.00	-1.00	0.41	-1.00	-1.00	-1.00	0.59	-1.00	-1.00	-1.00	0.12	-1.00	-1.00	-1.00	0.06
91.00	-1.00	-1.00	-1.00	0.82	-1.00	-1.00	-1.00	0.35	-1.00	-1.00	-1.00	0.35	-1.00	-1.00	-1.00	0.47
92.00	-1.00	-1.00	-1.00	0.59	-1.00	-1.00	-1.00	0.94	-1.00	-1.00	-1.00	0.00	-1.00	-1.00	-1.00	0.65
93.00	-1.00	-1.00	-1.00	0.71	-1.00	-1.00	-1.00	0.71	-1.00	-1.00	-1.00	0.59	-1.00	-1.00	-1.00	0.18
94.00	-1.00	-1.00	-1.00	0.29	-1.00	-1.00	-1.00	0.77	-1.00	-1.00	-1.00	0.59	-1.00	-1.00	-1.00	0.18
95.00	-1.00	-1.00	-1.00	0.29	-1.00	-1.00	-1.00	0.29	-1.00	-1.00	-1.00	0.71	-1.00	-1.00	-1.00	0.59
96.00	-1.00	-1.00	-1.00	0.88	-1.00	-1.00	-1.00	0.00	-1.00	-1.00	-1.00	0.53	-1.00	-1.00	-1.00	0.06
97.00	-1.00	-1.00	-1.00	0.47	-1.00	-1.00	-1.00	0.29	-1.00	-1.00	-1.00	0.47	-1.00	-1.00	-1.00	0.94
98.00	-1.00	-1.00	-1.00	0.41	-1.00	-1.00	-1.00	0.24	-1.00	-1.00	-1.00	0.18	-1.00	-1.00	-1.00	0.29
99.00	-1.00	-1.00	-1.00	0.59	-1.00	-1.00	-1.00	0.47	-1.00	-1.00	-1.00	0.65	-1.00	-1.00	-1.00	0.53
100.00	-1.00	-1.00	-1.00	0.88	-1.00	-1.00	-1.00	0.53	-1.00	-1.00	-1.00	0.12	-1.00	-1.00	-1.00	0.77
101.00	-1.00	-1.00	-1.00	0.65	-1.00	-1.00	-1.00	0.47	-1.00	-1.00	-1.00	0.41	-1.00	-1.00	-1.00	0.71
102.00	-1.00	-1.00	-1.00	0.29	-1.00	-1.00	-1.00	0.47	-1.00	-1.00	-1.00	0.35	-1.00	-1.00	-1.00	0.06
103.00	-1.00	-1.00	-1.00	0.53	-1.00	-1.00	-1.00	0.59	-1.00	-1.00	-1.00	0.29	-1.00	-1.00	-1.00	0.35
104.00	-1.00	-1.00	-1.00	0.29	-1.00	-1.00	-1.00	0.65	-1.00	-1.00	-1.00	0.18	-1.00	-1.00	-1.00	0.29
105.00	-1.00	-1.00	-1.00	0.00	-1.00	-1.00	-1.00	0.35	-1.00	-1.00	-1.00	0.53	-1.00	-1.00	-1.00	0.71
106.00	-1.00	-1.00	-1.00	0.06	-1.00	-1.00	-1.00	0.24	-1.00	-1.00	-1.00	0.71	-1.00	-1.00	-1.00	0.24
107.00	-1.00	-1.00	-1.00	0.41	-1.00	-1.00	-1.00	0.82	-1.00	-1.00	-1.00	0.12	-1.00	-1.00	-1.00	0.24
108.00	-1.00	-1.00	-1.00	0.12	-1.00	-1.00	-1.00	0.53	-1.00	-1.00	-1.00	0.59	-1.00	-1.00	-1.00	0.71
109.00	-1.00	-1.00	-1.00	0.59	-1.00	-1.00	-1.00	0.47	-1.00	-1.00	-1.00	0.29	-1.00	-1.00	-1.00	0.41
110.00	-1.00	-1.00	-1.00	0.88	-1.00	-1.00	-1.00	0.82	-1.00	-1.00	-1.00	0.71	-1.00	-1.00	-1.00	0.53
111.00	-1.00	-1.00	-1.00	0.59	-1.00	-1.00	-1.00	0.00	-1.00	-1.00	-1.00	0.65	-1.00	-1.00	-1.00	0.06
112.00	-1.00	-1.00	-1.00	0.06	-1.00	-1.00	-1.00	0.00	-1.00	-1.00	-1.00	0.06	-1.00	-1.00	-1.00	0.06
113.00	-1.00	-1.00	-1.00	0.06	-1.00	-1.00	-1.00	0.77	-1.00	-1.00	-1.00	0.77	-1.00	-1.00	-1.00	0.00
114.00	-1.00	-1.00	-1.00	0.47	-1.00	-1.00	-1.00	0.29	-1.00	-1.00	-1.00	0.29	-1.00	-1.00	-1.00	0.24
115.00	-1.00	-1.00	-1.00	0.65	-1.00	-1.00	-1.00	0.47	-1.00	-1.00	-1.00	0.94	-1.00	-1.00	-1.00	0.29
116.00	-1.00	-1.00	-1.00	0.41	-1.00	-1.00	-1.00	0.41	-1.00	-1.00	-1.00	0.29	-1.00	-1.00	-1.00	0.71
117.00	-1.00	-1.00	-1.00	0.65	-1.00	-1.00	-1.00	0.47	-1.00	-1.00	-1.00	0.59	-1.00	-1.00	-1.00	0.41
118.00	-1.00	-1.00	-1.00	0.59	-1.00	-1.00	-1.00	0.77	-1.00	-1.00	-1.00	0.41	-1.00	-1.00	-1.00	0.35
119.00	-1.00	-1.00	-1.00	0.18	-1.00	-1.00	-1.00	0.59	-1.00	-1.00	-1.00	0.24	-1.00	-1.00	-1.00	0.88
10.1.1.8	0.43	34378.97
10.1.1.12	0.43	29610.95
10.1.1.4	0.47	14822.03
10.1.1.16	0.40	13468.92
