Waf: Entering directory `/home/ubuntu/ns-3.30-obss/build'
Waf: Leaving directory `/home/ubuntu/ns-3.30-obss/build'
Build commands will be stored in build/compile_commands.json
'build' finished successfully (0.796s)
--------------------------Rate[Kbps]--------------------------
Time[s]	cl-1	cl-2	cl-3	cl-4	cl-5	cl-6	cl-7	cl-8	cl-9	cl-10	cl-11	cl-12
60	15	16.6	16	13.6	14.8	13.6	15	18.6	16.4	14.4	12.8	14.8
61	761.6	822.4	534.4	716.8	643.2	649.6	678.4	812.8	800	886.4	899.2	912
62	953.6	739.2	742.4	889.6	1043.2	768	844.8	716.8	1020.8	921.6	1072	966.4
63	1011.2	1004.8	662.4	854.4	1091.2	841.6	940.8	649.6	726.4	848	809.6	912
64	736	995.2	886.4	748.8	668.8	803.2	918.4	860.8	1145.6	761.6	787.2	857.6
65	1040	889.6	787.2	777.6	790.4	832	864	694.4	604.8	441.6	547.2	659.2
66	998.4	1088	777.6	848	998.4	726.4	828.8	742.4	860.8	809.6	854.4	716.8
67	787.2	707.2	761.6	742.4	902.4	918.4	979.2	979.2	1033.6	812.8	860.8	867.2
68	966.4	886.4	979.2	1065.6	944	726.4	966.4	870.4	1059.2	595.2	678.4	828.8
69	1017.6	668.8	844.8	832	944	486.4	944	864	771.2	771.2	662.4	880
70	883.2	611.2	723.2	816	812.8	892.8	787.2	588.8	755.2	585.6	899.2	819.2
71	742.4	828.8	1014.4	515.2	876.8	915.2	675.2	1033.6	918.4	902.4	883.2	592
72	876.8	713.6	915.2	784	825.6	800	582.4	723.2	857.6	569.6	752	972.8
73	806.4	1043.2	905.6	710.4	940.8	899.2	742.4	806.4	828.8	854.4	809.6	1008
74	851.2	646.4	768	1059.2	1043.2	928	950.4	896	908.8	636.8	723.2	796.8
75	688	841.6	860.8	588.8	854.4	771.2	940.8	979.2	873.6	908.8	819.2	819.2
76	835.2	774.4	822.4	803.2	758.4	816	710.4	969.6	726.4	841.6	931.2	812.8
77	1030.4	838.4	748.8	553.6	710.4	931.2	780.8	787.2	995.2	707.2	928	857.6
78	678.4	915.2	841.6	953.6	752	921.6	988.8	483.2	816	851.2	1068.8	841.6
79	848	816	928	758.4	1059.2	729.6	812.8	1011.2	915.2	844.8	1081.6	1168
80	1088	729.6	713.6	748.8	681.6	867.2	880	889.6	812.8	662.4	972.8	832
81	569.6	604.8	1040	556.8	854.4	678.4	931.2	649.6	780.8	713.6	790.4	684.8
82	896	768	1059.2	630.4	1024	771.2	736	905.6	883.2	758.4	704	841.6
83	950.4	816	835.2	601.6	675.2	928	841.6	870.4	547.2	604.8	796.8	899.2
84	668.8	976	857.6	774.4	963.2	761.6	723.2	1030.4	691.2	633.6	1132.8	956.8
85	771.2	940.8	883.2	819.2	704	579.2	854.4	547.2	918.4	691.2	688	752
86	956.8	969.6	918.4	624	809.6	678.4	899.2	1065.6	758.4	707.2	800	640
87	963.2	870.4	899.2	835.2	886.4	844.8	700.8	995.2	556.8	771.2	937.6	755.2
88	912	934.4	1033.6	883.2	720	969.6	614.4	601.6	806.4	886.4	992	739.2
89	1011.2	758.4	550.4	656	1011.2	1040	652.8	819.2	838.4	1004.8	784	902.4
90	534.4	636.8	889.6	1008	774.4	876.8	860.8	774.4	966.4	1097.6	720	841.6
(1,0)	(2,2992)	(3,786)	(4,74)	
(1,0)	(2,157)	(3,0)	(4,0)	
(1,0)	(2,139)	(3,0)	(4,0)	
(1,0)	(2,141)	(3,0)	(4,0)	
(1,0)	(2,140)	(3,0)	(4,0)	
(1,0)	(2,0)	(3,0)	(4,0)	
(1,0)	(2,0)	(3,0)	(4,0)	
(1,0)	(2,0)	(3,0)	(4,0)	
(1,0)	(2,0)	(3,0)	(4,0)	
(1,0)	(2,0)	(3,0)	(4,0)	
(1,0)	(2,0)	(3,0)	(4,0)	
(1,0)	(2,0)	(3,0)	(4,0)	
(1,0)	(2,0)	(3,0)	(4,0)	
avg	861.12	827.84	839.467	771.84	858.773	811.733	821.013	820.587	839.253	769.387	846.187	837.76
delay	1.40793	2.13187	2.40343	2.5253	4.46856	4.55652	2.54545	2.65977	2.11881	2.08802	2.55603	3.79449
loss	0	0	0	0	0	0	0	0	0	0	0	0
Command ['/home/ubuntu/ns-3.30-obss/build/scratch/simple-ofdma-adhoc6', '--ofdmaEnabled=true', '--startTime=60', '--totalTime=90', '--packetSize=4e3', '--dataMode=HeMcs5', '--datarate=20e6', '--ratio=0.375', '--RngRun=20', '--locationFile=locationtxt/locationFile42d.txt', '--routingFile=locationtxt/routingFile42.txt', '--appFile=locationtxt/appFile.txt', '--tcp=0', '--randomTime=true', '--qosDisabled=true'] terminated with signal SIGSEGV. Run it under a debugger to get more information (./waf --run <program> --command-template="gdb --args %s <args>").
