Waf: Entering directory `/home/ubuntu/ns-3.30-obss/build'
Waf: Leaving directory `/home/ubuntu/ns-3.30-obss/build'
Build commands will be stored in build/compile_commands.json
'build' finished successfully (0.774s)
--------------------------Rate[Kbps]--------------------------
Time[s]	cl-1	cl-2	cl-3	cl-4	cl-5	cl-6	cl-7	cl-8	cl-9	cl-10	cl-11	cl-12
60	17.8	12	14.8	13.2	17.2	16	15.6	12.6	17	13.4	15.6	15
61	108.8	163.2	204.8	131.2	185.6	153.6	156.8	156.8	140.8	163.2	179.2	243.2
62	243.2	240	259.2	220.8	217.6	201.6	156.8	179.2	227.2	195.2	217.6	284.8
63	163.2	188.8	204.8	259.2	217.6	211.2	243.2	243.2	227.2	204.8	163.2	195.2
64	185.6	163.2	153.6	240	163.2	211.2	211.2	217.6	211.2	201.6	249.6	201.6
65	201.6	259.2	179.2	131.2	220.8	288	185.6	147.2	195.2	227.2	281.6	201.6
66	185.6	211.2	211.2	211.2	188.8	179.2	195.2	259.2	137.6	217.6	227.2	265.6
67	249.6	211.2	169.6	153.6	188.8	217.6	163.2	201.6	236.8	172.8	201.6	220.8
68	179.2	211.2	230.4	188.8	249.6	195.2	147.2	185.6	185.6	227.2	281.6	256
69	179.2	131.2	249.6	201.6	211.2	163.2	281.6	211.2	204.8	211.2	201.6	169.6
70	249.6	227.2	217.6	179.2	240	233.6	217.6	137.6	195.2	204.8	291.2	179.2
71	163.2	208	195.2	156.8	307.2	204.8	272	172.8	195.2	220.8	153.6	124.8
72	233.6	217.6	185.6	140.8	128	185.6	259.2	172.8	220.8	249.6	188.8	163.2
73	220.8	243.2	201.6	163.2	204.8	249.6	217.6	313.6	169.6	163.2	227.2	179.2
74	268.8	147.2	163.2	211.2	227.2	195.2	176	192	211.2	227.2	137.6	217.6
75	272	230.4	259.2	259.2	243.2	227.2	272	291.2	208	195.2	179.2	211.2
76	252.8	236.8	169.6	185.6	211.2	195.2	323.2	195.2	147.2	217.6	233.6	188.8
77	201.6	217.6	252.8	224	224	217.6	105.6	153.6	179.2	236.8	288	233.6
78	211.2	227.2	236.8	236.8	153.6	185.6	297.6	163.2	220.8	204.8	272	217.6
79	172.8	265.6	297.6	249.6	153.6	211.2	243.2	211.2	236.8	179.2	243.2	211.2
80	252.8	204.8	163.2	224	115.2	179.2	192	220.8	243.2	256	169.6	185.6
81	211.2	195.2	169.6	179.2	236.8	188.8	185.6	153.6	281.6	188.8	227.2	265.6
82	211.2	179.2	297.6	156.8	233.6	249.6	243.2	195.2	243.2	195.2	179.2	163.2
83	243.2	243.2	185.6	249.6	204.8	204.8	211.2	163.2	201.6	243.2	179.2	217.6
84	185.6	236.8	227.2	201.6	243.2	249.6	217.6	179.2	179.2	192	227.2	259.2
85	137.6	179.2	156.8	252.8	195.2	176	195.2	211.2	195.2	211.2	233.6	169.6
86	227.2	233.6	249.6	169.6	265.6	198.4	140.8	211.2	156.8	230.4	201.6	259.2
87	233.6	233.6	169.6	217.6	291.2	153.6	227.2	227.2	211.2	208	153.6	211.2
88	243.2	243.2	188.8	150.4	169.6	211.2	172.8	163.2	236.8	211.2	201.6	220.8
89	169.6	275.2	259.2	163.2	233.6	297.6	217.6	201.6	243.2	163.2	243.2	227.2
90	220.8	227.2	195.2	185.6	243.2	227.2	179.2	195.2	147.2	172.8	224	265.6
(1,0)	(2,129)	(3,6)	(4,0)	
(1,0)	(2,9)	(3,0)	(4,0)	
(1,0)	(2,7)	(3,0)	(4,0)	
(1,0)	(2,0)	(3,0)	(4,0)	
(1,0)	(2,5)	(3,0)	(4,0)	
(1,0)	(2,0)	(3,0)	(4,0)	
(1,0)	(2,0)	(3,0)	(4,0)	
(1,0)	(2,0)	(3,0)	(4,0)	
(1,0)	(2,0)	(3,0)	(4,0)	
(1,0)	(2,0)	(3,0)	(4,0)	
(1,0)	(2,0)	(3,0)	(4,0)	
(1,0)	(2,0)	(3,0)	(4,0)	
(1,0)	(2,0)	(3,0)	(4,0)	
avg	209.28	215.04	210.133	196.48	212.267	208.747	210.24	197.547	202.987	206.4	215.253	213.653
delay	0.991667	0.433333	0.305263	1.01852	1	0.70297	1.06838	1.00877	1	0.711111	0.825688	0.636364
loss	0	0	0	0	0	0	0	0	0	0	0	0
Command ['/home/ubuntu/ns-3.30-obss/build/scratch/simple-ofdma-adhoc6', '--ofdmaEnabled=true', '--startTime=60', '--totalTime=90', '--packetSize=4e3', '--dataMode=HeMcs5', '--datarate=5e6', '--ratio=0.375', '--RngRun=48', '--locationFile=locationtxt/locationFile42d.txt', '--routingFile=locationtxt/routingFile42.txt', '--appFile=locationtxt/appFile.txt', '--tcp=0', '--randomTime=true', '--qosDisabled=true'] terminated with signal SIGSEGV. Run it under a debugger to get more information (./waf --run <program> --command-template="gdb --args %s <args>").
