Waf: Entering directory `/home/ubuntu/ns-3.30-obss/build'
Waf: Leaving directory `/home/ubuntu/ns-3.30-obss/build'
Build commands will be stored in build/compile_commands.json
'build' finished successfully (0.707s)
--------------------------Rate[Kbps]--------------------------
Time[s]	cl-1	cl-2	cl-3	cl-4	cl-5	cl-6	cl-7	cl-8	cl-9	cl-10	cl-11	cl-12
60	15.2	15.6	14.8	14.6	13	13.6	15.8	11.8	16	15.8	13.2	14.2
61	1030.4	742.4	819.2	905.6	1209.6	992	960	1366.4	928	1123.2	1075.2	1072
62	1024	908.8	976	947.2	1398.4	1449.6	1024	1139.2	1379.2	1110.4	857.6	1094.4
63	1315.2	1280	774.4	764.8	1190.4	1004.8	841.6	1059.2	1056	1363.2	1228.8	1142.4
64	876.8	883.2	966.4	608	960	1017.6	742.4	739.2	1014.4	1030.4	1107.2	918.4
65	1456	1212.8	803.2	1129.6	860.8	969.6	1136	1312	1110.4	832	780.8	1068.8
66	1033.6	995.2	649.6	1270.4	915.2	969.6	1120	1187.2	1075.2	937.6	825.6	1094.4
67	694.4	937.6	800	777.6	726.4	752	1126.4	870.4	947.2	892.8	867.2	803.2
68	1113.6	972.8	1158.4	1308.8	1177.6	716.8	835.2	819.2	1084.8	726.4	1308.8	1459.2
69	1065.6	854.4	918.4	880	1091.2	684.8	998.4	992	1222.4	812.8	1190.4	1008
70	953.6	956.8	732.8	960	1129.6	940.8	1110.4	646.4	832	985.6	1024	1235.2
71	928	1046.4	876.8	1001.6	764.8	809.6	1232	1052.8	1238.4	844.8	1091.2	931.2
72	912	937.6	819.2	963.2	1443.2	947.2	1088	800	1260.8	960	755.2	1040
73	1232	1270.4	1097.6	1078.4	940.8	931.2	720	908.8	1372.8	1155.2	928	992
74	1164.8	1200	761.6	1142.4	998.4	710.4	1049.6	854.4	800	876.8	1206.4	1145.6
75	976	992	752	937.6	1264	883.2	1251.2	1011.2	784	998.4	947.2	1062.4
76	1094.4	1353.6	892.8	1068.8	841.6	1078.4	860.8	832	1036.8	880	1302.4	672
77	1190.4	1043.2	1110.4	1062.4	966.4	1046.4	873.6	1136	800	812.8	1113.6	908.8
78	835.2	1068.8	1081.6	1033.6	1276.8	873.6	1068.8	1081.6	1123.2	1209.6	1014.4	940.8
79	915.2	1148.8	1142.4	1056	1129.6	953.6	716.8	972.8	960	918.4	985.6	985.6
80	921.6	1027.2	1011.2	892.8	1059.2	857.6	1004.8	1072	1193.6	985.6	1033.6	1075.2
81	870.4	1292.8	988.8	1376	912	998.4	1225.6	1110.4	912	1084.8	1190.4	995.2
82	768	979.2	1001.6	1011.2	1110.4	780.8	1196.8	1171.2	889.6	745.6	1110.4	1123.2
83	992	1011.2	764.8	1024	934.4	803.2	1094.4	956.8	912	784	1091.2	819.2
84	1068.8	1056	1065.6	1017.6	825.6	896	988.8	1180.8	1196.8	1020.8	700.8	1126.4
85	1059.2	979.2	953.6	1024	969.6	844.8	1177.6	998.4	1030.4	796.8	1088	1056
86	1033.6	841.6	841.6	937.6	915.2	953.6	1033.6	892.8	963.2	726.4	748.8	998.4
87	963.2	812.8	1388.8	918.4	979.2	889.6	931.2	931.2	1235.2	1030.4	1017.6	1193.6
88	1136	1193.6	835.2	812.8	870.4	1174.4	979.2	1190.4	1052.8	1091.2	1097.6	1126.4
89	1123.2	1043.2	1068.8	825.6	915.2	851.2	1075.2	1065.6	1049.6	745.6	1011.2	883.2
90	1382.4	1075.2	1459.2	1072	835.2	1276.8	998.4	1196.8	1385.6	1299.2	889.6	857.6
(1,0)	(2,5571)	(3,6642)	(4,1636)	
(1,0)	(2,1171)	(3,0)	(4,0)	
(1,0)	(2,1315)	(3,0)	(4,0)	
(1,0)	(2,1111)	(3,0)	(4,0)	
(1,0)	(2,1046)	(3,0)	(4,0)	
(1,0)	(2,0)	(3,0)	(4,0)	
(1,0)	(2,0)	(3,0)	(4,0)	
(1,0)	(2,0)	(3,0)	(4,0)	
(1,0)	(2,0)	(3,0)	(4,0)	
(1,0)	(2,0)	(3,0)	(4,0)	
(1,0)	(2,0)	(3,0)	(4,0)	
(1,0)	(2,0)	(3,0)	(4,0)	
(1,0)	(2,0)	(3,0)	(4,0)	
avg	1037.65	1037.23	950.4	993.6	1020.37	935.253	1015.36	1018.24	1061.55	959.36	1019.63	1027.63
delay	475.672	494.316	512.593	489.464	496.117	503.284	502.045	501.084	500.829	498.628	486.249	493.031
loss	0.0820669	0.175857	0.315467	0.0744986	0.0905045	0.254873	0.151659	0.194487	0.0881543	0.0807018	0.0381125	0.0868946
Command ['/home/ubuntu/ns-3.30-obss/build/scratch/simple-ofdma-adhoc6', '--ofdmaEnabled=true', '--startTime=60', '--totalTime=90', '--packetSize=4e3', '--dataMode=HeMcs5', '--datarate=30e6', '--ratio=0.375', '--RngRun=4', '--locationFile=locationtxt/locationFile42d.txt', '--routingFile=locationtxt/routingFile42.txt', '--appFile=locationtxt/appFile.txt', '--tcp=0', '--randomTime=true', '--qosDisabled=true'] terminated with signal SIGSEGV. Run it under a debugger to get more information (./waf --run <program> --command-template="gdb --args %s <args>").
