Waf: Entering directory `/home/ubuntu/ns-3.30-obss/build'
Waf: Leaving directory `/home/ubuntu/ns-3.30-obss/build'
Build commands will be stored in build/compile_commands.json
'build' finished successfully (0.746s)
--------------------------Rate[Kbps]--------------------------
Time[s]	cl-1	cl-2	cl-3	cl-4	cl-5	cl-6	cl-7	cl-8	cl-9	cl-10	cl-11	cl-12
60	13.2	16.2	15.6	13.4	15.2	15.4	13.8	12.6	14.8	18.8	12.4	16.4
61	924.8	451.2	777.6	585.6	992	793.6	736	748.8	867.2	870.4	806.4	489.6
62	793.6	569.6	758.4	896	1065.6	832	931.2	924.8	934.4	777.6	681.6	992
63	678.4	1110.4	864	521.6	764.8	790.4	860.8	534.4	1081.6	713.6	956.8	729.6
64	784	1094.4	729.6	662.4	694.4	992	809.6	723.2	758.4	732.8	819.2	928
65	780.8	992	944	985.6	1155.2	758.4	880	1100.8	956.8	889.6	707.2	924.8
66	921.6	755.2	835.2	992	848	960	956.8	694.4	902.4	755.2	838.4	902.4
67	1056	777.6	950.4	870.4	643.2	944	953.6	844.8	796.8	729.6	1017.6	867.2
68	835.2	796.8	646.4	934.4	720	1075.2	956.8	953.6	950.4	848	726.4	790.4
69	1027.2	636.8	643.2	979.2	995.2	675.2	867.2	585.6	729.6	844.8	736	649.6
70	1020.8	796.8	835.2	806.4	899.2	854.4	572.8	1062.4	832	848	793.6	588.8
71	790.4	976	928	944	675.2	803.2	982.4	851.2	771.2	960	1126.4	681.6
72	752	771.2	646.4	662.4	668.8	707.2	982.4	921.6	841.6	790.4	857.6	899.2
73	662.4	899.2	710.4	816	745.6	1059.2	700.8	745.6	819.2	886.4	934.4	764.8
74	742.4	796.8	1100.8	937.6	985.6	832	528	739.2	630.4	1068.8	1107.2	700.8
75	828.8	630.4	976	1027.2	1059.2	812.8	534.4	873.6	809.6	726.4	633.6	691.2
76	825.6	825.6	921.6	940.8	832	777.6	768	1110.4	899.2	784	793.6	1011.2
77	883.2	768	678.4	649.6	745.6	880	1078.4	816	787.2	1046.4	896	723.2
78	576	825.6	908.8	1008	851.2	934.4	713.6	819.2	886.4	1001.6	608	892.8
79	931.2	614.4	841.6	857.6	819.2	854.4	678.4	1139.2	908.8	563.2	1033.6	950.4
80	956.8	793.6	819.2	726.4	899.2	1004.8	633.6	681.6	908.8	1094.4	921.6	886.4
81	825.6	857.6	841.6	873.6	1155.2	1024	969.6	659.2	876.8	809.6	745.6	726.4
82	784	585.6	764.8	774.4	860.8	1276.8	796.8	809.6	636.8	748.8	627.2	918.4
83	883.2	972.8	937.6	841.6	966.4	758.4	796.8	864	880	732.8	742.4	860.8
84	1100.8	880	899.2	1020.8	793.6	1049.6	844.8	921.6	1056	803.2	851.2	835.2
85	803.2	854.4	950.4	806.4	768	777.6	924.8	1228.8	768	633.6	764.8	928
86	745.6	918.4	684.8	979.2	963.2	982.4	736	832	774.4	716.8	816	934.4
87	752	787.2	803.2	700.8	944	899.2	921.6	793.6	915.2	710.4	739.2	960
88	768	611.2	1081.6	960	953.6	1020.8	720	950.4	1177.6	969.6	684.8	540.8
89	985.6	1030.4	745.6	556.8	1059.2	828.8	963.2	1001.6	800	870.4	1033.6	579.2
90	905.6	934.4	889.6	851.2	796.8	787.2	931.2	649.6	880	963.2	844.8	838.4
(1,0)	(2,3296)	(3,982)	(4,93)	
(1,0)	(2,181)	(3,0)	(4,0)	
(1,0)	(2,140)	(3,0)	(4,0)	
(1,0)	(2,132)	(3,0)	(4,0)	
(1,0)	(2,155)	(3,0)	(4,0)	
(1,0)	(2,0)	(3,0)	(4,0)	
(1,0)	(2,0)	(3,0)	(4,0)	
(1,0)	(2,0)	(3,0)	(4,0)	
(1,0)	(2,0)	(3,0)	(4,0)	
(1,0)	(2,0)	(3,0)	(4,0)	
(1,0)	(2,0)	(3,0)	(4,0)	
(1,0)	(2,0)	(3,0)	(4,0)	
(1,0)	(2,0)	(3,0)	(4,0)	
avg	844.16	810.453	837.12	838.933	877.333	891.52	824.32	852.693	861.227	829.653	828.16	806.187
delay	1.29484	2.57484	1.51678	1.42778	3.08554	2.43765	2.34115	4.59623	2.75775	2.1958	2.7381	4.45905
loss	0	0	0	0	0	0	0	0	0	0	0	0
Command ['/home/ubuntu/ns-3.30-obss/build/scratch/simple-ofdma-adhoc6', '--ofdmaEnabled=true', '--startTime=60', '--totalTime=90', '--packetSize=4e3', '--dataMode=HeMcs5', '--datarate=20e6', '--ratio=0.375', '--RngRun=44', '--locationFile=locationtxt/locationFile42d.txt', '--routingFile=locationtxt/routingFile42.txt', '--appFile=locationtxt/appFile.txt', '--tcp=0', '--randomTime=true', '--qosDisabled=true'] terminated with signal SIGSEGV. Run it under a debugger to get more information (./waf --run <program> --command-template="gdb --args %s <args>").
