Waf: Entering directory `/home/ubuntu/ns-3.30-obss/build'
Waf: Leaving directory `/home/ubuntu/ns-3.30-obss/build'
Build commands will be stored in build/compile_commands.json
'build' finished successfully (0.756s)
--------------------------Rate[Kbps]--------------------------
Time[s]	cl-1	cl-2	cl-3	cl-4	cl-5	cl-6	cl-7	cl-8	cl-9	cl-10	cl-11	cl-12
60	13.2	17	15.2	11.8	16.6	15.2	14.4	17.2	15.2	14.4	17.6	14
61	579.2	480	579.2	643.2	537.6	563.2	352	550.4	697.6	566.4	620.8	464
62	643.2	592	585.6	432	595.2	665.6	582.4	502.4	732.8	662.4	534.4	646.4
63	534.4	691.2	662.4	550.4	521.6	768	716.8	732.8	630.4	787.2	579.2	560
64	691.2	640	672	675.2	688	793.6	665.6	604.8	800	444.8	617.6	675.2
65	704	700.8	774.4	732.8	694.4	755.2	691.2	771.2	681.6	707.2	515.2	780.8
66	528	668.8	732.8	675.2	457.6	720	595.2	601.6	406.4	771.2	777.6	710.4
67	579.2	646.4	630.4	604.8	636.8	665.6	483.2	464	582.4	448	640	582.4
68	611.2	707.2	675.2	736	697.6	656	732.8	681.6	713.6	652.8	832	512
69	659.2	563.2	742.4	694.4	755.2	441.6	588.8	454.4	710.4	832	816	768
70	809.6	560	390.4	684.8	608	790.4	444.8	659.2	588.8	508.8	518.4	515.2
71	732.8	499.2	457.6	582.4	467.2	758.4	752	649.6	569.6	624	662.4	672
72	572.8	656	524.8	668.8	704	704	457.6	665.6	768	617.6	640	668.8
73	579.2	710.4	694.4	672	790.4	742.4	582.4	438.4	576	556.8	480	704
74	611.2	636.8	579.2	608	556.8	688	771.2	784	736	768	656	617.6
75	700.8	649.6	576	534.4	876.8	595.2	659.2	403.2	659.2	563.2	608	656
76	617.6	691.2	662.4	710.4	822.4	896	486.4	521.6	483.2	425.6	582.4	473.6
77	713.6	780.8	476.8	611.2	566.4	748.8	480	563.2	672	470.4	467.2	726.4
78	547.2	563.2	672	800	611.2	688	540.8	825.6	611.2	556.8	710.4	579.2
79	566.4	627.2	467.2	803.2	515.2	371.2	492.8	480	521.6	668.8	467.2	540.8
80	454.4	665.6	502.4	508.8	592	672	675.2	553.6	723.2	588.8	585.6	656
81	524.8	851.2	400	604.8	790.4	761.6	675.2	588.8	518.4	700.8	352	662.4
82	630.4	640	534.4	604.8	595.2	723.2	572.8	697.6	761.6	451.2	656	585.6
83	665.6	665.6	768	806.4	726.4	688	486.4	531.2	668.8	774.4	480	656
84	627.2	675.2	553.6	531.2	528	697.6	681.6	691.2	652.8	454.4	745.6	758.4
85	544	793.6	656	611.2	675.2	710.4	649.6	700.8	518.4	723.2	649.6	576
86	656	620.8	540.8	611.2	678.4	608	694.4	624	582.4	688	851.2	624
87	774.4	624	640	672	451.2	550.4	627.2	704	489.6	620.8	470.4	537.6
88	739.2	774.4	694.4	649.6	608	704	473.6	646.4	732.8	681.6	473.6	601.6
89	723.2	544	598.4	614.4	598.4	576	502.4	707.2	681.6	640	729.6	700.8
90	723.2	592	438.4	537.6	681.6	592	713.6	492.8	796.8	608	915.2	758.4
(1,0)	(2,1640)	(3,257)	(4,12)	
(1,0)	(2,55)	(3,0)	(4,0)	
(1,0)	(2,55)	(3,0)	(4,0)	
(1,0)	(2,63)	(3,0)	(4,0)	
(1,0)	(2,69)	(3,0)	(4,0)	
(1,0)	(2,0)	(3,0)	(4,0)	
(1,0)	(2,0)	(3,0)	(4,0)	
(1,0)	(2,0)	(3,0)	(4,0)	
(1,0)	(2,0)	(3,0)	(4,0)	
(1,0)	(2,0)	(3,0)	(4,0)	
(1,0)	(2,0)	(3,0)	(4,0)	
(1,0)	(2,0)	(3,0)	(4,0)	
(1,0)	(2,0)	(3,0)	(4,0)	
avg	634.773	650.347	596.053	639.04	634.24	676.48	594.24	609.707	642.24	618.773	621.12	632.32
delay	0.683168	0.729904	0.747405	1.72145	3.37883	1.41581	3.47289	1.32423	1.72779	1.77713	1.23358	1.63609
loss	0	0	0	0	0	0	0	0	0	0	0	0
Command ['/home/ubuntu/ns-3.30-obss/build/scratch/simple-ofdma-adhoc6', '--ofdmaEnabled=true', '--startTime=60', '--totalTime=90', '--packetSize=4e3', '--dataMode=HeMcs5', '--datarate=15e6', '--ratio=0.375', '--RngRun=7', '--locationFile=locationtxt/locationFile42d.txt', '--routingFile=locationtxt/routingFile42.txt', '--appFile=locationtxt/appFile.txt', '--tcp=0', '--randomTime=true', '--qosDisabled=true'] terminated with signal SIGSEGV. Run it under a debugger to get more information (./waf --run <program> --command-template="gdb --args %s <args>").
