Waf: Entering directory `/home/ubuntu/ns-3.30-obss/build'
Waf: Leaving directory `/home/ubuntu/ns-3.30-obss/build'
Build commands will be stored in build/compile_commands.json
'build' finished successfully (0.783s)
--------------------------Rate[Kbps]--------------------------
Time[s]	cl-1	cl-2	cl-3	cl-4	cl-5	cl-6	cl-7	cl-8	cl-9	cl-10	cl-11	cl-12
60	17.8	15.8	16.4	15.8	13.2	14.6	14.2	16	14.2	13.2	17	13.2
61	992	848	809.6	1113.6	710.4	646.4	1027.2	918.4	1084.8	764.8	982.4	1004.8
62	1072	1126.4	1158.4	899.2	1040	1049.6	1046.4	944	812.8	1180.8	921.6	899.2
63	918.4	1158.4	1337.6	896	1020.8	1238.4	1068.8	1043.2	1100.8	1196.8	1011.2	1081.6
64	1024	806.4	1430.4	860.8	1244.8	1267.2	956.8	1049.6	1190.4	1158.4	972.8	1180.8
65	1017.6	1113.6	1196.8	1225.6	1091.2	1219.2	1129.6	1132.8	1164.8	707.2	1347.2	787.2
66	1193.6	1004.8	1193.6	1020.8	1232	1164.8	841.6	892.8	1299.2	1286.4	825.6	1062.4
67	752	1046.4	937.6	1062.4	1219.2	1232	1126.4	1068.8	1276.8	1017.6	1116.8	1155.2
68	963.2	1024	851.2	928	812.8	1363.2	1232	1206.4	1059.2	844.8	1059.2	972.8
69	1020.8	1072	1068.8	1043.2	1270.4	774.4	1139.2	966.4	1292.8	1241.6	937.6	934.4
70	1014.4	774.4	988.8	761.6	681.6	1174.4	966.4	1190.4	1017.6	1180.8	649.6	1260.8
71	1024	998.4	1036.8	1110.4	1001.6	1254.4	758.4	1040	1411.2	1408	713.6	736
72	1251.2	1206.4	819.2	988.8	1008	947.2	1036.8	1020.8	998.4	809.6	809.6	950.4
73	1056	1052.8	966.4	1334.4	1174.4	1075.2	995.2	1152	944	931.2	729.6	979.2
74	1270.4	1264	1315.2	1206.4	1129.6	1145.6	556.8	1094.4	912	864	1228.8	1043.2
75	1065.6	918.4	1056	1024	1091.2	700.8	1062.4	912	1264	1120	1177.6	624
76	1280	1068.8	902.4	1366.4	1200	1232	867.2	1030.4	1024	806.4	892.8	1180.8
77	1132.8	995.2	1302.4	816	876.8	876.8	1072	1155.2	956.8	940.8	1184	1161.6
78	1014.4	985.6	940.8	963.2	982.4	972.8	1129.6	1264	723.2	982.4	982.4	908.8
79	915.2	1081.6	915.2	918.4	934.4	745.6	1116.8	1145.6	1340.8	1299.2	1059.2	966.4
80	579.2	1078.4	595.2	1116.8	1164.8	1056	892.8	1254.4	1129.6	1097.6	937.6	1065.6
81	636.8	710.4	985.6	1091.2	848	864	1004.8	1100.8	1206.4	812.8	1001.6	1104
82	1001.6	921.6	969.6	1065.6	1312	1366.4	1257.6	1382.4	825.6	531.2	1228.8	1190.4
83	1065.6	771.2	1164.8	1273.6	873.6	1078.4	1017.6	1174.4	905.6	1257.6	902.4	1036.8
84	1142.4	790.4	1104	1088	969.6	1126.4	844.8	1094.4	1203.2	1084.8	960	1132.8
85	928	1206.4	1216	1139.2	857.6	960	1398.4	1059.2	742.4	1241.6	1017.6	1030.4
86	1104	1161.6	1110.4	1052.8	969.6	1142.4	1267.2	1084.8	1244.8	1052.8	678.4	976
87	1270.4	1203.2	998.4	819.2	947.2	899.2	1091.2	924.8	1123.2	976	1107.2	1209.6
88	876.8	921.6	1158.4	1040	1011.2	1033.6	1094.4	1187.2	1449.6	1107.2	972.8	780.8
89	1312	921.6	1203.2	905.6	1100.8	1075.2	1376	1107.2	1152	684.8	1120	1011.2
90	1091.2	979.2	809.6	1062.4	1030.4	918.4	1321.6	1177.6	832	1225.6	1264	1084.8
(1,0)	(2,5435)	(3,4124)	(4,775)	
(1,0)	(2,622)	(3,0)	(4,0)	
(1,0)	(2,666)	(3,0)	(4,0)	
(1,0)	(2,732)	(3,0)	(4,0)	
(1,0)	(2,598)	(3,0)	(4,0)	
(1,0)	(2,0)	(3,0)	(4,0)	
(1,0)	(2,0)	(3,0)	(4,0)	
(1,0)	(2,0)	(3,0)	(4,0)	
(1,0)	(2,0)	(3,0)	(4,0)	
(1,0)	(2,0)	(3,0)	(4,0)	
(1,0)	(2,0)	(3,0)	(4,0)	
(1,0)	(2,0)	(3,0)	(4,0)	
(1,0)	(2,0)	(3,0)	(4,0)	
avg	1032.85	1007.04	1051.41	1039.79	1026.88	1053.33	1056.53	1092.48	1089.6	1027.09	993.067	1017.07
delay	13.447	15.9806	14.1188	12.8148	21.9405	22.2454	21.9793	17.1543	22.1839	22.1774	22.0526	18.4456
loss	0	0	0	0	0	0	0	0	0.00163934	0	0	0
Command ['/home/ubuntu/ns-3.30-obss/build/scratch/simple-ofdma-adhoc6', '--ofdmaEnabled=true', '--startTime=60', '--totalTime=90', '--packetSize=4e3', '--dataMode=HeMcs5', '--datarate=25e6', '--ratio=0.375', '--RngRun=6', '--locationFile=locationtxt/locationFile42d.txt', '--routingFile=locationtxt/routingFile42.txt', '--appFile=locationtxt/appFile.txt', '--tcp=0', '--randomTime=true', '--qosDisabled=true'] terminated with signal SIGSEGV. Run it under a debugger to get more information (./waf --run <program> --command-template="gdb --args %s <args>").
