-1  0   0
-1  1   1
-1  2   2
-1  3   1
-1  4   2
-1  5   2
-1  6   2
-1  7   2
-1  8   2
-1  9   0
-1  10  1
-1  11  0
-1  12  0
-1  13  0
-1  14  0
-1  15  1
-1  16  2
-1  17  0
-1  18  0
-1  19  0
-1  20  2
-1  21  2
-1  22  1
-1  23  0
-1  24  1
-1  25  0
0   -1  -1
0   9   9
0   11  25
0   12  18
0   13  18
0   14  9
0   17  18
0   18  18
0   19  18
0   23  18
0   25  25
9   -1  0
9   14  14
11  -1  25
12  -1  17
13  -1  17
14  -1  9
17  -1  18
17  12  12
17  13  13
18  -1  0
18  12  17
18  13  17
18  17  17
18  19  23
18  23  23
19  -1  23
23  -1  18
23  19  19
25  -1  0
25  11  11
1   -1  -1
1   3   3
1   10  3
1   15  15
1   22  24
1   24  24
3   -1  1
3   10  10
10  -1  3
15  -1  1
22  -1  24
24  -1  1
24  22  22
2   -1  -1
2   4   4
2   5   6
2   6   6
2   7   7
2   8   7
2   16  7
2   20  7
2   21  21
4   -1  2
5   -1  6
6   -1  2
6   5   5
7   -1  2
7   8   8
7   16  16
7   20  16
8   -1  7
16  -1  7
16  20  20
20  -1  16
21  -1  2