-1  0   0
-1  1   1
-1  2   2
-1  3   1
-1  4   2
-1  5   2
-1  6   2
-1  7   2
-1  8   2
-1  9   0
-1  10  1
-1  11  1
-1  12  0
-1  13  0
-1  14  0
-1  15  1
-1  16  2
-1  17  0
-1  18  0
-1  19  0
-1  20  2
-1  21  2
-1  22  1
-1  23  0
-1  24  1
-1  25  0
0   -1  -1
0   9   9
0   12  12
0   13  13
0   14  14
0   17  17
0   18  18
0   19  19
0   23  23
0   25  25
9   -1  0
12  -1  0
13  -1  0
14  -1  0
17  -1  0
18  -1  0
19  -1  0
23  -1  0
25  -1  0
1   -1  -1
1   3   3
1   10  10
1   11  11
1   15  15
1   22  22
1   24  24
3   -1  1
10  -1  1
11  -1  1
15  -1  1
22  -1  1
24  -1  1
2   -1  -1
2   4   4
2   5   5
2   6   6
2   7   7
2   8   8
2   16  16
2   20  20
2   21  21
4   -1  2
5   -1  2
6   -1  2
7   -1  2
8   -1  2
16  -1  2
20  -1  2
21  -1  2