Waf: Entering directory `/home/ubuntu/ns-3.30-obss/build'
Waf: Leaving directory `/home/ubuntu/ns-3.30-obss/build'
Build commands will be stored in build/compile_commands.json
'build' finished successfully (0.710s)
--------------------------Rate[Kbps]--------------------------
Time[s]	cl-1	cl-2	cl-3	cl-4	cl-5	cl-6	cl-7	cl-8	cl-9	cl-10	cl-11	cl-12
60	15.2	15.6	14.8	14.6	13	13.6	15.8	11.8	16	15.8	13.2	14.2
61	953.6	652.8	0	0	985.6	784	880	1177.6	451.2	560	947.2	940.8
62	742.4	662.4	0	0	1104	1004.8	521.6	1046.4	1321.6	1216	774.4	774.4
63	844.8	860.8	0	0	668.8	620.8	643.2	672	854.4	1132.8	918.4	672
64	707.2	755.2	0	0	547.2	787.2	880	835.2	880	880	454.4	643.2
65	1027.2	976	0	0	534.4	1027.2	790.4	806.4	835.2	678.4	947.2	1033.6
66	691.2	1008	0	0	809.6	1020.8	860.8	896	860.8	793.6	528	710.4
67	614.4	704	0	0	672	768	1049.6	896	688	899.2	860.8	896
68	1075.2	755.2	0	0	892.8	576	524.8	710.4	1123.2	812.8	1008	921.6
69	889.6	643.2	0	0	697.6	608	720	924.8	947.2	851.2	1107.2	1158.4
70	848	851.2	0	0	556.8	726.4	848	585.6	755.2	1027.2	838.4	1056
71	524.8	825.6	0	0	700.8	694.4	1004.8	940.8	921.6	646.4	1184	768
72	688	630.4	0	0	1107.2	979.2	944	668.8	924.8	969.6	646.4	838.4
73	752	896	0	0	940.8	576	400	588.8	915.2	835.2	665.6	691.2
74	918.4	1052.8	0	0	921.6	755.2	924.8	742.4	816	870.4	899.2	1155.2
75	716.8	953.6	0	0	963.2	924.8	921.6	550.4	505.6	1161.6	758.4	854.4
76	796.8	1036.8	0	0	515.2	976	691.2	761.6	921.6	828.8	937.6	726.4
77	828.8	1020.8	0	0	777.6	1206.4	662.4	822.4	569.6	876.8	1030.4	768
78	646.4	988.8	0	0	912	614.4	643.2	668.8	940.8	976	867.2	822.4
79	1120	790.4	0	0	1065.6	793.6	620.8	809.6	1056	822.4	752	931.2
80	688	768	0	0	768	665.6	832	742.4	966.4	1187.2	739.2	761.6
81	713.6	1081.6	0	0	736	816	972.8	915.2	710.4	803.2	1030.4	870.4
82	704	716.8	0	0	838.4	643.2	1158.4	908.8	752	518.4	867.2	960
83	739.2	675.2	0	0	633.6	928	892.8	736	1088	931.2	812.8	841.6
84	838.4	758.4	0	0	617.6	694.4	867.2	774.4	880	803.2	614.4	880
85	697.6	854.4	0	0	633.6	745.6	806.4	787.2	1024	729.6	1104	921.6
86	918.4	806.4	0	0	595.2	662.4	899.2	608	860.8	777.6	684.8	1126.4
87	982.4	729.6	0	0	953.6	1132.8	953.6	656	624	905.6	784	796.8
88	713.6	704	0	0	460.8	787.2	656	768	883.2	940.8	969.6	1036.8
89	864	956.8	0	0	643.2	848	809.6	739.2	995.2	768	787.2	723.2
90	1257.6	880	0	0	774.4	1123.2	822.4	880	1216	992	700.8	822.4
(1,0)	(2,4791)	(3,4948)	(4,1459)	
(1,0)	(2,1490)	(3,0)	(4,0)	
(1,0)	(2,1631)	(3,0)	(4,0)	
(1,0)	(2,1663)	(3,0)	(4,0)	
(1,0)	(2,1867)	(3,0)	(4,0)	
(1,0)	(2,0)	(3,0)	(4,0)	
(1,0)	(2,0)	(3,0)	(4,0)	
(1,0)	(2,0)	(3,0)	(4,0)	
(1,0)	(2,0)	(3,0)	(4,0)	
(1,0)	(2,0)	(3,0)	(4,0)	
(1,0)	(2,0)	(3,0)	(4,0)	
(1,0)	(2,0)	(3,0)	(4,0)	
(1,0)	(2,0)	(3,0)	(4,0)	
avg	816.747	833.173	0	0	767.573	816.32	806.72	787.307	876.267	873.173	840.64	870.08
delay	473.023	487.614	0.0675676	0.0684932	517.894	514.805	522.882	511.448	534.106	533.076	536.896	545.83
loss	0.121306	0.314908	0	0	0.138889	0.32605	0.310881	0.353571	0.104749	0.0976492	0.140952	0.0997024
Command ['/home/ubuntu/ns-3.30-obss/build/scratch/simple-ofdma-adhoc6', '--ofdmaEnabled=true', '--startTime=60', '--totalTime=90', '--packetSize=4e3', '--dataMode=HeMcs4', '--datarate=25e6', '--ratio=0.375', '--RngRun=4', '--locationFile=locationtxt/locationFile42b1.txt', '--routingFile=locationtxt/routingFile42.txt', '--appFile=locationtxt/appFile.txt', '--tcp=0', '--randomTime=true', '--qosDisabled=true'] terminated with signal SIGSEGV. Run it under a debugger to get more information (./waf --run <program> --command-template="gdb --args %s <args>").
