Waf: Entering directory `/home/ubuntu/ns-3.30-obss/build'
Waf: Leaving directory `/home/ubuntu/ns-3.30-obss/build'
Build commands will be stored in build/compile_commands.json
'build' finished successfully (0.804s)
--------------------------Rate[Kbps]--------------------------
Time[s]	cl-1	cl-2	cl-3	cl-4	cl-5	cl-6	cl-7	cl-8	cl-9	cl-10	cl-11	cl-12
60	15	14.4	14.4	14	12.4	15.6	14.8	17	14.8	14	14.2	16.6
61	828.8	716.8	0	0	892.8	1033.6	572.8	534.4	761.6	1072	870.4	915.2
62	768	697.6	0	0	659.2	550.4	1049.6	1065.6	777.6	1046.4	1036.8	940.8
63	908.8	841.6	0	0	1504	761.6	870.4	1068.8	940.8	806.4	908.8	630.4
64	652.8	844.8	0	0	646.4	998.4	784	1040	624	675.2	691.2	1033.6
65	1075.2	1110.4	0	0	803.2	726.4	838.4	947.2	963.2	675.2	1094.4	643.2
66	604.8	1062.4	0	0	854.4	899.2	531.2	732.8	534.4	678.4	854.4	851.2
67	956.8	902.4	0	0	678.4	870.4	371.2	649.6	1196.8	1043.2	947.2	697.6
68	876.8	627.2	0	0	835.2	492.8	1094.4	1158.4	668.8	870.4	857.6	1052.8
69	723.2	595.2	0	0	592	937.6	665.6	576	963.2	905.6	838.4	832
70	1033.6	1011.2	0	0	732.8	636.8	768	960	739.2	998.4	547.2	659.2
71	777.6	726.4	0	0	1161.6	752	720	617.6	630.4	800	1081.6	1318.4
72	1033.6	886.4	0	0	752	761.6	1296	841.6	444.8	553.6	723.2	832
73	960	595.2	0	0	688	560	601.6	745.6	982.4	1094.4	838.4	758.4
74	752	832	0	0	521.6	572.8	624	329.6	761.6	825.6	1046.4	758.4
75	819.2	803.2	0	0	982.4	988.8	1110.4	995.2	854.4	672	537.6	742.4
76	1187.2	998.4	0	0	729.6	777.6	854.4	912	691.2	595.2	931.2	796.8
77	524.8	1068.8	0	0	588.8	953.6	480	988.8	838.4	873.6	806.4	969.6
78	1059.2	1203.2	0	0	700.8	960	454.4	553.6	896	886.4	867.2	915.2
79	796.8	678.4	0	0	1152	764.8	572.8	1075.2	611.2	777.6	656	784
80	505.6	764.8	0	0	867.2	723.2	985.6	656	924.8	809.6	752	646.4
81	841.6	976	0	0	876.8	720	444.8	937.6	726.4	502.4	771.2	636.8
82	713.6	995.2	0	0	988.8	1030.4	883.2	553.6	566.4	976	1056	1238.4
83	806.4	441.6	0	0	464	816	1091.2	857.6	755.2	944	873.6	713.6
84	1078.4	793.6	0	0	665.6	1027.2	556.8	1004.8	883.2	1091.2	563.2	659.2
85	697.6	854.4	0	0	646.4	396.8	899.2	793.6	816	713.6	976	1088
86	736	502.4	0	0	934.4	960	899.2	524.8	832	729.6	867.2	668.8
87	944	1100.8	0	0	688	1065.6	934.4	1123.2	723.2	905.6	931.2	691.2
88	736	742.4	0	0	796.8	742.4	704	723.2	694.4	1097.6	832	934.4
89	563.2	620.8	0	0	876.8	627.2	1020.8	860.8	812.8	713.6	720	694.4
90	947.2	764.8	0	0	761.6	704	716.8	1059.2	848	880	1094.4	876.8
(1,0)	(2,4711)	(3,4967)	(4,1415)	
(1,0)	(2,1853)	(3,0)	(4,0)	
(1,0)	(2,1804)	(3,0)	(4,0)	
(1,0)	(2,1848)	(3,0)	(4,0)	
(1,0)	(2,1787)	(3,0)	(4,0)	
(1,0)	(2,0)	(3,0)	(4,0)	
(1,0)	(2,0)	(3,0)	(4,0)	
(1,0)	(2,0)	(3,0)	(4,0)	
(1,0)	(2,0)	(3,0)	(4,0)	
(1,0)	(2,0)	(3,0)	(4,0)	
(1,0)	(2,0)	(3,0)	(4,0)	
(1,0)	(2,0)	(3,0)	(4,0)	
(1,0)	(2,0)	(3,0)	(4,0)	
avg	830.293	825.28	0	0	801.387	793.707	779.84	829.547	782.08	840.427	852.373	832.64
delay	485.499	477.53	0.0694444	0.0714286	546.156	541.002	546.684	561.133	555.491	541.937	532.129	532.816
loss	0.118827	0.125261	0	0	0.345638	0.158333	0.155945	0.157337	0.348562	0.307018	0.0993976	0.114754
Command ['/home/ubuntu/ns-3.30-obss/build/scratch/simple-ofdma-adhoc6', '--ofdmaEnabled=true', '--startTime=60', '--totalTime=90', '--packetSize=4e3', '--dataMode=HeMcs4', '--datarate=25e6', '--ratio=0.375', '--RngRun=22', '--locationFile=locationtxt/locationFile42b1.txt', '--routingFile=locationtxt/routingFile42.txt', '--appFile=locationtxt/appFile.txt', '--tcp=0', '--randomTime=true', '--qosDisabled=true'] terminated with signal SIGSEGV. Run it under a debugger to get more information (./waf --run <program> --command-template="gdb --args %s <args>").
