Waf: Entering directory `/home/ubuntu/ns-3.30-obss/build'
Waf: Leaving directory `/home/ubuntu/ns-3.30-obss/build'
Build commands will be stored in build/compile_commands.json
'build' finished successfully (1.026s)
--------------------------Rate[Kbps]--------------------------
Time[s]	cl-1	cl-2	cl-3	cl-4	cl-5	cl-6	cl-7	cl-8	cl-9	cl-10	cl-11	cl-12
60	15.6	13.6	15	14.6	14.2	14.2	17.4	14.6	10.8	14.6	15	15.6
61	1062.4	844.8	0	0	819.2	1033.6	668.8	739.2	854.4	848	931.2	1078.4
62	1225.6	828.8	0	0	912	656	835.2	857.6	956.8	899.2	1203.2	739.2
63	668.8	768	0	0	531.2	672	505.6	524.8	908.8	502.4	1148.8	1136
64	726.4	665.6	0	0	758.4	457.6	832	1091.2	617.6	723.2	835.2	851.2
65	806.4	585.6	0	0	720	387.2	704	764.8	828.8	649.6	851.2	752
66	694.4	582.4	0	0	739.2	524.8	876.8	592	806.4	780.8	678.4	777.6
67	867.2	668.8	0	0	835.2	649.6	630.4	761.6	1107.2	758.4	604.8	1030.4
68	729.6	726.4	0	0	1072	662.4	713.6	617.6	752	876.8	620.8	678.4
69	496	697.6	0	0	608	441.6	652.8	774.4	748.8	899.2	835.2	508.8
70	662.4	844.8	0	0	476.8	460.8	803.2	707.2	864	716.8	953.6	832
71	774.4	707.2	0	0	880	966.4	752	588.8	627.2	598.4	652.8	700.8
72	624	614.4	0	0	764.8	617.6	774.4	598.4	489.6	1148.8	579.2	819.2
73	825.6	624	0	0	425.6	553.6	448	988.8	688	924.8	614.4	819.2
74	883.2	969.6	0	0	681.6	873.6	515.2	947.2	710.4	915.2	736	748.8
75	982.4	659.2	0	0	713.6	508.8	960	870.4	678.4	675.2	672	899.2
76	867.2	748.8	0	0	780.8	688	579.2	601.6	793.6	812.8	534.4	726.4
77	656	665.6	0	0	854.4	585.6	672	761.6	1152	876.8	579.2	905.6
78	742.4	940.8	0	0	630.4	697.6	438.4	508.8	774.4	851.2	784	822.4
79	838.4	758.4	0	0	518.4	512	643.2	755.2	697.6	1043.2	880	963.2
80	979.2	665.6	0	0	582.4	659.2	716.8	1033.6	787.2	534.4	764.8	1091.2
81	934.4	880	0	0	489.6	544	620.8	659.2	832	691.2	777.6	694.4
82	649.6	646.4	0	0	764.8	646.4	560	585.6	646.4	803.2	918.4	838.4
83	604.8	883.2	0	0	809.6	396.8	921.6	867.2	748.8	787.2	636.8	742.4
84	796.8	592	0	0	585.6	652.8	608	390.4	870.4	566.4	793.6	678.4
85	710.4	582.4	0	0	668.8	486.4	832	892.8	297.6	553.6	809.6	796.8
86	678.4	428.8	0	0	598.4	451.2	867.2	649.6	950.4	870.4	668.8	752
87	844.8	563.2	0	0	716.8	528	777.6	553.6	684.8	768	1174.4	870.4
88	918.4	720	0	0	934.4	470.4	460.8	908.8	790.4	790.4	806.4	892.8
89	665.6	764.8	0	0	742.4	736	752	851.2	611.2	595.2	828.8	739.2
90	806.4	643.2	0	0	611.2	467.2	777.6	816	982.4	896	867.2	780.8
(1,0)	(2,4401)	(3,5203)	(4,1526)	
(1,0)	(2,1593)	(3,0)	(4,0)	
(1,0)	(2,1817)	(3,0)	(4,0)	
(1,0)	(2,1805)	(3,0)	(4,0)	
(1,0)	(2,1901)	(3,0)	(4,0)	
(1,0)	(2,0)	(3,0)	(4,0)	
(1,0)	(2,0)	(3,0)	(4,0)	
(1,0)	(2,0)	(3,0)	(4,0)	
(1,0)	(2,0)	(3,0)	(4,0)	
(1,0)	(2,0)	(3,0)	(4,0)	
(1,0)	(2,0)	(3,0)	(4,0)	
(1,0)	(2,0)	(3,0)	(4,0)	
(1,0)	(2,0)	(3,0)	(4,0)	
avg	790.72	709.013	0	0	707.52	599.573	696.64	741.973	775.253	778.56	791.36	822.187
delay	490.925	509.671	0.0666667	0.0684932	538.809	543.681	541.058	581.713	558.736	585.139	554.628	539.597
loss	0.186667	0.297111	0	0	0.177294	0.181818	0.167203	0.574333	0.533512	0.506294	0.268358	0.537451
Command ['/home/ubuntu/ns-3.30-obss/build/scratch/simple-ofdma-adhoc6', '--ofdmaEnabled=true', '--startTime=60', '--totalTime=90', '--packetSize=4e3', '--dataMode=HeMcs4', '--datarate=30e6', '--ratio=0.375', '--RngRun=42', '--locationFile=locationtxt/locationFile42b1.txt', '--routingFile=locationtxt/routingFile42.txt', '--appFile=locationtxt/appFile.txt', '--tcp=0', '--randomTime=true', '--qosDisabled=true'] terminated with signal SIGSEGV. Run it under a debugger to get more information (./waf --run <program> --command-template="gdb --args %s <args>").
