Waf: Entering directory `/home/synrg/ns-3.30-obss/build'
Waf: Leaving directory `/home/synrg/ns-3.30-obss/build'
Build commands will be stored in build/compile_commands.json
'build' finished successfully (0.564s)
CreateVariables () DONE !!!
Creating 16 APs 30.00 and 30.00 m apart.
CreateApNodes () DONE !!!
Creating CL 10.00 m away from each AP.
CreateClNodes () DONE !!!
CreateNodes () DONE !!!
CreateMeshDevices () DONE !!!
CreateWifiDevices () DONE !!!
CreateCsmaDevices () DONE !!!
CreateDevices () DONE !!!
InstallInternetStack () DONE !!!
InstallApplications () DONE !!!
Starting simulation for 40.00 s ...
-------------------------------------------------
Time[s]	cl-0	cl-1	cl-2	cl-3	cl-4	cl-5	cl-6	cl-7	cl-8	cl-9	cl-10	cl-11	cl-12	cl-13	cl-14	cl-15
11.00	-1.00	-1.00	-1.00	0.64	-1.00	-1.00	-1.00	0.35	-1.00	-1.00	-1.00	0.35	-1.00	-1.00	-1.00	0.06
12.00	-1.00	-1.00	-1.00	0.64	-1.00	-1.00	-1.00	0.81	-1.00	-1.00	-1.00	0.75	-1.00	-1.00	-1.00	0.12
13.00	-1.00	-1.00	-1.00	0.17	-1.00	-1.00	-1.00	0.35	-1.00	-1.00	-1.00	0.12	-1.00	-1.00	-1.00	0.87
14.00	-1.00	-1.00	-1.00	0.98	-1.00	-1.00	-1.00	0.35	-1.00	-1.00	-1.00	0.87	-1.00	-1.00	-1.00	0.12
15.00	-1.00	-1.00	-1.00	0.87	-1.00	-1.00	-1.00	0.64	-1.00	-1.00	-1.00	0.98	-1.00	-1.00	-1.00	0.87
16.00	-1.00	-1.00	-1.00	0.75	-1.00	-1.00	-1.00	0.23	-1.00	-1.00	-1.00	0.58	-1.00	-1.00	-1.00	0.64
17.00	-1.00	-1.00	-1.00	0.64	-1.00	-1.00	-1.00	0.12	-1.00	-1.00	-1.00	0.75	-1.00	-1.00	-1.00	0.98
18.00	-1.00	-1.00	-1.00	0.70	-1.00	-1.00	-1.00	0.70	-1.00	-1.00	-1.00	1.04	-1.00	-1.00	-1.00	0.41
19.00	-1.00	-1.00	-1.00	0.93	-1.00	-1.00	-1.00	0.64	-1.00	-1.00	-1.00	0.64	-1.00	-1.00	-1.00	0.64
20.00	-1.00	-1.00	-1.00	0.41	-1.00	-1.00	-1.00	0.41	-1.00	-1.00	-1.00	0.81	-1.00	-1.00	-1.00	0.81
21.00	-1.00	-1.00	-1.00	0.93	-1.00	-1.00	-1.00	0.70	-1.00	-1.00	-1.00	0.75	-1.00	-1.00	-1.00	0.86
22.00	-1.00	-1.00	-1.00	0.35	-1.00	-1.00	-1.00	0.81	-1.00	-1.00	-1.00	0.29	-1.00	-1.00	-1.00	0.47
23.00	-1.00	-1.00	-1.00	0.70	-1.00	-1.00	-1.00	1.10	-1.00	-1.00	-1.00	0.64	-1.00	-1.00	-1.00	0.75
24.00	-1.00	-1.00	-1.00	0.58	-1.00	-1.00	-1.00	1.04	-1.00	-1.00	-1.00	0.58	-1.00	-1.00	-1.00	0.23
25.00	-1.00	-1.00	-1.00	1.10	-1.00	-1.00	-1.00	0.41	-1.00	-1.00	-1.00	0.64	-1.00	-1.00	-1.00	0.75
26.00	-1.00	-1.00	-1.00	0.75	-1.00	-1.00	-1.00	0.46	-1.00	-1.00	-1.00	0.12	-1.00	-1.00	-1.00	0.00
27.00	-1.00	-1.00	-1.00	0.70	-1.00	-1.00	-1.00	0.98	-1.00	-1.00	-1.00	0.46	-1.00	-1.00	-1.00	0.81
28.00	-1.00	-1.00	-1.00	0.41	-1.00	-1.00	-1.00	1.10	-1.00	-1.00	-1.00	0.35	-1.00	-1.00	-1.00	0.17
29.00	-1.00	-1.00	-1.00	0.82	-1.00	-1.00	-1.00	1.16	-1.00	-1.00	-1.00	0.46	-1.00	-1.00	-1.00	0.70
30.00	-1.00	-1.00	-1.00	0.81	-1.00	-1.00	-1.00	0.17	-1.00	-1.00	-1.00	0.23	-1.00	-1.00	-1.00	0.29
31.00	-1.00	-1.00	-1.00	0.06	-1.00	-1.00	-1.00	1.04	-1.00	-1.00	-1.00	0.70	-1.00	-1.00	-1.00	0.70
32.00	-1.00	-1.00	-1.00	0.93	-1.00	-1.00	-1.00	0.46	-1.00	-1.00	-1.00	0.52	-1.00	-1.00	-1.00	1.10
33.00	-1.00	-1.00	-1.00	0.07	-1.00	-1.00	-1.00	0.93	-1.00	-1.00	-1.00	0.35	-1.00	-1.00	-1.00	0.64
34.00	-1.00	-1.00	-1.00	1.27	-1.00	-1.00	-1.00	0.17	-1.00	-1.00	-1.00	0.46	-1.00	-1.00	-1.00	1.04
35.00	-1.00	-1.00	-1.00	0.87	-1.00	-1.00	-1.00	0.64	-1.00	-1.00	-1.00	0.46	-1.00	-1.00	-1.00	0.35
36.00	-1.00	-1.00	-1.00	0.58	-1.00	-1.00	-1.00	0.64	-1.00	-1.00	-1.00	0.12	-1.00	-1.00	-1.00	0.81
37.00	-1.00	-1.00	-1.00	1.04	-1.00	-1.00	-1.00	0.81	-1.00	-1.00	-1.00	0.52	-1.00	-1.00	-1.00	0.75
38.00	-1.00	-1.00	-1.00	0.35	-1.00	-1.00	-1.00	0.87	-1.00	-1.00	-1.00	0.58	-1.00	-1.00	-1.00	0.75
39.00	-1.00	-1.00	-1.00	0.93	-1.00	-1.00	-1.00	0.64	-1.00	-1.00	-1.00	1.04	-1.00	-1.00	-1.00	0.70
10.1.1.8	0.71	4986.23
10.1.1.12	0.60	5863.86
10.1.1.16	0.67	5783.52
10.1.1.4	0.77	5441.71
