Waf: Entering directory `/home/synrg/ns-3.30-obss/build'
Waf: Leaving directory `/home/synrg/ns-3.30-obss/build'
Build commands will be stored in build/compile_commands.json
'build' finished successfully (0.554s)
CreateVariables () DONE !!!
Creating 16 APs 30.00 and 30.00 m apart.
CreateApNodes () DONE !!!
Creating CL 10.00 m away from each AP.
CreateClNodes () DONE !!!
CreateNodes () DONE !!!
CreateMeshDevices () DONE !!!
CreateWifiDevices () DONE !!!
CreateCsmaDevices () DONE !!!
CreateDevices () DONE !!!
InstallInternetStack () DONE !!!
InstallApplications () DONE !!!
Starting simulation for 40.00 s ...
-------------------------------------------------
Time[s]	cl-0	cl-1	cl-2	cl-3	cl-4	cl-5	cl-6	cl-7	cl-8	cl-9	cl-10	cl-11	cl-12	cl-13	cl-14	cl-15
11.00	-1.00	-1.00	-1.00	0.35	-1.00	-1.00	-1.00	0.12	-1.00	-1.00	-1.00	0.29	-1.00	-1.00	-1.00	0.29
12.00	-1.00	-1.00	-1.00	0.35	-1.00	-1.00	-1.00	0.52	-1.00	-1.00	-1.00	0.23	-1.00	-1.00	-1.00	0.12
13.00	-1.00	-1.00	-1.00	0.23	-1.00	-1.00	-1.00	0.23	-1.00	-1.00	-1.00	0.12	-1.00	-1.00	-1.00	0.52
14.00	-1.00	-1.00	-1.00	0.35	-1.00	-1.00	-1.00	0.23	-1.00	-1.00	-1.00	0.41	-1.00	-1.00	-1.00	0.41
15.00	-1.00	-1.00	-1.00	0.29	-1.00	-1.00	-1.00	0.29	-1.00	-1.00	-1.00	0.17	-1.00	-1.00	-1.00	0.17
16.00	-1.00	-1.00	-1.00	0.46	-1.00	-1.00	-1.00	0.46	-1.00	-1.00	-1.00	0.17	-1.00	-1.00	-1.00	0.46
17.00	-1.00	-1.00	-1.00	0.17	-1.00	-1.00	-1.00	0.23	-1.00	-1.00	-1.00	0.41	-1.00	-1.00	-1.00	0.23
18.00	-1.00	-1.00	-1.00	0.52	-1.00	-1.00	-1.00	0.46	-1.00	-1.00	-1.00	0.41	-1.00	-1.00	-1.00	0.06
19.00	-1.00	-1.00	-1.00	0.41	-1.00	-1.00	-1.00	0.17	-1.00	-1.00	-1.00	0.52	-1.00	-1.00	-1.00	0.46
20.00	-1.00	-1.00	-1.00	0.12	-1.00	-1.00	-1.00	0.46	-1.00	-1.00	-1.00	0.23	-1.00	-1.00	-1.00	0.29
21.00	-1.00	-1.00	-1.00	0.46	-1.00	-1.00	-1.00	0.17	-1.00	-1.00	-1.00	0.17	-1.00	-1.00	-1.00	0.46
22.00	-1.00	-1.00	-1.00	0.29	-1.00	-1.00	-1.00	0.52	-1.00	-1.00	-1.00	0.41	-1.00	-1.00	-1.00	0.46
23.00	-1.00	-1.00	-1.00	0.29	-1.00	-1.00	-1.00	0.41	-1.00	-1.00	-1.00	0.24	-1.00	-1.00	-1.00	0.00
24.00	-1.00	-1.00	-1.00	0.12	-1.00	-1.00	-1.00	0.12	-1.00	-1.00	-1.00	0.34	-1.00	-1.00	-1.00	0.35
25.00	-1.00	-1.00	-1.00	0.35	-1.00	-1.00	-1.00	0.46	-1.00	-1.00	-1.00	0.41	-1.00	-1.00	-1.00	0.35
26.00	-1.00	-1.00	-1.00	0.35	-1.00	-1.00	-1.00	0.17	-1.00	-1.00	-1.00	0.46	-1.00	-1.00	-1.00	0.29
27.00	-1.00	-1.00	-1.00	0.06	-1.00	-1.00	-1.00	0.35	-1.00	-1.00	-1.00	0.17	-1.00	-1.00	-1.00	0.46
28.00	-1.00	-1.00	-1.00	0.35	-1.00	-1.00	-1.00	0.12	-1.00	-1.00	-1.00	0.41	-1.00	-1.00	-1.00	0.17
29.00	-1.00	-1.00	-1.00	0.41	-1.00	-1.00	-1.00	0.46	-1.00	-1.00	-1.00	0.41	-1.00	-1.00	-1.00	0.41
30.00	-1.00	-1.00	-1.00	0.06	-1.00	-1.00	-1.00	0.06	-1.00	-1.00	-1.00	0.41	-1.00	-1.00	-1.00	0.12
31.00	-1.00	-1.00	-1.00	0.41	-1.00	-1.00	-1.00	0.12	-1.00	-1.00	-1.00	0.35	-1.00	-1.00	-1.00	0.52
32.00	-1.00	-1.00	-1.00	0.06	-1.00	-1.00	-1.00	0.23	-1.00	-1.00	-1.00	0.23	-1.00	-1.00	-1.00	0.23
33.00	-1.00	-1.00	-1.00	0.46	-1.00	-1.00	-1.00	0.58	-1.00	-1.00	-1.00	0.06	-1.00	-1.00	-1.00	0.29
34.00	-1.00	-1.00	-1.00	0.23	-1.00	-1.00	-1.00	0.29	-1.00	-1.00	-1.00	0.29	-1.00	-1.00	-1.00	0.12
35.00	-1.00	-1.00	-1.00	0.41	-1.00	-1.00	-1.00	0.29	-1.00	-1.00	-1.00	0.46	-1.00	-1.00	-1.00	0.52
36.00	-1.00	-1.00	-1.00	0.29	-1.00	-1.00	-1.00	0.41	-1.00	-1.00	-1.00	0.29	-1.00	-1.00	-1.00	0.46
37.00	-1.00	-1.00	-1.00	0.23	-1.00	-1.00	-1.00	0.23	-1.00	-1.00	-1.00	0.58	-1.00	-1.00	-1.00	0.41
38.00	-1.00	-1.00	-1.00	0.52	-1.00	-1.00	-1.00	0.29	-1.00	-1.00	-1.00	0.39	-1.00	-1.00	-1.00	0.46
39.00	-1.00	-1.00	-1.00	0.06	-1.00	-1.00	-1.00	0.35	-1.00	-1.00	-1.00	0.08	-1.00	-1.00	-1.00	0.41
10.1.1.8	0.34	4114.12
10.1.1.4	0.33	4245.57
10.1.1.16	0.37	4205.83
10.1.1.12	0.35	4674.75
