Waf: Entering directory `/home/ubuntu/ns-3.30-obss/build'
Waf: Leaving directory `/home/ubuntu/ns-3.30-obss/build'
Build commands will be stored in build/compile_commands.json
'build' finished successfully (0.802s)
--------------------------Rate[Kbps]--------------------------
Time[s]	cl-1	cl-2	cl-3	cl-4	cl-5	cl-6	cl-7	cl-8	cl-9	cl-10	cl-11	cl-12
60	13.2	17	15.2	11.8	16.6	15.2	14.4	17.2	15.2	14.4	17.6	14
61	784	0	0	0	716.8	768	499.2	739.2	908.8	752	825.6	633.6
62	844.8	0	0	0	790.4	851.2	768	672	998.4	912	752	841.6
63	713.6	0	0	0	713.6	1024	966.4	969.6	873.6	1036.8	774.4	771.2
64	915.2	0	0	0	892.8	1097.6	876.8	806.4	1081.6	566.4	780.8	908.8
65	947.2	0	0	0	947.2	992	915.2	1040	844.8	972.8	678.4	992
66	710.4	0	0	0	636.8	969.6	764.8	796.8	576	1014.4	1075.2	953.6
67	787.2	0	0	0	816	883.2	684.8	608	736	617.6	825.6	784
68	790.4	0	0	0	892.8	851.2	960	915.2	988.8	848	1132.8	704
69	892.8	0	0	0	1014.4	620.8	752	601.6	944	1139.2	1081.6	969.6
70	1075.2	0	0	0	857.6	1072	636.8	899.2	752	624	691.2	758.4
71	966.4	0	0	0	601.6	937.6	995.2	860.8	723.2	844.8	841.6	883.2
72	816	0	0	0	937.6	995.2	582.4	880	1081.6	870.4	889.6	848
73	736	0	0	0	1072	960	809.6	576	739.2	720	636.8	953.6
74	828.8	0	0	0	752	934.4	995.2	1017.6	979.2	1004.8	867.2	860.8
75	912	0	0	0	1164.8	806.4	908.8	544	844.8	752	835.2	873.6
76	812.8	0	0	0	1036.8	1196.8	665.6	748.8	672	572.8	768	608
77	988.8	0	0	0	771.2	992	611.2	748.8	899.2	617.6	598.4	985.6
78	688	0	0	0	828.8	883.2	713.6	1065.6	787.2	726.4	956.8	803.2
79	752	0	0	0	700.8	502.4	688	611.2	694.4	918.4	646.4	694.4
80	601.6	0	0	0	819.2	931.2	864	787.2	1011.2	822.4	764.8	851.2
81	761.6	0	0	0	1024	995.2	931.2	758.4	697.6	915.2	476.8	905.6
82	800	0	0	0	800	944	745.6	934.4	1020.8	595.2	835.2	787.2
83	886.4	0	0	0	947.2	963.2	656	710.4	876.8	1024	700.8	851.2
84	828.8	0	0	0	723.2	908.8	899.2	931.2	854.4	604.8	969.6	1008
85	745.6	0	0	0	921.6	960	854.4	921.6	720	940.8	870.4	755.2
86	883.2	0	0	0	867.2	819.2	928	854.4	729.6	937.6	1116.8	841.6
87	1024	0	0	0	608	720	828.8	931.2	700.8	838.4	627.2	694.4
88	972.8	0	0	0	787.2	899.2	636.8	841.6	953.6	908.8	627.2	796.8
89	956.8	0	0	0	832	777.6	665.6	940.8	931.2	857.6	988.8	976
90	963.2	0	0	0	921.6	809.6	966.4	672	1008	796.8	1219.2	1008
(1,0)	(2,2489)	(3,764)	(4,112)	
(1,0)	(2,197)	(3,0)	(4,0)	
(1,0)	(2,205)	(3,0)	(4,0)	
(1,0)	(2,197)	(3,0)	(4,0)	
(1,0)	(2,230)	(3,0)	(4,0)	
(1,0)	(2,0)	(3,0)	(4,0)	
(1,0)	(2,0)	(3,0)	(4,0)	
(1,0)	(2,0)	(3,0)	(4,0)	
(1,0)	(2,0)	(3,0)	(4,0)	
(1,0)	(2,0)	(3,0)	(4,0)	
(1,0)	(2,0)	(3,0)	(4,0)	
(1,0)	(2,0)	(3,0)	(4,0)	
(1,0)	(2,0)	(3,0)	(4,0)	
avg	846.187	0	0	0	846.507	902.187	792.32	812.8	854.293	825.067	828.48	843.413
delay	1.89604	0.0705882	0.0657895	0.0677966	5.88518	3.491	6.18962	3.0641	4.14592	3.34066	3.47541	3.74723
loss	0	0	0	0	0	0	0	0	0	0	0	0
Command ['/home/ubuntu/ns-3.30-obss/build/scratch/simple-ofdma-adhoc6', '--ofdmaEnabled=true', '--startTime=60', '--totalTime=90', '--packetSize=4e3', '--dataMode=HeMcs4', '--datarate=15e6', '--ratio=0.375', '--RngRun=7', '--locationFile=locationtxt/locationFile42a.txt', '--routingFile=locationtxt/routingFile42.txt', '--appFile=locationtxt/appFile.txt', '--tcp=0', '--randomTime=true', '--qosDisabled=true'] terminated with signal SIGSEGV. Run it under a debugger to get more information (./waf --run <program> --command-template="gdb --args %s <args>").
