Waf: Entering directory `/home/ubuntu/ns-3.30-obss/build'
Waf: Leaving directory `/home/ubuntu/ns-3.30-obss/build'
Build commands will be stored in build/compile_commands.json
'build' finished successfully (0.680s)
--------------------------Rate[Kbps]--------------------------
Time[s]	cl-1	cl-2	cl-3	cl-4	cl-5	cl-6	cl-7	cl-8	cl-9	cl-10	cl-11	cl-12
60	14.8	15.4	16	11.8	17.2	12.6	14.2	10.4	15	14.8	17.8	12.6
61	176	0	0	0	214.4	211.2	195.2	172.8	201.6	268.8	307.2	201.6
62	227.2	0	0	0	288	249.6	316.8	256	332.8	281.6	256	252.8
63	240	0	0	0	227.2	310.4	275.2	329.6	201.6	156.8	224	278.4
64	265.6	0	0	0	272	227.2	313.6	272	336	246.4	217.6	224
65	217.6	0	0	0	243.2	201.6	259.2	300.8	336	185.6	288	217.6
66	384	0	0	0	281.6	217.6	262.4	275.2	217.6	313.6	224	252.8
67	368	0	0	0	281.6	352	265.6	320	304	265.6	259.2	304
68	201.6	0	0	0	265.6	243.2	256	358.4	265.6	368	265.6	291.2
69	272	0	0	0	361.6	243.2	217.6	291.2	262.4	288	355.2	160
70	380.8	0	0	0	307.2	304	201.6	326.4	256	249.6	304	265.6
71	246.4	0	0	0	320	275.2	320	320	256	259.2	297.6	307.2
72	281.6	0	0	0	297.6	169.6	224	336	268.8	243.2	288	288
73	336	0	0	0	272	281.6	304	192	153.6	339.2	345.6	320
74	268.8	0	0	0	265.6	227.2	425.6	278.4	214.4	384	249.6	288
75	256	0	0	0	313.6	262.4	233.6	288	304	329.6	339.2	252.8
76	323.2	0	0	0	304	240	390.4	233.6	249.6	224	272	348.8
77	326.4	0	0	0	320	291.2	240	224	265.6	278.4	288	323.2
78	240	0	0	0	224	256	342.4	236.8	304	272	336	307.2
79	313.6	0	0	0	272	368	300.8	352	291.2	288	297.6	297.6
80	256	0	0	0	316.8	246.4	249.6	268.8	380.8	217.6	297.6	265.6
81	307.2	0	0	0	259.2	297.6	259.2	179.2	227.2	195.2	240	326.4
82	297.6	0	0	0	320	320	243.2	195.2	249.6	240	310.4	368
83	272	0	0	0	208	278.4	316.8	243.2	307.2	323.2	377.6	220.8
84	252.8	0	0	0	262.4	272	227.2	304	227.2	214.4	377.6	220.8
85	374.4	0	0	0	259.2	281.6	211.2	224	265.6	249.6	243.2	323.2
86	256	0	0	0	268.8	336	348.8	371.2	243.2	307.2	265.6	224
87	265.6	0	0	0	368	345.6	278.4	249.6	265.6	336	332.8	361.6
88	336	0	0	0	329.6	201.6	281.6	313.6	268.8	201.6	278.4	361.6
89	211.2	0	0	0	304	355.2	281.6	224	358.4	316.8	297.6	217.6
90	304	0	0	0	294.4	352	281.6	304	272	329.6	272	297.6
(1,0)	(2,185)	(3,13)	(4,3)	
(1,0)	(2,13)	(3,0)	(4,0)	
(1,0)	(2,5)	(3,0)	(4,0)	
(1,0)	(2,9)	(3,0)	(4,0)	
(1,0)	(2,12)	(3,0)	(4,0)	
(1,0)	(2,0)	(3,0)	(4,0)	
(1,0)	(2,0)	(3,0)	(4,0)	
(1,0)	(2,0)	(3,0)	(4,0)	
(1,0)	(2,0)	(3,0)	(4,0)	
(1,0)	(2,0)	(3,0)	(4,0)	
(1,0)	(2,0)	(3,0)	(4,0)	
(1,0)	(2,0)	(3,0)	(4,0)	
(1,0)	(2,0)	(3,0)	(4,0)	
avg	281.92	0	0	0	284.053	273.92	277.44	274.667	269.547	272.427	290.24	278.933
delay	0.656051	0.0649351	0.1	0.220339	0.79845	0.945736	0.872881	2.87179	1.34014	0.811475	1.05263	0.886957
loss	0	0	0	0	0	0	0	0	0	0	0	0
Command ['/home/ubuntu/ns-3.30-obss/build/scratch/simple-ofdma-adhoc6', '--ofdmaEnabled=true', '--startTime=60', '--totalTime=90', '--packetSize=4e3', '--dataMode=HeMcs4', '--datarate=5e6', '--ratio=0.375', '--RngRun=49', '--locationFile=locationtxt/locationFile42a.txt', '--routingFile=locationtxt/routingFile42.txt', '--appFile=locationtxt/appFile.txt', '--tcp=0', '--randomTime=true', '--qosDisabled=true'] terminated with signal SIGSEGV. Run it under a debugger to get more information (./waf --run <program> --command-template="gdb --args %s <args>").
