Waf: Entering directory `/home/ubuntu/ns-3.30-obss/build'
Waf: Leaving directory `/home/ubuntu/ns-3.30-obss/build'
Build commands will be stored in build/compile_commands.json
'build' finished successfully (0.715s)
--------------------------Rate[Kbps]--------------------------
Time[s]	cl-1	cl-2	cl-3	cl-4	cl-5	cl-6	cl-7	cl-8	cl-9	cl-10	cl-11	cl-12
60	15	16.6	16	13.6	14.8	13.6	15	18.6	16.4	14.4	12.8	14.8
61	1024	0	0	0	521.6	659.2	841.6	1052.8	1168	1004.8	934.4	1286.4
62	832	0	0	0	995.2	934.4	739.2	524.8	892.8	976	1235.2	854.4
63	1052.8	0	0	0	1260.8	572.8	1084.8	950.4	547.2	809.6	832	768
64	1100.8	0	0	0	457.6	483.2	963.2	691.2	995.2	608	1110.4	905.6
65	924.8	0	0	0	1219.2	1104	1014.4	828.8	1209.6	828.8	745.6	1043.2
66	1152	0	0	0	844.8	540.8	1001.6	684.8	710.4	697.6	883.2	931.2
67	892.8	0	0	0	1353.6	1075.2	598.4	492.8	1081.6	742.4	998.4	505.6
68	806.4	0	0	0	556.8	595.2	1107.2	1203.2	988.8	726.4	640	1011.2
69	841.6	0	0	0	812.8	556.8	892.8	924.8	694.4	659.2	556.8	841.6
70	1072	0	0	0	780.8	835.2	1321.6	1228.8	595.2	454.4	620.8	838.4
71	576	0	0	0	809.6	1040	672	819.2	899.2	777.6	889.6	963.2
72	912	0	0	0	777.6	806.4	780.8	921.6	736	912	816	707.2
73	899.2	0	0	0	796.8	784	652.8	652.8	1200	630.4	992	806.4
74	694.4	0	0	0	854.4	752	745.6	822.4	729.6	774.4	748.8	841.6
75	1001.6	0	0	0	844.8	806.4	1257.6	1328	1123.2	563.2	649.6	595.2
76	729.6	0	0	0	838.4	659.2	752	937.6	755.2	1017.6	1001.6	809.6
77	1129.6	0	0	0	486.4	1036.8	777.6	819.2	915.2	851.2	444.8	649.6
78	630.4	0	0	0	825.6	924.8	803.2	809.6	473.6	585.6	1222.4	976
79	652.8	0	0	0	454.4	617.6	956.8	672	940.8	1078.4	819.2	611.2
80	937.6	0	0	0	537.6	585.6	620.8	684.8	771.2	678.4	1100.8	1075.2
81	876.8	0	0	0	812.8	572.8	1008	784	902.4	633.6	1049.6	691.2
82	870.4	0	0	0	1097.6	1027.2	620.8	800	755.2	889.6	812.8	816
83	1180.8	0	0	0	672	601.6	844.8	1216	768	684.8	982.4	883.2
84	841.6	0	0	0	1126.4	768	1001.6	1145.6	582.4	774.4	944	985.6
85	640	0	0	0	604.8	768	576	812.8	1049.6	403.2	1171.2	867.2
86	1046.4	0	0	0	896	649.6	1212.8	950.4	937.6	796.8	880	883.2
87	1100.8	0	0	0	1123.2	1027.2	1008	1225.6	736	726.4	982.4	835.2
88	745.6	0	0	0	787.2	832	656	908.8	492.8	787.2	1049.6	630.4
89	956.8	0	0	0	512	633.6	416	790.4	950.4	1187.2	784	784
90	963.2	0	0	0	662.4	1001.6	892.8	604.8	787.2	873.6	905.6	902.4
(1,0)	(2,4533)	(3,4960)	(4,1401)	
(1,0)	(2,1924)	(3,0)	(4,0)	
(1,0)	(2,2117)	(3,0)	(4,0)	
(1,0)	(2,1978)	(3,0)	(4,0)	
(1,0)	(2,2146)	(3,0)	(4,0)	
(1,0)	(2,0)	(3,0)	(4,0)	
(1,0)	(2,0)	(3,0)	(4,0)	
(1,0)	(2,0)	(3,0)	(4,0)	
(1,0)	(2,0)	(3,0)	(4,0)	
(1,0)	(2,0)	(3,0)	(4,0)	
(1,0)	(2,0)	(3,0)	(4,0)	
(1,0)	(2,0)	(3,0)	(4,0)	
(1,0)	(2,0)	(3,0)	(4,0)	
avg	902.827	0	0	0	810.773	775.04	860.693	876.267	846.293	771.093	893.44	843.307
delay	473.755	0.0722892	0.075	0.0735294	543.235	573.45	552.01	553.847	557.648	551.498	542.146	543.564
loss	0.177019	0	0	0	0.189142	0.418898	0.151316	0.160954	0.144246	0.13141	0.134431	0.414414
Command ['/home/ubuntu/ns-3.30-obss/build/scratch/simple-ofdma-adhoc6', '--ofdmaEnabled=true', '--startTime=60', '--totalTime=90', '--packetSize=4e3', '--dataMode=HeMcs4', '--datarate=25e6', '--ratio=0.375', '--RngRun=20', '--locationFile=locationtxt/locationFile42a.txt', '--routingFile=locationtxt/routingFile42.txt', '--appFile=locationtxt/appFile.txt', '--tcp=0', '--randomTime=true', '--qosDisabled=true'] terminated with signal SIGSEGV. Run it under a debugger to get more information (./waf --run <program> --command-template="gdb --args %s <args>").
