Waf: Entering directory `/home/ubuntu/ns-3.30-obss/build'
Waf: Leaving directory `/home/ubuntu/ns-3.30-obss/build'
Build commands will be stored in build/compile_commands.json
'build' finished successfully (0.831s)
--------------------------Rate[Kbps]--------------------------
Time[s]	cl-1	cl-2	cl-3	cl-4	cl-5	cl-6	cl-7	cl-8	cl-9	cl-10	cl-11	cl-12
60	12.2	13.8	15	15.6	10.8	17.2	16.6	13.6	18	16.2	15.2	15.2
61	1014.4	844.8	873.6	809.6	953.6	806.4	694.4	678.4	585.6	880	816	732.8
62	902.4	656	774.4	832	697.6	825.6	636.8	892.8	755.2	707.2	800	486.4
63	582.4	678.4	854.4	745.6	921.6	764.8	931.2	710.4	1024	950.4	617.6	598.4
64	790.4	851.2	844.8	931.2	726.4	684.8	620.8	748.8	694.4	1024	790.4	1049.6
65	806.4	873.6	857.6	662.4	915.2	953.6	787.2	979.2	780.8	992	944	531.2
66	832	777.6	697.6	1094.4	947.2	982.4	672	569.6	998.4	918.4	828.8	931.2
67	979.2	716.8	873.6	841.6	697.6	774.4	876.8	790.4	659.2	771.2	995.2	947.2
68	752	691.2	502.4	787.2	707.2	816	870.4	880	867.2	857.6	844.8	563.2
69	659.2	742.4	761.6	742.4	979.2	812.8	908.8	905.6	848	995.2	1020.8	889.6
70	790.4	720	630.4	828.8	806.4	822.4	784	752	889.6	1136	630.4	889.6
71	860.8	1011.2	873.6	771.2	1056	1027.2	521.6	944	700.8	947.2	1065.6	720
72	1068.8	646.4	841.6	825.6	816	633.6	755.2	1024	806.4	918.4	857.6	697.6
73	848	934.4	908.8	697.6	636.8	883.2	940.8	656	848	691.2	803.2	745.6
74	777.6	905.6	518.4	966.4	633.6	656	960	643.2	851.2	825.6	1001.6	966.4
75	534.4	1043.2	780.8	1017.6	931.2	707.2	684.8	675.2	880	659.2	1017.6	764.8
76	662.4	908.8	972.8	720	870.4	1072	726.4	755.2	924.8	979.2	566.4	918.4
77	777.6	780.8	633.6	508.8	784	736	774.4	729.6	758.4	1171.2	937.6	787.2
78	729.6	1065.6	915.2	1174.4	784	883.2	816	633.6	752	851.2	793.6	860.8
79	643.2	761.6	809.6	905.6	806.4	563.2	713.6	800	841.6	739.2	624	902.4
80	659.2	956.8	758.4	518.4	1056	1020.8	1177.6	896	1100.8	899.2	800	755.2
81	697.6	934.4	668.8	694.4	956.8	828.8	902.4	899.2	707.2	771.2	854.4	806.4
82	1136	812.8	684.8	889.6	662.4	544	819.2	880	963.2	931.2	1120	640
83	748.8	822.4	870.4	1059.2	598.4	835.2	1030.4	720	854.4	912	665.6	825.6
84	636.8	934.4	700.8	825.6	784	928	1027.2	569.6	768	768	956.8	851.2
85	905.6	841.6	841.6	800	617.6	924.8	761.6	668.8	908.8	768	1180.8	960
86	803.2	1068.8	662.4	950.4	812.8	784	819.2	908.8	780.8	729.6	1014.4	988.8
87	1072	950.4	1088	796.8	998.4	848	934.4	662.4	700.8	716.8	636.8	745.6
88	704	848	1001.6	1107.2	768	784	902.4	889.6	732.8	944	1184	793.6
89	848	880	716.8	966.4	697.6	633.6	892.8	886.4	748.8	803.2	1056	819.2
90	873.6	691.2	732.8	982.4	684.8	784	732.8	995.2	870.4	857.6	1040	934.4
(1,0)	(2,2674)	(3,606)	(4,72)	
(1,0)	(2,129)	(3,0)	(4,0)	
(1,0)	(2,103)	(3,0)	(4,0)	
(1,0)	(2,134)	(3,0)	(4,0)	
(1,0)	(2,125)	(3,0)	(4,0)	
(1,0)	(2,0)	(3,0)	(4,0)	
(1,0)	(2,0)	(3,0)	(4,0)	
(1,0)	(2,0)	(3,0)	(4,0)	
(1,0)	(2,0)	(3,0)	(4,0)	
(1,0)	(2,0)	(3,0)	(4,0)	
(1,0)	(2,0)	(3,0)	(4,0)	
(1,0)	(2,0)	(3,0)	(4,0)	
(1,0)	(2,0)	(3,0)	(4,0)	
avg	803.2	845.013	788.373	848.427	810.24	810.667	822.507	791.467	820.053	870.507	882.133	803.413
delay	1.78414	0.934383	2.03636	0.890306	2.12277	1.845	1.57937	1.91514	3.72444	1.64691	3.58846	3.61641
loss	0	0	0	0	0	0	0	0	0	0	0	0
Command ['/home/ubuntu/ns-3.30-obss/build/scratch/simple-ofdma-adhoc6', '--ofdmaEnabled=true', '--startTime=60', '--totalTime=90', '--packetSize=4e3', '--dataMode=HeMcs6', '--datarate=20e6', '--ratio=0.375', '--RngRun=19', '--locationFile=locationtxt/locationFile42d.txt', '--routingFile=locationtxt/routingFile42.txt', '--appFile=locationtxt/appFile.txt', '--tcp=0', '--randomTime=true', '--qosDisabled=true'] terminated with signal SIGSEGV. Run it under a debugger to get more information (./waf --run <program> --command-template="gdb --args %s <args>").
