Waf: Entering directory `/home/ubuntu/ns-3.30-obss/build'
Waf: Leaving directory `/home/ubuntu/ns-3.30-obss/build'
Build commands will be stored in build/compile_commands.json
'build' finished successfully (0.635s)
--------------------------Rate[Kbps]--------------------------
Time[s]	cl-1	cl-2	cl-3	cl-4	cl-5	cl-6	cl-7	cl-8	cl-9	cl-10	cl-11	cl-12
60	10.2	15.2	11.2	16.8	14.4	19	15.8	12.8	18.6	16.2	12.6	13.8
61	1081.6	857.6	848	1094.4	1513.6	1056	832	985.6	988.8	1398.4	1190.4	969.6
62	793.6	1056	1363.2	1040	902.4	1107.2	1331.2	1526.4	1161.6	1033.6	812.8	1260.8
63	1468.8	1168	1312	1449.6	774.4	1158.4	1244.8	688	1449.6	1232	1452.8	1145.6
64	1494.4	1017.6	1372.8	992	1049.6	1184	1078.4	1334.4	1020.8	1315.2	931.2	1209.6
65	1216	1174.4	1468.8	1280	1369.6	1388.8	1520	915.2	1257.6	1212.8	953.6	1088
66	1120	1110.4	1206.4	870.4	1158.4	1123.2	1670.4	1100.8	960	867.2	825.6	1248
67	1337.6	1139.2	931.2	969.6	1129.6	755.2	1376	1196.8	1097.6	896	1337.6	1113.6
68	1158.4	1091.2	1049.6	972.8	1001.6	806.4	1161.6	1171.2	1168	950.4	1190.4	1046.4
69	1030.4	816	908.8	1308.8	937.6	1068.8	1414.4	1190.4	1548.8	950.4	1136	1424
70	1187.2	1206.4	998.4	1100.8	1008	790.4	1065.6	1049.6	1078.4	928	1254.4	982.4
71	1065.6	1363.2	1180.8	774.4	1328	1161.6	1340.8	1302.4	992	1244.8	899.2	1494.4
72	1331.2	1200	1062.4	940.8	1209.6	889.6	1334.4	1235.2	1110.4	1315.2	886.4	1036.8
73	995.2	1321.6	1292.8	844.8	1177.6	1049.6	832	1161.6	940.8	905.6	1068.8	1027.2
74	1065.6	780.8	1059.2	1232	1126.4	848	1171.2	1072	1328	1216	1110.4	947.2
75	860.8	1004.8	1270.4	1257.6	1040	1116.8	1465.6	1494.4	1190.4	937.6	1104	892.8
76	1132.8	1369.6	1139.2	1001.6	1200	896	963.2	1129.6	1145.6	851.2	1193.6	1347.2
77	764.8	1129.6	883.2	1200	1174.4	745.6	979.2	1289.6	787.2	1100.8	1180.8	1129.6
78	1289.6	681.6	780.8	1200	864	924.8	1158.4	1097.6	1104	972.8	1049.6	1344
79	1334.4	1043.2	860.8	1510.4	835.2	1168	1344	1411.2	1584	761.6	729.6	1046.4
80	1452.8	1062.4	1145.6	1120	1369.6	982.4	1072	992	1078.4	1219.2	1216	963.2
81	784	1062.4	1004.8	1184	1206.4	710.4	1110.4	1164.8	1340.8	1027.2	1136	1001.6
82	1113.6	1164.8	956.8	982.4	809.6	880	1459.2	1030.4	732.8	1180.8	1481.6	1494.4
83	1379.2	1321.6	716.8	1251.2	1334.4	1180.8	918.4	918.4	1286.4	1264	1212.8	1296
84	1702.4	1040	1337.6	982.4	1200	998.4	1328	1072	1577.6	918.4	953.6	1289.6
85	854.4	1219.2	1638.4	873.6	1059.2	1388.8	953.6	1264	1372.8	1475.2	1286.4	732.8
86	1091.2	1081.6	1084.8	1200	963.2	1209.6	1420.8	790.4	1363.2	1164.8	1267.2	1356.8
87	1321.6	1331.2	608	1212.8	1059.2	873.6	838.4	1369.6	1331.2	1136	1283.2	1212.8
88	1206.4	1030.4	1222.4	1062.4	1222.4	1388.8	1244.8	1107.2	1452.8	1280	1168	1232
89	1276.8	1331.2	880	1068.8	1260.8	835.2	1225.6	1241.6	1084.8	1523.2	1174.4	803.2
90	985.6	1286.4	876.8	1046.4	1024	764.8	1254.4	1408	1379.2	857.6	1187.2	1379.2
(1,0)	(2,5908)	(3,7190)	(4,1686)	
(1,0)	(2,1029)	(3,0)	(4,0)	
(1,0)	(2,1142)	(3,0)	(4,0)	
(1,0)	(2,1186)	(3,0)	(4,0)	
(1,0)	(2,1164)	(3,0)	(4,0)	
(1,0)	(2,0)	(3,0)	(4,0)	
(1,0)	(2,0)	(3,0)	(4,0)	
(1,0)	(2,0)	(3,0)	(4,0)	
(1,0)	(2,0)	(3,0)	(4,0)	
(1,0)	(2,0)	(3,0)	(4,0)	
(1,0)	(2,0)	(3,0)	(4,0)	
(1,0)	(2,0)	(3,0)	(4,0)	
(1,0)	(2,0)	(3,0)	(4,0)	
avg	1163.2	1115.41	1082.03	1100.8	1110.29	1015.04	1203.63	1157.01	1197.12	1104.53	1122.45	1150.51
delay	448.966	443.984	450.429	458.2	459.313	468.37	460.783	460.784	460.937	464.236	465.392	470.953
loss	0.0728022	0.00521739	0.191781	0.108397	0.0363636	0.102719	0.0267459	0.0580552	0.0289436	0.155844	0.103953	0.0536513
Command ['/home/ubuntu/ns-3.30-obss/build/scratch/simple-ofdma-adhoc6', '--ofdmaEnabled=true', '--startTime=60', '--totalTime=90', '--packetSize=4e3', '--dataMode=HeMcs6', '--datarate=30e6', '--ratio=0.375', '--RngRun=43', '--locationFile=locationtxt/locationFile42d.txt', '--routingFile=locationtxt/routingFile42.txt', '--appFile=locationtxt/appFile.txt', '--tcp=0', '--randomTime=true', '--qosDisabled=true'] terminated with signal SIGSEGV. Run it under a debugger to get more information (./waf --run <program> --command-template="gdb --args %s <args>").
