Waf: Entering directory `/home/ubuntu/ns-3.30-obss/build'
Waf: Leaving directory `/home/ubuntu/ns-3.30-obss/build'
Build commands will be stored in build/compile_commands.json
'build' finished successfully (0.762s)
--------------------------Rate[Kbps]--------------------------
Time[s]	cl-1	cl-2	cl-3	cl-4	cl-5	cl-6	cl-7	cl-8	cl-9	cl-10	cl-11	cl-12
60	17.4	16.8	13.6	16.4	14.4	12.4	15.2	15	16.2	16.8	14	15.6
61	777.6	761.6	688	889.6	505.6	588.8	624	848	822.4	966.4	777.6	723.2
62	969.6	828.8	675.2	950.4	742.4	835.2	1014.4	899.2	537.6	832	912	908.8
63	764.8	1008	825.6	873.6	505.6	601.6	988.8	960	700.8	857.6	950.4	729.6
64	1152	496	1001.6	716.8	761.6	563.2	998.4	819.2	899.2	940.8	720	678.4
65	489.6	998.4	672	857.6	876.8	748.8	902.4	918.4	1011.2	793.6	940.8	780.8
66	937.6	883.2	1030.4	598.4	761.6	809.6	841.6	1046.4	883.2	758.4	880	937.6
67	1004.8	425.6	905.6	684.8	1078.4	1113.6	956.8	931.2	835.2	649.6	1068.8	732.8
68	636.8	902.4	870.4	672	723.2	1008	1113.6	966.4	956.8	867.2	995.2	713.6
69	617.6	1014.4	867.2	940.8	816	656	844.8	870.4	787.2	784	585.6	768
70	988.8	1177.6	956.8	588.8	880	812.8	819.2	931.2	854.4	723.2	620.8	758.4
71	905.6	768	1088	636.8	880	1036.8	899.2	924.8	624	1036.8	697.6	716.8
72	892.8	806.4	812.8	915.2	960	985.6	844.8	771.2	876.8	972.8	1033.6	873.6
73	768	1046.4	921.6	899.2	793.6	892.8	796.8	902.4	608	880	812.8	739.2
74	608	681.6	940.8	880	809.6	636.8	902.4	822.4	707.2	899.2	1033.6	889.6
75	912	771.2	652.8	889.6	873.6	764.8	764.8	838.4	803.2	870.4	713.6	1100.8
76	732.8	1020.8	835.2	1017.6	841.6	726.4	569.6	966.4	716.8	816	800	694.4
77	771.2	723.2	1171.2	876.8	902.4	598.4	873.6	921.6	656	1088	624	585.6
78	838.4	880	873.6	716.8	832	729.6	713.6	1062.4	979.2	720	851.2	870.4
79	646.4	838.4	1062.4	880	636.8	931.2	812.8	889.6	694.4	848	876.8	905.6
80	1008	806.4	729.6	928	745.6	841.6	1011.2	665.6	1011.2	755.2	748.8	668.8
81	678.4	841.6	873.6	1024	761.6	886.4	761.6	918.4	1001.6	889.6	841.6	691.2
82	576	780.8	979.2	707.2	886.4	806.4	553.6	998.4	857.6	854.4	652.8	787.2
83	998.4	876.8	1004.8	972.8	659.2	784	940.8	720	931.2	809.6	707.2	899.2
84	924.8	928	764.8	800	870.4	918.4	1027.2	838.4	851.2	761.6	761.6	992
85	803.2	851.2	588.8	1011.2	1164.8	796.8	876.8	848	748.8	963.2	1008	620.8
86	902.4	739.2	1036.8	1030.4	873.6	822.4	752	771.2	899.2	774.4	742.4	720
87	710.4	764.8	889.6	668.8	934.4	873.6	953.6	752	921.6	809.6	800	764.8
88	531.2	598.4	838.4	777.6	838.4	854.4	918.4	825.6	662.4	716.8	780.8	947.2
89	454.4	963.2	1036.8	937.6	556.8	643.2	710.4	739.2	841.6	755.2	768	905.6
90	896	800	764.8	870.4	787.2	886.4	963.2	953.6	768	1056	636.8	755.2
(1,0)	(2,2817)	(3,733)	(4,81)	
(1,0)	(2,102)	(3,0)	(4,0)	
(1,0)	(2,151)	(3,0)	(4,0)	
(1,0)	(2,146)	(3,0)	(4,0)	
(1,0)	(2,132)	(3,0)	(4,0)	
(1,0)	(2,0)	(3,0)	(4,0)	
(1,0)	(2,0)	(3,0)	(4,0)	
(1,0)	(2,0)	(3,0)	(4,0)	
(1,0)	(2,0)	(3,0)	(4,0)	
(1,0)	(2,0)	(3,0)	(4,0)	
(1,0)	(2,0)	(3,0)	(4,0)	
(1,0)	(2,0)	(3,0)	(4,0)	
(1,0)	(2,0)	(3,0)	(4,0)	
avg	796.587	832.747	878.613	840.427	808.64	805.12	858.347	877.333	814.933	848.32	811.413	795.307
delay	1.22589	2.00842	1.09859	1.26154	3.89633	3.671	2.0292	1.975	3.80266	2.13361	3.91391	3.76835
loss	0	0	0	0	0	0	0	0	0.00221239	0	0	0
Command ['/home/ubuntu/ns-3.30-obss/build/scratch/simple-ofdma-adhoc6', '--ofdmaEnabled=true', '--startTime=60', '--totalTime=90', '--packetSize=4e3', '--dataMode=HeMcs6', '--datarate=20e6', '--ratio=0.375', '--RngRun=16', '--locationFile=locationtxt/locationFile42d.txt', '--routingFile=locationtxt/routingFile42.txt', '--appFile=locationtxt/appFile.txt', '--tcp=0', '--randomTime=true', '--qosDisabled=true'] terminated with signal SIGSEGV. Run it under a debugger to get more information (./waf --run <program> --command-template="gdb --args %s <args>").
