Waf: Entering directory `/home/ubuntu/ns-3.30-obss/build'
Waf: Leaving directory `/home/ubuntu/ns-3.30-obss/build'
Build commands will be stored in build/compile_commands.json
'build' finished successfully (0.715s)
--------------------------Rate[Kbps]--------------------------
Time[s]	cl-1	cl-2	cl-3	cl-4	cl-5	cl-6	cl-7	cl-8	cl-9	cl-10	cl-11	cl-12
60	15.4	13.2	17.4	14	16.6	11.2	15.2	12.6	15.4	15.6	17.6	14.8
61	876.8	950.4	1072	1219.2	937.6	1049.6	1244.8	1177.6	937.6	1299.2	1030.4	739.2
62	1052.8	1228.8	1462.4	1046.4	1152	976	953.6	1414.4	1260.8	1145.6	1216	1382.4
63	1539.2	1001.6	1078.4	1558.4	1049.6	1187.2	1052.8	1424	1014.4	1241.6	1315.2	1107.2
64	1270.4	844.8	1331.2	1532.8	947.2	1033.6	1228.8	1356.8	1254.4	1216	969.6	1376
65	1126.4	1472	1353.6	1443.2	1065.6	1641.6	1276.8	1347.2	857.6	896	899.2	1116.8
66	1382.4	1251.2	1225.6	1513.6	1497.6	844.8	1145.6	1270.4	992	1382.4	1328	1107.2
67	1065.6	1235.2	1491.2	1081.6	1440	1356.8	1340.8	1075.2	1363.2	1449.6	832	928
68	1177.6	969.6	1606.4	1248	1225.6	1251.2	1360	1036.8	908.8	1584	1091.2	1075.2
69	1139.2	1289.6	700.8	985.6	1273.6	1094.4	988.8	1126.4	1132.8	1075.2	969.6	1436.8
70	1059.2	1065.6	950.4	982.4	950.4	764.8	1120	1091.2	1132.8	963.2	755.2	1283.2
71	1244.8	1280	969.6	1155.2	1401.6	912	1436.8	774.4	1238.4	1187.2	816	1228.8
72	803.2	998.4	761.6	1043.2	1046.4	828.8	1132.8	1228.8	995.2	1155.2	1139.2	1248
73	1075.2	1091.2	1251.2	1372.8	838.4	1027.2	844.8	1008	1430.4	1206.4	1238.4	1292.8
74	1120	1078.4	1132.8	1395.2	1616	1177.6	1184	1062.4	752	838.4	1136	1097.6
75	870.4	1027.2	1104	1171.2	1337.6	1347.2	1030.4	953.6	1308.8	1427.2	1091.2	1049.6
76	758.4	1049.6	1011.2	1254.4	1366.4	1184	1113.6	1392	1184	1142.4	950.4	1104
77	1321.6	1043.2	966.4	1286.4	1011.2	934.4	886.4	1523.2	1052.8	723.2	1459.2	1104
78	1084.8	883.2	694.4	1017.6	1267.2	1081.6	950.4	1004.8	982.4	867.2	1497.6	1104
79	1219.2	1059.2	1190.4	992	1222.4	774.4	1145.6	867.2	1488	1216	1094.4	1465.6
80	1305.6	1520	979.2	1446.4	1168	1129.6	1129.6	1257.6	822.4	1270.4	1043.2	1411.2
81	1184	1388.8	707.2	1148.8	924.8	1356.8	1296	1286.4	976	1084.8	1056	1225.6
82	1324.8	1161.6	787.2	1190.4	1027.2	896	1168	985.6	1020.8	992	1120	1360
83	1273.6	912	969.6	982.4	1260.8	704	1078.4	963.2	1036.8	937.6	1168	1155.2
84	1228.8	1059.2	662.4	928	1225.6	1001.6	1340.8	1155.2	1216	1440	995.2	934.4
85	1420.8	896	1020.8	880	1100.8	1286.4	1510.4	992	908.8	966.4	1433.6	774.4
86	1161.6	873.6	1456	908.8	1081.6	1299.2	1376	1097.6	1376	1334.4	1148.8	1052.8
87	1062.4	1164.8	771.2	828.8	940.8	1059.2	985.6	1132.8	1472	1328	1228.8	1366.4
88	1292.8	1145.6	1155.2	1552	761.6	1296	1488	1289.6	1168	1187.2	793.6	1232
89	1059.2	1084.8	1094.4	902.4	931.2	1241.6	1270.4	886.4	1164.8	1408	1148.8	1161.6
90	1161.6	1036.8	992	883.2	1142.4	1216	1078.4	1017.6	1264	1257.6	1206.4	1228.8
(1,0)	(2,6039)	(3,7169)	(4,1575)	
(1,0)	(2,974)	(3,0)	(4,0)	
(1,0)	(2,1195)	(3,0)	(4,0)	
(1,0)	(2,1128)	(3,0)	(4,0)	
(1,0)	(2,1137)	(3,0)	(4,0)	
(1,0)	(2,0)	(3,0)	(4,0)	
(1,0)	(2,0)	(3,0)	(4,0)	
(1,0)	(2,0)	(3,0)	(4,0)	
(1,0)	(2,0)	(3,0)	(4,0)	
(1,0)	(2,0)	(3,0)	(4,0)	
(1,0)	(2,0)	(3,0)	(4,0)	
(1,0)	(2,0)	(3,0)	(4,0)	
(1,0)	(2,0)	(3,0)	(4,0)	
avg	1155.41	1102.08	1064.96	1165.01	1140.37	1098.45	1171.95	1139.95	1123.73	1174.08	1105.71	1171.63
delay	432.466	435.177	433.606	428.255	444.818	459.029	438.699	431.919	446.017	456.81	446.47	451.184
loss	0.0896159	0.0498575	0.194978	0.0909091	0.0826087	0.125894	0.00834725	0.00359712	0.0688141	0.168464	0.038961	0.0919378
Command ['/home/ubuntu/ns-3.30-obss/build/scratch/simple-ofdma-adhoc6', '--ofdmaEnabled=true', '--startTime=60', '--totalTime=90', '--packetSize=4e3', '--dataMode=HeMcs6', '--datarate=30e6', '--ratio=0.375', '--RngRun=10', '--locationFile=locationtxt/locationFile42d.txt', '--routingFile=locationtxt/routingFile42.txt', '--appFile=locationtxt/appFile.txt', '--tcp=0', '--randomTime=true', '--qosDisabled=true'] terminated with signal SIGSEGV. Run it under a debugger to get more information (./waf --run <program> --command-template="gdb --args %s <args>").
