Waf: Entering directory `/home/ubuntu/ns-3.30-obss/build'
Waf: Leaving directory `/home/ubuntu/ns-3.30-obss/build'
Build commands will be stored in build/compile_commands.json
'build' finished successfully (0.791s)
--------------------------Rate[Kbps]--------------------------
Time[s]	cl-1	cl-2	cl-3	cl-4	cl-5	cl-6	cl-7	cl-8	cl-9	cl-10	cl-11	cl-12
60	15.6	16.8	17	15.2	14	16.4	17	13.4	14	15.6	15.4	15
61	1120	915.2	1276.8	1059.2	812.8	1075.2	1500.8	1094.4	1302.4	985.6	1184	704
62	1152	806.4	1014.4	918.4	1052.8	1545.6	908.8	1027.2	1152	1072	1254.4	1318.4
63	1353.6	1084.8	771.2	998.4	924.8	1334.4	1100.8	1318.4	1504	1411.2	800	1427.2
64	1209.6	1260.8	1120	1286.4	1174.4	1254.4	1014.4	1260.8	1164.8	1177.6	1168	1267.2
65	918.4	1126.4	1168	1465.6	892.8	1350.4	1168	1593.6	1126.4	1171.2	816	998.4
66	1366.4	1004.8	985.6	921.6	1132.8	1219.2	1152	1177.6	1177.6	1360	1110.4	1219.2
67	1241.6	1228.8	1315.2	1510.4	1302.4	1059.2	1382.4	1401.6	1267.2	1241.6	860.8	1052.8
68	1244.8	1228.8	1347.2	800	1120	1283.2	1043.2	1123.2	1443.2	1414.4	1014.4	1334.4
69	1273.6	1347.2	1238.4	1276.8	1091.2	1046.4	982.4	1561.6	924.8	1222.4	1424	1072
70	1212.8	1001.6	1014.4	1481.6	857.6	966.4	947.2	1065.6	1369.6	1558.4	1225.6	998.4
71	1113.6	1126.4	1228.8	1062.4	969.6	1548.8	1430.4	1331.2	1126.4	1081.6	1270.4	867.2
72	1113.6	1305.6	1436.8	1081.6	1100.8	1340.8	1257.6	1321.6	1139.2	1427.2	713.6	1222.4
73	1248	982.4	860.8	1216	1068.8	675.2	1203.2	1020.8	1001.6	880	1356.8	1353.6
74	1200	1481.6	835.2	963.2	924.8	934.4	1238.4	1228.8	1315.2	1017.6	950.4	1408
75	1161.6	1040	924.8	1001.6	1420.8	921.6	1193.6	1113.6	1065.6	953.6	1155.2	1081.6
76	1462.4	1238.4	924.8	1587.2	1059.2	988.8	1126.4	1046.4	928	777.6	1276.8	1004.8
77	1251.2	854.4	832	1264	860.8	1225.6	1004.8	1139.2	1286.4	953.6	1264	1033.6
78	1094.4	1040	992	1436.8	1289.6	870.4	889.6	1315.2	902.4	1360	1356.8	1302.4
79	1280	1120	1107.2	1225.6	1436.8	1331.2	726.4	1510.4	1148.8	816	828.8	1084.8
80	1056	944	835.2	1248	1020.8	889.6	1347.2	995.2	1344	1113.6	1248	1043.2
81	1363.2	1040	787.2	944	985.6	870.4	1120	1049.6	1171.2	822.4	1289.6	1206.4
82	1132.8	1129.6	1097.6	982.4	1289.6	1392	1017.6	1152	1462.4	1212.8	1155.2	956.8
83	1040	1376	966.4	1430.4	1152	1027.2	1360	1174.4	1094.4	1113.6	1024	1056
84	854.4	1014.4	1036.8	921.6	1075.2	912	1075.2	873.6	1094.4	780.8	1462.4	1036.8
85	1516.8	1116.8	1212.8	1312	1289.6	1187.2	1164.8	752	1260.8	1004.8	1081.6	1062.4
86	1142.4	1318.4	1113.6	1155.2	860.8	1043.2	1081.6	1347.2	1196.8	1353.6	1283.2	1331.2
87	1283.2	1078.4	812.8	1392	1017.6	1164.8	1091.2	1548.8	1091.2	1299.2	1014.4	1123.2
88	985.6	1187.2	1318.4	1100.8	1020.8	1235.2	1091.2	796.8	1276.8	1107.2	1561.6	1161.6
89	1196.8	992	924.8	947.2	1107.2	1078.4	918.4	1088	1312	937.6	1260.8	976
90	956.8	1216	1020.8	1024	1411.2	809.6	953.6	1043.2	1174.4	1036.8	1334.4	1177.6
(1,0)	(2,6148)	(3,7085)	(4,1587)	
(1,0)	(2,1078)	(3,0)	(4,0)	
(1,0)	(2,1123)	(3,0)	(4,0)	
(1,0)	(2,1298)	(3,0)	(4,0)	
(1,0)	(2,1107)	(3,0)	(4,0)	
(1,0)	(2,0)	(3,0)	(4,0)	
(1,0)	(2,0)	(3,0)	(4,0)	
(1,0)	(2,0)	(3,0)	(4,0)	
(1,0)	(2,0)	(3,0)	(4,0)	
(1,0)	(2,0)	(3,0)	(4,0)	
(1,0)	(2,0)	(3,0)	(4,0)	
(1,0)	(2,0)	(3,0)	(4,0)	
(1,0)	(2,0)	(3,0)	(4,0)	
avg	1184.85	1120.21	1050.67	1167.15	1090.77	1119.36	1116.37	1182.4	1194.13	1122.13	1158.19	1129.39
delay	414.282	434.207	396.772	404.855	444.412	416.271	430.86	425.489	434.086	442.215	420.484	426.144
loss	0.0392954	0.0804954	0.00479233	0.00343643	0.0230415	0.0047619	0.0477569	0.0448625	0.0804438	0.138929	0.00701754	0.0832178
Command ['/home/ubuntu/ns-3.30-obss/build/scratch/simple-ofdma-adhoc6', '--ofdmaEnabled=true', '--startTime=60', '--totalTime=90', '--packetSize=4e3', '--dataMode=HeMcs6', '--datarate=30e6', '--ratio=0.375', '--RngRun=27', '--locationFile=locationtxt/locationFile42d.txt', '--routingFile=locationtxt/routingFile42.txt', '--appFile=locationtxt/appFile.txt', '--tcp=0', '--randomTime=true', '--qosDisabled=true'] terminated with signal SIGSEGV. Run it under a debugger to get more information (./waf --run <program> --command-template="gdb --args %s <args>").
