Waf: Entering directory `/home/ubuntu/ns-3.30-obss/build'
Waf: Leaving directory `/home/ubuntu/ns-3.30-obss/build'
Build commands will be stored in build/compile_commands.json
'build' finished successfully (0.812s)
--------------------------Rate[Kbps]--------------------------
Time[s]	cl-1	cl-2	cl-3	cl-4	cl-5	cl-6	cl-7	cl-8	cl-9	cl-10	cl-11	cl-12
60	15.4	17	15	15.2	12.2	13.4	16.8	15.8	15.8	16.6	16.8	12.4
61	867.2	1040	1232	1078.4	761.6	947.2	1097.6	864	684.8	1276.8	979.2	1020.8
62	1059.2	713.6	1116.8	1222.4	1078.4	1030.4	1260.8	1241.6	921.6	1155.2	921.6	848
63	1129.6	969.6	1056	1190.4	825.6	739.2	1036.8	780.8	953.6	982.4	1139.2	1161.6
64	838.4	1379.2	886.4	1049.6	892.8	905.6	1033.6	1008	1027.2	921.6	908.8	729.6
65	1004.8	1126.4	739.2	1264	1196.8	1036.8	1126.4	1078.4	985.6	1177.6	1052.8	892.8
66	912	1235.2	1267.2	1043.2	1433.6	889.6	1139.2	1120	1027.2	947.2	1123.2	992
67	876.8	1104	1001.6	784	809.6	918.4	1030.4	1267.2	944	908.8	889.6	867.2
68	1398.4	822.4	723.2	1212.8	1062.4	1196.8	1196.8	1283.2	784	880	1120	1334.4
69	992	960	1091.2	1043.2	1030.4	1068.8	1033.6	1132.8	1222.4	963.2	1312	995.2
70	812.8	1036.8	1084.8	1136	1136	1161.6	812.8	1020.8	1158.4	1388.8	1158.4	1174.4
71	934.4	1203.2	1164.8	1468.8	1040	1113.6	892.8	643.2	956.8	1235.2	1440	1024
72	1164.8	732.8	1084.8	1225.6	1388.8	985.6	1299.2	1283.2	1155.2	1254.4	944	1206.4
73	1260.8	950.4	1014.4	1033.6	780.8	1369.6	1049.6	771.2	1216	1100.8	1113.6	1097.6
74	979.2	1232	1193.6	982.4	1142.4	1059.2	915.2	1379.2	1209.6	1148.8	1129.6	1100.8
75	937.6	1104	1286.4	800	1049.6	1008	1212.8	854.4	838.4	1161.6	1193.6	1273.6
76	1270.4	777.6	1228.8	953.6	934.4	1331.2	998.4	892.8	1030.4	1094.4	1286.4	1200
77	742.4	928	1132.8	1273.6	1008	758.4	1273.6	1116.8	1014.4	1232	1056	848
78	982.4	889.6	1225.6	988.8	1091.2	1177.6	1049.6	1212.8	1030.4	1110.4	1132.8	1168
79	1001.6	1027.2	1027.2	915.2	1312	1123.2	1353.6	1107.2	1001.6	1062.4	649.6	995.2
80	1225.6	892.8	691.2	960	1168	745.6	992	1187.2	1139.2	787.2	1225.6	1104
81	668.8	928	1382.4	963.2	1312	1036.8	1126.4	1036.8	1203.2	1056	995.2	841.6
82	774.4	1196.8	684.8	1081.6	1331.2	665.6	675.2	1273.6	1171.2	1094.4	1100.8	963.2
83	1011.2	1107.2	992	1161.6	1075.2	1088	1020.8	1168	1078.4	969.6	796.8	828.8
84	1068.8	979.2	982.4	825.6	1107.2	982.4	921.6	1008	1056	1129.6	1056	1264
85	1187.2	924.8	640	1174.4	841.6	1177.6	1184	950.4	992	777.6	800	1222.4
86	1049.6	755.2	1209.6	1350.4	1088	1190.4	1033.6	1161.6	1049.6	889.6	892.8	937.6
87	1347.2	1033.6	985.6	896	1465.6	806.4	1091.2	1136	710.4	899.2	812.8	966.4
88	979.2	710.4	1260.8	796.8	908.8	883.2	1068.8	1308.8	876.8	1062.4	1139.2	1136
89	1376	1094.4	1097.6	1203.2	950.4	979.2	777.6	732.8	1225.6	851.2	1180.8	985.6
90	700.8	854.4	1286.4	1078.4	1180.8	1532.8	960	736	1008	918.4	1203.2	992
(1,0)	(2,4917)	(3,2395)	(4,342)	
(1,0)	(2,383)	(3,0)	(4,0)	
(1,0)	(2,347)	(3,0)	(4,0)	
(1,0)	(2,292)	(3,0)	(4,0)	
(1,0)	(2,331)	(3,0)	(4,0)	
(1,0)	(2,0)	(3,0)	(4,0)	
(1,0)	(2,0)	(3,0)	(4,0)	
(1,0)	(2,0)	(3,0)	(4,0)	
(1,0)	(2,0)	(3,0)	(4,0)	
(1,0)	(2,0)	(3,0)	(4,0)	
(1,0)	(2,0)	(3,0)	(4,0)	
(1,0)	(2,0)	(3,0)	(4,0)	
(1,0)	(2,0)	(3,0)	(4,0)	
avg	1018.45	990.293	1058.99	1071.89	1080.11	1030.29	1055.47	1058.56	1022.4	1047.89	1058.45	1039.04
delay	4.23412	4.50447	3.66186	3.72461	8.76987	10.0278	7.32459	5.44608	7.07206	7.56457	7.80484	5.22652
loss	0	0	0	0	0.00165289	0	0	0	0	0	0	0
Command ['/home/ubuntu/ns-3.30-obss/build/scratch/simple-ofdma-adhoc6', '--ofdmaEnabled=true', '--startTime=60', '--totalTime=90', '--packetSize=4e3', '--dataMode=HeMcs6', '--datarate=25e6', '--ratio=0.375', '--RngRun=24', '--locationFile=locationtxt/locationFile42d.txt', '--routingFile=locationtxt/routingFile42.txt', '--appFile=locationtxt/appFile.txt', '--tcp=0', '--randomTime=true', '--qosDisabled=true'] terminated with signal SIGSEGV. Run it under a debugger to get more information (./waf --run <program> --command-template="gdb --args %s <args>").
