Waf: Entering directory `/home/ubuntu/ns-3.30-obss/build'
Waf: Leaving directory `/home/ubuntu/ns-3.30-obss/build'
Build commands will be stored in build/compile_commands.json
'build' finished successfully (0.770s)
--------------------------Rate[Kbps]--------------------------
Time[s]	cl-1	cl-2	cl-3	cl-4	cl-5	cl-6	cl-7	cl-8	cl-9	cl-10	cl-11	cl-12
60	10.2	15.2	11.2	16.8	14.4	19	15.8	12.8	18.6	16.2	12.6	13.8
61	1260.8	0	0	0	1676.8	1129.6	867.2	1260.8	1062.4	1696	1331.2	1084.8
62	1062.4	0	0	0	1468.8	1593.6	1196.8	1382.4	1267.2	1312	944	1628.8
63	1353.6	0	0	0	624	905.6	1702.4	1334.4	1619.2	1251.2	1539.2	1369.6
64	1238.4	0	0	0	1164.8	1017.6	1216	1241.6	1305.6	1196.8	1260.8	995.2
65	1347.2	0	0	0	1580.8	1193.6	1654.4	1225.6	1155.2	921.6	1052.8	950.4
66	1305.6	0	0	0	1436.8	992	1616	1251.2	1289.6	870.4	896	1328
67	1238.4	0	0	0	1126.4	752	1177.6	1280	1270.4	1216	1353.6	921.6
68	1276.8	0	0	0	1107.2	841.6	1270.4	1180.8	1168	1241.6	1468.8	1200
69	1065.6	0	0	0	905.6	1043.2	1398.4	1324.8	1750.4	1148.8	1075.2	1216
70	1315.2	0	0	0	1331.2	768	1209.6	1340.8	1120	1120	1363.2	1161.6
71	956.8	0	0	0	1030.4	1062.4	1299.2	1020.8	1104	1369.6	1011.2	1507.2
72	1148.8	0	0	0	1315.2	838.4	1814.4	1401.6	976	1382.4	1059.2	1155.2
73	1043.2	0	0	0	908.8	1289.6	1075.2	1504	1177.6	931.2	1104	1180.8
74	1078.4	0	0	0	1024	707.2	1286.4	1331.2	1360	1084.8	1180.8	1235.2
75	1164.8	0	0	0	1075.2	1251.2	1100.8	1692.8	1251.2	912	1385.6	1081.6
76	1190.4	0	0	0	1104	988.8	1027.2	1392	1315.2	1385.6	1014.4	1446.4
77	822.4	0	0	0	1331.2	1017.6	995.2	1331.2	931.2	1344	1203.2	1401.6
78	1363.2	0	0	0	742.4	742.4	1344	1200	1392	1302.4	1001.6	1145.6
79	1382.4	0	0	0	758.4	1273.6	1398.4	1507.2	1702.4	912	928	1280
80	1718.4	0	0	0	1110.4	982.4	1235.2	1113.6	1315.2	1609.6	1411.2	1129.6
81	771.2	0	0	0	1328	716.8	1267.2	1254.4	1251.2	1011.2	1353.6	1286.4
82	1177.6	0	0	0	944	947.2	822.4	758.4	969.6	1382.4	1382.4	1388.8
83	1398.4	0	0	0	1193.6	1001.6	1468.8	1446.4	1443.2	1299.2	1273.6	1363.2
84	2048	0	0	0	1401.6	1040	1363.2	1020.8	1817.6	899.2	1088	1523.2
85	966.4	0	0	0	889.6	870.4	1238.4	1667.2	1440	1513.6	1104	796.8
86	953.6	0	0	0	1152	1449.6	1465.6	659.2	1430.4	1116.8	1360	1465.6
87	1273.6	0	0	0	1049.6	841.6	595.2	1337.6	1392	1276.8	1139.2	1168
88	1174.4	0	0	0	1072	1283.2	1260.8	1283.2	1404.8	1235.2	1136	1264
89	1158.4	0	0	0	1225.6	876.8	1238.4	1296	1152	1606.4	1068.8	937.6
90	1136	0	0	0	1072	726.4	1180.8	1315.2	1344	950.4	1187.2	1459.2
(1,0)	(2,5724)	(3,6459)	(4,1557)	
(1,0)	(2,1630)	(3,0)	(4,0)	
(1,0)	(2,2011)	(3,0)	(4,0)	
(1,0)	(2,2176)	(3,0)	(4,0)	
(1,0)	(2,1826)	(3,0)	(4,0)	
(1,0)	(2,0)	(3,0)	(4,0)	
(1,0)	(2,0)	(3,0)	(4,0)	
(1,0)	(2,0)	(3,0)	(4,0)	
(1,0)	(2,0)	(3,0)	(4,0)	
(1,0)	(2,0)	(3,0)	(4,0)	
(1,0)	(2,0)	(3,0)	(4,0)	
(1,0)	(2,0)	(3,0)	(4,0)	
(1,0)	(2,0)	(3,0)	(4,0)	
avg	1213.01	0	0	0	1138.35	1004.8	1259.52	1278.51	1305.92	1216.64	1189.23	1235.73
delay	499.621	0.0657895	0.0535714	0.0595238	520.018	542.461	531.203	528.277	522.58	514.738	519.476	522.539
loss	0.3	0	0	0	0.162486	0.271207	0.132948	0.146205	0.11804	0.301513	0.295238	0.139401
Command ['/home/ubuntu/ns-3.30-obss/build/scratch/simple-ofdma-adhoc6', '--ofdmaEnabled=true', '--startTime=60', '--totalTime=90', '--packetSize=4e3', '--dataMode=HeMcs6', '--datarate=30e6', '--ratio=0.375', '--RngRun=43', '--locationFile=locationtxt/locationFile42a.txt', '--routingFile=locationtxt/routingFile42.txt', '--appFile=locationtxt/appFile.txt', '--tcp=0', '--randomTime=true', '--qosDisabled=true'] terminated with signal SIGSEGV. Run it under a debugger to get more information (./waf --run <program> --command-template="gdb --args %s <args>").
