Waf: Entering directory `/home/ubuntu/ns-3.30-obss/build'
Waf: Leaving directory `/home/ubuntu/ns-3.30-obss/build'
Build commands will be stored in build/compile_commands.json
'build' finished successfully (0.784s)
--------------------------Rate[Kbps]--------------------------
Time[s]	cl-1	cl-2	cl-3	cl-4	cl-5	cl-6	cl-7	cl-8	cl-9	cl-10	cl-11	cl-12
60	16	13.6	12.8	14.6	15	11.2	10.8	12.4	13.6	15	14.4	12.8
61	1020.8	0	0	0	1264	969.6	921.6	1040	1193.6	1171.2	1033.6	1094.4
62	1129.6	0	0	0	918.4	982.4	1225.6	1203.2	1366.4	1091.2	995.2	1155.2
63	1241.6	0	0	0	918.4	1161.6	1382.4	851.2	969.6	1190.4	1225.6	1209.6
64	1046.4	0	0	0	1008	1244.8	1584	1203.2	1257.6	1312	1248	1030.4
65	1350.4	0	0	0	1145.6	780.8	1084.8	796.8	1379.2	1513.6	1337.6	1164.8
66	1318.4	0	0	0	1049.6	1203.2	1504	953.6	1081.6	1120	1145.6	1232
67	1187.2	0	0	0	1136	1235.2	1049.6	928	1132.8	1145.6	1436.8	1008
68	1142.4	0	0	0	1062.4	1024	1673.6	1177.6	1001.6	873.6	1577.6	1363.2
69	1100.8	0	0	0	1459.2	1139.2	1382.4	1107.2	1043.2	1334.4	1168	953.6
70	966.4	0	0	0	886.4	976	972.8	1152	1542.4	896	896	1212.8
71	1308.8	0	0	0	1481.6	966.4	1059.2	672	704	1168	988.8	1120
72	1161.6	0	0	0	940.8	819.2	1097.6	947.2	1558.4	1107.2	1097.6	1273.6
73	1040	0	0	0	1072	1129.6	1148.8	1299.2	1564.8	1126.4	1027.2	835.2
74	780.8	0	0	0	1017.6	764.8	1260.8	1088	969.6	1289.6	1318.4	1123.2
75	1062.4	0	0	0	1100.8	1113.6	1164.8	1110.4	1334.4	883.2	1107.2	665.6
76	1001.6	0	0	0	1478.4	1120	924.8	1062.4	1216	844.8	1436.8	1504
77	1020.8	0	0	0	1030.4	1334.4	1094.4	787.2	934.4	1283.2	1366.4	854.4
78	1158.4	0	0	0	1219.2	1171.2	1020.8	1004.8	1350.4	969.6	1203.2	1715.2
79	931.2	0	0	0	1100.8	1568	1312	1145.6	985.6	1017.6	969.6	1289.6
80	1104	0	0	0	982.4	1196.8	896	1462.4	1068.8	1520	1296	1219.2
81	630.4	0	0	0	1024	1088	1155.2	1216	1382.4	1443.2	1459.2	844.8
82	905.6	0	0	0	1104	1148.8	1340.8	1036.8	982.4	1420.8	1228.8	1072
83	1088	0	0	0	1088	1196.8	1408	1289.6	1292.8	1104	956.8	1046.4
84	1145.6	0	0	0	1126.4	931.2	1209.6	1161.6	1148.8	1340.8	732.8	902.4
85	1171.2	0	0	0	1024	1008	1116.8	1123.2	1356.8	1100.8	905.6	1244.8
86	908.8	0	0	0	1017.6	1324.8	956.8	1564.8	1289.6	720	1046.4	1347.2
87	1305.6	0	0	0	1145.6	1251.2	1292.8	1126.4	1296	1360	1190.4	1340.8
88	1113.6	0	0	0	1302.4	1139.2	1049.6	976	1001.6	892.8	1254.4	1017.6
89	1043.2	0	0	0	1171.2	1065.6	1180.8	1049.6	1094.4	1273.6	1107.2	870.4
90	1158.4	0	0	0	1481.6	1030.4	1315.2	1267.2	1340.8	1132.8	928	902.4
(1,0)	(2,3516)	(3,1259)	(4,186)	
(1,0)	(2,323)	(3,0)	(4,0)	
(1,0)	(2,374)	(3,0)	(4,0)	
(1,0)	(2,354)	(3,0)	(4,0)	
(1,0)	(2,395)	(3,0)	(4,0)	
(1,0)	(2,0)	(3,0)	(4,0)	
(1,0)	(2,0)	(3,0)	(4,0)	
(1,0)	(2,0)	(3,0)	(4,0)	
(1,0)	(2,0)	(3,0)	(4,0)	
(1,0)	(2,0)	(3,0)	(4,0)	
(1,0)	(2,0)	(3,0)	(4,0)	
(1,0)	(2,0)	(3,0)	(4,0)	
(1,0)	(2,0)	(3,0)	(4,0)	
avg	1084.8	0	0	0	1125.23	1102.83	1192.85	1093.44	1194.67	1154.88	1156.16	1120.43
delay	1.94316	0.0588235	0.046875	0.0547945	5.76061	3.74961	5.89574	5.86319	6.08023	5.89008	4.43144	3.99676
loss	0	0	0	0	0	0	0	0	0	0	0	0
Command ['/home/ubuntu/ns-3.30-obss/build/scratch/simple-ofdma-adhoc6', '--ofdmaEnabled=true', '--startTime=60', '--totalTime=90', '--packetSize=4e3', '--dataMode=HeMcs6', '--datarate=20e6', '--ratio=0.375', '--RngRun=46', '--locationFile=locationtxt/locationFile42a.txt', '--routingFile=locationtxt/routingFile42.txt', '--appFile=locationtxt/appFile.txt', '--tcp=0', '--randomTime=true', '--qosDisabled=true'] terminated with signal SIGSEGV. Run it under a debugger to get more information (./waf --run <program> --command-template="gdb --args %s <args>").
