Waf: Entering directory `/home/ubuntu/ns-3.30-obss/build'
Waf: Leaving directory `/home/ubuntu/ns-3.30-obss/build'
Build commands will be stored in build/compile_commands.json
'build' finished successfully (0.877s)
--------------------------Rate[Kbps]--------------------------
Time[s]	cl-1	cl-2	cl-3	cl-4	cl-5	cl-6	cl-7	cl-8	cl-9	cl-10	cl-11	cl-12
60	18.6	17	12.2	13	13.4	14.4	18.4	14.4	15.4	13.8	17.4	16
61	1244.8	0	0	0	1049.6	1152	1177.6	1078.4	1110.4	1174.4	1353.6	1580.8
62	1097.6	0	0	0	1398.4	1465.6	1161.6	1523.2	1804.8	1532.8	1171.2	1372.8
63	1152	0	0	0	1136	1561.6	1257.6	1139.2	1241.6	1283.2	1340.8	1228.8
64	1392	0	0	0	1360	1251.2	1107.2	950.4	1344	1648	1504	886.4
65	1318.4	0	0	0	1344	1347.2	1369.6	1091.2	1497.6	860.8	1587.2	1558.4
66	1366.4	0	0	0	1542.4	1104	992	1795.2	1276.8	1475.2	1164.8	1596.8
67	1059.2	0	0	0	1382.4	1187.2	1510.4	1536	1424	1657.6	1116.8	1241.6
68	1395.2	0	0	0	1091.2	1468.8	1232	1459.2	1510.4	1273.6	1318.4	1539.2
69	2032	0	0	0	1078.4	1299.2	1062.4	1459.2	1164.8	1433.6	1536	1468.8
70	1238.4	0	0	0	1190.4	1046.4	1100.8	883.2	1497.6	1545.6	1683.2	1235.2
71	1523.2	0	0	0	1206.4	1363.2	1321.6	2182.4	1401.6	1484.8	1088	1225.6
72	1283.2	0	0	0	924.8	1456	1027.2	1219.2	1475.2	1510.4	1676.8	1609.6
73	1472	0	0	0	1715.2	1545.6	1452.8	1516.8	1436.8	1286.4	956.8	1126.4
74	1059.2	0	0	0	1084.8	1555.2	1328	1584	1139.2	1475.2	1468.8	1609.6
75	1286.4	0	0	0	1120	1088	1420.8	1516.8	1446.4	1475.2	1446.4	1308.8
76	1504	0	0	0	1139.2	1740.8	1939.2	1043.2	1296	1302.4	1232	1436.8
77	1232	0	0	0	1264	1379.2	748.8	1500.8	1238.4	1478.4	1446.4	1462.4
78	1552	0	0	0	851.2	1360	966.4	1475.2	1817.6	1382.4	1686.4	1376
79	1296	0	0	0	1449.6	1347.2	1139.2	1446.4	2019.2	892.8	1209.6	1296
80	1353.6	0	0	0	1027.2	1139.2	1273.6	1475.2	720	1545.6	1264	1936
81	1286.4	0	0	0	1132.8	1292.8	1072	1475.2	1750.4	950.4	1609.6	1446.4
82	1360	0	0	0	1680	1529.6	1360	956.8	896	1516.8	1590.4	1081.6
83	1337.6	0	0	0	1049.6	1008	1305.6	1222.4	1280	1552	1392	1206.4
84	1312	0	0	0	1241.6	1184	1545.6	1158.4	1689.6	1683.2	1152	1488
85	1756.8	0	0	0	1606.4	1475.2	1264	1494.4	1315.2	1366.4	1523.2	1046.4
86	1686.4	0	0	0	1542.4	963.2	1244.8	1148.8	1440	1376	1369.6	1494.4
87	1388.8	0	0	0	1740.8	1276.8	1152	1193.6	1321.6	1756.8	1545.6	1318.4
88	1440	0	0	0	1577.6	1462.4	1244.8	1200	1350.4	1155.2	1558.4	1340.8
89	1337.6	0	0	0	1398.4	1648	1657.6	1401.6	1318.4	1356.8	1331.2	1302.4
90	1465.6	0	0	0	1145.6	1772.8	1116.8	1350.4	1449.6	1392	1440	1308.8
(1,0)	(2,5790)	(3,5493)	(4,1243)	
(1,0)	(2,1254)	(3,0)	(4,0)	
(1,0)	(2,1379)	(3,0)	(4,0)	
(1,0)	(2,1556)	(3,0)	(4,0)	
(1,0)	(2,1522)	(3,0)	(4,0)	
(1,0)	(2,0)	(3,0)	(4,0)	
(1,0)	(2,0)	(3,0)	(4,0)	
(1,0)	(2,0)	(3,0)	(4,0)	
(1,0)	(2,0)	(3,0)	(4,0)	
(1,0)	(2,0)	(3,0)	(4,0)	
(1,0)	(2,0)	(3,0)	(4,0)	
(1,0)	(2,0)	(3,0)	(4,0)	
(1,0)	(2,0)	(3,0)	(4,0)	
avg	1374.29	0	0	0	1282.35	1349.01	1251.73	1349.23	1389.12	1394.13	1392.11	1370.99
delay	80.0634	0.0588235	0.0491803	0.0461538	84.3943	83.3615	97.8262	100.007	86.0125	89.782	80.2394	82.8407
loss	0	0	0	0	0	0	0.00147059	0.00134048	0	0	0	0.00273973
Command ['/home/ubuntu/ns-3.30-obss/build/scratch/simple-ofdma-adhoc6', '--ofdmaEnabled=true', '--startTime=60', '--totalTime=90', '--packetSize=4e3', '--dataMode=HeMcs6', '--datarate=25e6', '--ratio=0.375', '--RngRun=32', '--locationFile=locationtxt/locationFile42a.txt', '--routingFile=locationtxt/routingFile42.txt', '--appFile=locationtxt/appFile.txt', '--tcp=0', '--randomTime=true', '--qosDisabled=true'] terminated with signal SIGSEGV. Run it under a debugger to get more information (./waf --run <program> --command-template="gdb --args %s <args>").
