Waf: Entering directory `/home/ubuntu/ns-3.30-obss/build'
Waf: Leaving directory `/home/ubuntu/ns-3.30-obss/build'
Build commands will be stored in build/compile_commands.json
'build' finished successfully (0.798s)
--------------------------Rate[Kbps]--------------------------
Time[s]	cl-1	cl-2	cl-3	cl-4	cl-5	cl-6	cl-7	cl-8	cl-9	cl-10	cl-11	cl-12
60	18.6	17	12.2	13	13.4	14.4	18.4	14.4	15.4	13.8	17.4	16
61	1385.6	0	0	0	1068.8	1270.4	1324.8	1177.6	1254.4	1248	1107.2	1340.8
62	1036.8	0	0	0	1481.6	1388.8	1017.6	1408	1536	1344	1376	1638.4
63	1267.2	0	0	0	1222.4	1609.6	1264	1136	1507.2	1539.2	1286.4	1504
64	1100.8	0	0	0	1440	1254.4	1504	1180.8	915.2	1257.6	1536	995.2
65	1340.8	0	0	0	1142.4	1353.6	854.4	1136	1680	1427.2	1584	1254.4
66	1196.8	0	0	0	1180.8	886.4	1331.2	1318.4	1577.6	1084.8	1174.4	1267.2
67	944	0	0	0	1328	844.8	931.2	1238.4	1318.4	1369.6	985.6	1545.6
68	1161.6	0	0	0	905.6	1340.8	1212.8	1718.4	1120	1494.4	1008	1264
69	1187.2	0	0	0	960	899.2	1216	1385.6	1321.6	1254.4	1145.6	1011.2
70	1449.6	0	0	0	1104	723.2	1353.6	1395.2	1132.8	1331.2	1168	1094.4
71	1030.4	0	0	0	1136	1024	905.6	1596.8	1158.4	1331.2	1312	1251.2
72	1078.4	0	0	0	1129.6	1068.8	918.4	1049.6	1273.6	1507.2	1328	1222.4
73	1043.2	0	0	0	1158.4	1308.8	1590.4	1001.6	1344	1158.4	1136	1350.4
74	1216	0	0	0	1296	1084.8	1008	1379.2	1334.4	1555.2	700.8	1536
75	1033.6	0	0	0	672	1011.2	1398.4	1452.8	1200	956.8	1641.6	1398.4
76	1241.6	0	0	0	1180.8	1126.4	1286.4	1273.6	1171.2	1504	1168	972.8
77	1244.8	0	0	0	1033.6	1164.8	1539.2	1267.2	1078.4	985.6	998.4	1395.2
78	1206.4	0	0	0	928	1046.4	761.6	1248	1686.4	1200	1894.4	1267.2
79	1235.2	0	0	0	1110.4	1574.4	899.2	1507.2	2035.2	1164.8	1113.6	1369.6
80	1200	0	0	0	976	1036.8	1273.6	1363.2	1235.2	1376	1190.4	1699.2
81	1241.6	0	0	0	1129.6	1011.2	633.6	1321.6	1078.4	1104	1209.6	1622.4
82	1264	0	0	0	1334.4	832	1481.6	1308.8	1020.8	1155.2	1555.2	1062.4
83	1456	0	0	0	1308.8	1363.2	1132.8	1024	1219.2	1852.8	1148.8	1328
84	988.8	0	0	0	1113.6	748.8	1385.6	892.8	1350.4	1180.8	1033.6	1094.4
85	1171.2	0	0	0	1225.6	732.8	1129.6	1321.6	1094.4	1222.4	1164.8	1116.8
86	1158.4	0	0	0	1222.4	848	1193.6	1321.6	1148.8	1107.2	1308.8	1168
87	1539.2	0	0	0	1308.8	1110.4	1081.6	1052.8	1459.2	1488	1052.8	1318.4
88	1235.2	0	0	0	1398.4	1020.8	1123.2	1068.8	1459.2	1318.4	1468.8	1366.4
89	1276.8	0	0	0	1225.6	1337.6	1596.8	1251.2	1014.4	1100.8	1100.8	1324.8
90	1388.8	0	0	0	1257.6	1200	1123.2	1222.4	1401.6	1356.8	1270.4	1177.6
(1,0)	(2,5647)	(3,6416)	(4,1643)	
(1,0)	(2,1599)	(3,0)	(4,0)	
(1,0)	(2,1829)	(3,0)	(4,0)	
(1,0)	(2,1926)	(3,0)	(4,0)	
(1,0)	(2,2085)	(3,0)	(4,0)	
(1,0)	(2,0)	(3,0)	(4,0)	
(1,0)	(2,0)	(3,0)	(4,0)	
(1,0)	(2,0)	(3,0)	(4,0)	
(1,0)	(2,0)	(3,0)	(4,0)	
(1,0)	(2,0)	(3,0)	(4,0)	
(1,0)	(2,0)	(3,0)	(4,0)	
(1,0)	(2,0)	(3,0)	(4,0)	
(1,0)	(2,0)	(3,0)	(4,0)	
avg	1210.67	0	0	0	1165.97	1107.41	1182.4	1267.31	1304.21	1299.2	1238.93	1298.56
delay	490.943	0.0588235	0.0491803	0.0461538	499.485	483.826	520.667	516.837	495.021	505.189	513.699	516.026
loss	0.288969	0	0	0	0.036075	0.04266	0.251638	0.236342	0.0284168	0.244173	0.12067	0.098692
Command ['/home/ubuntu/ns-3.30-obss/build/scratch/simple-ofdma-adhoc6', '--ofdmaEnabled=true', '--startTime=60', '--totalTime=90', '--packetSize=4e3', '--dataMode=HeMcs6', '--datarate=30e6', '--ratio=0.375', '--RngRun=32', '--locationFile=locationtxt/locationFile42a.txt', '--routingFile=locationtxt/routingFile42.txt', '--appFile=locationtxt/appFile.txt', '--tcp=0', '--randomTime=true', '--qosDisabled=true'] terminated with signal SIGSEGV. Run it under a debugger to get more information (./waf --run <program> --command-template="gdb --args %s <args>").
