Waf: Entering directory `/home/ubuntu/ns-3.30-obss/build'
Waf: Leaving directory `/home/ubuntu/ns-3.30-obss/build'
Build commands will be stored in build/compile_commands.json
'build' finished successfully (0.641s)
--------------------------Rate[Kbps]--------------------------
Time[s]	cl-1	cl-2	cl-3	cl-4	cl-5	cl-6	cl-7	cl-8	cl-9	cl-10	cl-11	cl-12
60	14	14	14.4	15.4	13.6	13.4	14.8	13	15.8	12.8	11	15.6
61	1299.2	0	0	0	1273.6	1110.4	1004.8	1580.8	1308.8	1251.2	1126.4	1196.8
62	1276.8	0	0	0	1052.8	956.8	1075.2	1475.2	1369.6	1225.6	1257.6	1084.8
63	1180.8	0	0	0	1107.2	1766.4	1552	1424	1321.6	1248	1184	1372.8
64	1382.4	0	0	0	1360	1580.8	1158.4	1529.6	1232	1427.2	1014.4	1372.8
65	1766.4	0	0	0	1596.8	1382.4	1049.6	1356.8	1446.4	1398.4	1350.4	1267.2
66	1692.8	0	0	0	1475.2	1113.6	1411.2	1504	1232	1216	1459.2	1168
67	1104	0	0	0	1132.8	1536	1689.6	1212.8	1299.2	1692.8	1331.2	1302.4
68	793.6	0	0	0	1344	1315.2	1244.8	1619.2	1200	1507.2	1564.8	1731.2
69	1334.4	0	0	0	1257.6	1401.6	1520	1561.6	1305.6	1164.8	1164.8	1363.2
70	1846.4	0	0	0	1436.8	1529.6	1187.2	1190.4	1497.6	1187.2	1321.6	1286.4
71	1449.6	0	0	0	1097.6	1356.8	1363.2	1296	1427.2	1132.8	1491.2	1459.2
72	1027.2	0	0	0	1465.6	1174.4	1379.2	1376	1625.6	1232	1478.4	1360
73	1363.2	0	0	0	1171.2	1664	1801.6	1219.2	1369.6	1190.4	1648	979.2
74	1318.4	0	0	0	1433.6	1260.8	1187.2	1350.4	1388.8	1305.6	1315.2	1443.2
75	1065.6	0	0	0	944	1548.8	1555.2	1004.8	1257.6	1411.2	1657.6	1248
76	1091.2	0	0	0	1331.2	1216	1139.2	1305.6	1382.4	1356.8	1081.6	1459.2
77	921.6	0	0	0	1228.8	1350.4	1504	1862.4	1372.8	1107.2	1100.8	1356.8
78	995.2	0	0	0	1206.4	1542.4	1094.4	1228.8	1312	1353.6	1235.2	1574.4
79	1827.2	0	0	0	1481.6	1830.4	1449.6	1411.2	1340.8	1408	1254.4	1084.8
80	1433.6	0	0	0	1510.4	1196.8	1424	1484.8	1360	1449.6	1398.4	1075.2
81	1203.2	0	0	0	1308.8	1072	1491.2	1622.4	1612.8	1251.2	1206.4	1360
82	1417.6	0	0	0	1430.4	1209.6	1488	1094.4	1648	1216	1267.2	1321.6
83	1648	0	0	0	1449.6	940.8	1513.6	1411.2	1670.4	1254.4	1424	1564.8
84	1340.8	0	0	0	1590.4	1219.2	1228.8	1049.6	1276.8	1561.6	1347.2	1667.2
85	944	0	0	0	1590.4	1164.8	1526.4	1174.4	1417.6	1846.4	1427.2	988.8
86	1635.2	0	0	0	1446.4	1625.6	1494.4	1734.4	1235.2	1347.2	1548.8	944
87	1312	0	0	0	1356.8	1392	1321.6	1475.2	1414.4	1452.8	1264	1404.8
88	1488	0	0	0	1296	1363.2	1609.6	1148.8	1257.6	1616	1104	1312
89	1129.6	0	0	0	1254.4	1692.8	1283.2	1126.4	1340.8	1660.8	1424	1411.2
90	1286.4	0	0	0	1270.4	1219.2	1488	1056	1433.6	1174.4	1737.6	1417.6
(1,0)	(2,5856)	(3,5937)	(4,1399)	
(1,0)	(2,1634)	(3,0)	(4,0)	
(1,0)	(2,1759)	(3,0)	(4,0)	
(1,0)	(2,1604)	(3,0)	(4,0)	
(1,0)	(2,1492)	(3,0)	(4,0)	
(1,0)	(2,0)	(3,0)	(4,0)	
(1,0)	(2,0)	(3,0)	(4,0)	
(1,0)	(2,0)	(3,0)	(4,0)	
(1,0)	(2,0)	(3,0)	(4,0)	
(1,0)	(2,0)	(3,0)	(4,0)	
(1,0)	(2,0)	(3,0)	(4,0)	
(1,0)	(2,0)	(3,0)	(4,0)	
(1,0)	(2,0)	(3,0)	(4,0)	
avg	1319.15	0	0	0	1330.03	1357.76	1374.51	1362.88	1378.56	1354.88	1339.52	1319.25
delay	306.534	0.0571429	0.180556	0.0519481	330.79	334.642	338.258	322.529	339.682	340.867	333.706	337.727
loss	0.00628931	0	0	0	0.0106572	0.0224274	0.00611621	0.0210657	0.00825083	0.0201072	0.0125628	0.0209424
Command ['/home/ubuntu/ns-3.30-obss/build/scratch/simple-ofdma-adhoc6', '--ofdmaEnabled=true', '--startTime=60', '--totalTime=90', '--packetSize=4e3', '--dataMode=HeMcs6', '--datarate=25e6', '--ratio=0.375', '--RngRun=39', '--locationFile=locationtxt/locationFile42a.txt', '--routingFile=locationtxt/routingFile42.txt', '--appFile=locationtxt/appFile.txt', '--tcp=0', '--randomTime=true', '--qosDisabled=true'] terminated with signal SIGSEGV. Run it under a debugger to get more information (./waf --run <program> --command-template="gdb --args %s <args>").
