Waf: Entering directory `/home/ubuntu/ns-3.30-obss/build'
Waf: Leaving directory `/home/ubuntu/ns-3.30-obss/build'
Build commands will be stored in build/compile_commands.json
'build' finished successfully (0.827s)
--------------------------Rate[Kbps]--------------------------
Time[s]	cl-1	cl-2	cl-3	cl-4	cl-5	cl-6	cl-7	cl-8	cl-9	cl-10	cl-11	cl-12
60	13.2	17	15.2	11.8	16.6	15.2	14.4	17.2	15.2	14.4	17.6	14
61	1065.6	0	0	0	982.4	1001.6	668.8	998.4	1238.4	1008	1139.2	883.2
62	1136	0	0	0	1056	1148.8	1024	912	1302.4	1200	953.6	1097.6
63	921.6	0	0	0	912	1398.4	1276.8	1276.8	1168	1411.2	1040	1027.2
64	1241.6	0	0	0	1196.8	1440	1190.4	1062.4	1404.8	790.4	1094.4	1216
65	1244.8	0	0	0	1273.6	1360	1219.2	1385.6	1158.4	1235.2	857.6	1312
66	937.6	0	0	0	838.4	1267.2	1027.2	1110.4	758.4	1376	1417.6	1280
67	1027.2	0	0	0	1110.4	1177.6	892.8	777.6	1033.6	803.2	1097.6	1040
68	1104	0	0	0	1206.4	1155.2	1289.6	1216	1308.8	1168	1532.8	934.4
69	1219.2	0	0	0	1353.6	822.4	1030.4	793.6	1257.6	1475.2	1475.2	1331.2
70	1401.6	0	0	0	1129.6	1376	812.8	1219.2	1040	867.2	886.4	982.4
71	1254.4	0	0	0	796.8	1318.4	1308.8	1142.4	998.4	1113.6	1161.6	1180.8
72	1113.6	0	0	0	1257.6	1308.8	838.4	1196.8	1372.8	1136	1155.2	1142.4
73	979.2	0	0	0	1401.6	1264	1078.4	784	1011.2	1011.2	825.6	1228.8
74	1104	0	0	0	1020.8	1235.2	1299.2	1331.2	1276.8	1344	1171.2	1126.4
75	1190.4	0	0	0	1542.4	1104	1193.6	739.2	1190.4	963.2	1116.8	1177.6
76	1110.4	0	0	0	1408	1558.4	873.6	972.8	851.2	752	1040	860.8
77	1296	0	0	0	1046.4	1379.2	828.8	995.2	1219.2	864	793.6	1257.6
78	944	0	0	0	1072	1123.2	940.8	1456	1027.2	950.4	1248	1075.2
79	1001.6	0	0	0	915.2	720	931.2	828.8	966.4	1209.6	864	940.8
80	790.4	0	0	0	1084.8	1180.8	1193.6	998.4	1315.2	1084.8	1027.2	1139.2
81	1027.2	0	0	0	1392	1388.8	1203.2	1036.8	912	1222.4	668.8	1203.2
82	1072	0	0	0	1049.6	1251.2	995.2	1238.4	1350.4	809.6	1123.2	1068.8
83	1168	0	0	0	1286.4	1267.2	857.6	953.6	1164.8	1369.6	889.6	1139.2
84	1123.2	0	0	0	956.8	1222.4	1219.2	1273.6	1190.4	816	1296	1337.6
85	963.2	0	0	0	1209.6	1248	1152	1164.8	912	1267.2	1168	1011.2
86	1187.2	0	0	0	1190.4	1091.2	1225.6	1129.6	1001.6	1219.2	1504	1123.2
87	1369.6	0	0	0	809.6	960	1139.2	1276.8	950.4	1148.8	838.4	912
88	1321.6	0	0	0	1068.8	1222.4	812.8	1126.4	1244.8	1206.4	825.6	1084.8
89	1260.8	0	0	0	1088	1033.6	905.6	1267.2	1244.8	1107.2	1286.4	1260.8
90	1305.6	0	0	0	1190.4	1075.2	1196.8	800	1360	1094.4	1651.2	1344
(1,0)	(2,3476)	(3,1225)	(4,199)	
(1,0)	(2,299)	(3,0)	(4,0)	
(1,0)	(2,337)	(3,0)	(4,0)	
(1,0)	(2,358)	(3,0)	(4,0)	
(1,0)	(2,338)	(3,0)	(4,0)	
(1,0)	(2,0)	(3,0)	(4,0)	
(1,0)	(2,0)	(3,0)	(4,0)	
(1,0)	(2,0)	(3,0)	(4,0)	
(1,0)	(2,0)	(3,0)	(4,0)	
(1,0)	(2,0)	(3,0)	(4,0)	
(1,0)	(2,0)	(3,0)	(4,0)	
(1,0)	(2,0)	(3,0)	(4,0)	
(1,0)	(2,0)	(3,0)	(4,0)	
avg	1129.39	0	0	0	1128.21	1203.31	1054.19	1082.13	1141.01	1100.8	1104.96	1123.95
delay	2.31725	0.0588235	0.0526316	0.0508475	5.62911	3.31081	7.17597	3.71346	4.14493	3.72607	4.19467	4.57571
loss	0	0	0	0	0	0	0	0	0	0	0	0.00166113
Command ['/home/ubuntu/ns-3.30-obss/build/scratch/simple-ofdma-adhoc6', '--ofdmaEnabled=true', '--startTime=60', '--totalTime=90', '--packetSize=4e3', '--dataMode=HeMcs6', '--datarate=20e6', '--ratio=0.375', '--RngRun=7', '--locationFile=locationtxt/locationFile42a.txt', '--routingFile=locationtxt/routingFile42.txt', '--appFile=locationtxt/appFile.txt', '--tcp=0', '--randomTime=true', '--qosDisabled=true'] terminated with signal SIGSEGV. Run it under a debugger to get more information (./waf --run <program> --command-template="gdb --args %s <args>").
