Waf: Entering directory `/home/ubuntu/ns-3.30-obss/build'
Waf: Leaving directory `/home/ubuntu/ns-3.30-obss/build'
Build commands will be stored in build/compile_commands.json
'build' finished successfully (0.774s)
--------------------------Rate[Kbps]--------------------------
Time[s]	cl-1	cl-2	cl-3	cl-4	cl-5	cl-6	cl-7	cl-8	cl-9	cl-10	cl-11	cl-12
60	13	14.6	17.4	14	14.2	12.6	15	15	14.4	13.4	11.4	15
61	521.6	0	1424	0	748.8	0	505.6	454.4	780.8	0	742.4	899.2
62	953.6	0	617.6	0	508.8	0	892.8	745.6	1321.6	0	656	947.2
63	940.8	0	668.8	0	1033.6	0	819.2	569.6	774.4	0	825.6	486.4
64	585.6	0	796.8	0	678.4	0	1017.6	1097.6	758.4	0	825.6	726.4
65	633.6	0	752	0	1100.8	0	454.4	374.4	844.8	0	774.4	716.8
66	563.2	0	768	0	880	0	758.4	547.2	937.6	0	560	972.8
67	1148.8	0	1164.8	0	544	0	742.4	659.2	1040	0	995.2	502.4
68	921.6	0	678.4	0	899.2	0	758.4	928	726.4	0	505.6	537.6
69	707.2	0	620.8	0	544	0	790.4	819.2	1004.8	0	764.8	755.2
70	1062.4	0	816	0	633.6	0	841.6	819.2	537.6	0	467.2	563.2
71	480	0	784	0	553.6	0	700.8	908.8	1097.6	0	771.2	710.4
72	1200	0	1209.6	0	793.6	0	412.8	342.4	860.8	0	803.2	556.8
73	668.8	0	918.4	0	723.2	0	1123.2	822.4	777.6	0	704	937.6
74	896	0	819.2	0	780.8	0	784	332.8	617.6	0	672	806.4
75	848	0	1062.4	0	579.2	0	1267.2	848	707.2	0	819.2	384
76	979.2	0	550.4	0	1065.6	0	729.6	592	672	0	844.8	1235.2
77	764.8	0	768	0	659.2	0	1155.2	585.6	614.4	0	627.2	739.2
78	726.4	0	684.8	0	716.8	0	624	832	883.2	0	566.4	585.6
79	720	0	598.4	0	707.2	0	665.6	729.6	771.2	0	950.4	870.4
80	787.2	0	1232	0	524.8	0	995.2	707.2	905.6	0	796.8	483.2
81	841.6	0	681.6	0	480	0	617.6	566.4	723.2	0	848	848
82	752	0	739.2	0	569.6	0	784	1036.8	1068.8	0	601.6	928
83	742.4	0	931.2	0	880	0	595.2	473.6	694.4	0	732.8	764.8
84	921.6	0	713.6	0	649.6	0	1254.4	979.2	784	0	569.6	297.6
85	988.8	0	694.4	0	582.4	0	572.8	800	883.2	0	1030.4	633.6
86	1072	0	729.6	0	912	0	1270.4	902.4	524.8	0	572.8	544
87	723.2	0	854.4	0	956.8	0	268.8	595.2	1193.6	0	483.2	556.8
88	576	0	656	0	1091.2	0	624	697.6	822.4	0	668.8	489.6
89	857.6	0	646.4	0	636.8	0	787.2	598.4	611.2	0	979.2	857.6
90	736	0	502.4	0	790.4	0	822.4	460.8	569.6	0	572.8	262.4
(1,0)	(2,3322)	(3,4145)	(4,1381)	
(1,0)	(2,0)	(3,0)	(4,0)	
(1,0)	(2,2530)	(3,0)	(4,0)	
(1,0)	(2,0)	(3,0)	(4,0)	
(1,0)	(2,2284)	(3,0)	(4,0)	
(1,0)	(2,0)	(3,0)	(4,0)	
(1,0)	(2,0)	(3,0)	(4,0)	
(1,0)	(2,0)	(3,0)	(4,0)	
(1,0)	(2,0)	(3,0)	(4,0)	
(1,0)	(2,0)	(3,0)	(4,0)	
(1,0)	(2,0)	(3,0)	(4,0)	
(1,0)	(2,0)	(3,0)	(4,0)	
(1,0)	(2,0)	(3,0)	(4,0)	
avg	810.667	0	802.773	0	740.8	0	787.84	694.187	816.96	0	724.373	686.613
delay	484.258	0.109589	454.155	0.0714286	535.136	0.428571	677.087	677.717	558.162	0.447761	663.592	664.893
loss	0.144695	0	0.349823	0	0.153696	0	0.15087	0.181208	0.165468	0	0.188563	0.176759
Command ['/home/ubuntu/ns-3.30-obss/build/scratch/simple-ofdma-adhoc6', '--ofdmaEnabled=true', '--startTime=60', '--totalTime=90', '--packetSize=4e3', '--dataMode=HeMcs3', '--datarate=20e6', '--ratio=0.375', '--RngRun=13', '--locationFile=locationtxt/locationFile42e2.txt', '--routingFile=locationtxt/routingFile42.txt', '--appFile=locationtxt/appFile.txt', '--tcp=0', '--randomTime=true', '--qosDisabled=true'] terminated with signal SIGSEGV. Run it under a debugger to get more information (./waf --run <program> --command-template="gdb --args %s <args>").
