Waf: Entering directory `/home/ubuntu/ns-3.30-obss/build'
Waf: Leaving directory `/home/ubuntu/ns-3.30-obss/build'
Build commands will be stored in build/compile_commands.json
'build' finished successfully (0.787s)
--------------------------Rate[Kbps]--------------------------
Time[s]	cl-1	cl-2	cl-3	cl-4	cl-5	cl-6	cl-7	cl-8	cl-9	cl-10	cl-11	cl-12
60	11.8	11.8	14.8	14.2	14.4	14.6	16	13.4	15	15.2	10.8	14.8
61	902.4	0	1033.6	0	585.6	0	889.6	739.2	854.4	0	883.2	937.6
62	809.6	0	691.2	0	1017.6	0	832	678.4	1145.6	0	806.4	892.8
63	1049.6	0	854.4	0	1011.2	0	678.4	1526.4	576	0	691.2	748.8
64	944	0	896	0	950.4	0	803.2	512	1315.2	0	1088	832
65	1004.8	0	886.4	0	659.2	0	492.8	816	787.2	0	771.2	1123.2
66	934.4	0	937.6	0	1008	0	1065.6	1004.8	905.6	0	422.4	435.2
67	688	0	956.8	0	908.8	0	928	886.4	752	0	684.8	1366.4
68	777.6	0	1235.2	0	947.2	0	918.4	969.6	633.6	0	742.4	643.2
69	822.4	0	870.4	0	1225.6	0	944	1052.8	947.2	0	796.8	547.2
70	1139.2	0	848	0	697.6	0	812.8	1107.2	969.6	0	1164.8	902.4
71	1161.6	0	915.2	0	902.4	0	864	1136	915.2	0	864	867.2
72	1052.8	0	966.4	0	816	0	841.6	972.8	950.4	0	732.8	793.6
73	892.8	0	528	0	992	0	780.8	905.6	886.4	0	822.4	838.4
74	1011.2	0	832	0	950.4	0	662.4	662.4	972.8	0	726.4	700.8
75	608	0	892.8	0	739.2	0	998.4	812.8	608	0	1344	832
76	1132.8	0	1209.6	0	851.2	0	704	691.2	1110.4	0	876.8	995.2
77	992	0	976	0	1056	0	508.8	508.8	944	0	819.2	758.4
78	707.2	0	723.2	0	704	0	1088	1129.6	1139.2	0	748.8	697.6
79	972.8	0	790.4	0	835.2	0	937.6	873.6	851.2	0	892.8	886.4
80	1030.4	0	870.4	0	1180.8	0	598.4	595.2	809.6	0	1145.6	681.6
81	995.2	0	710.4	0	726.4	0	934.4	755.2	1014.4	0	876.8	537.6
82	524.8	0	896	0	777.6	0	1059.2	963.2	720	0	1078.4	921.6
83	944	0	822.4	0	1046.4	0	716.8	636.8	1571.2	0	652.8	710.4
84	892.8	0	905.6	0	889.6	0	646.4	569.6	915.2	0	838.4	960
85	963.2	0	793.6	0	812.8	0	966.4	857.6	576	0	1043.2	1017.6
86	784	0	1190.4	0	870.4	0	896	761.6	822.4	0	995.2	1059.2
87	1049.6	0	931.2	0	1062.4	0	1043.2	960	524.8	0	995.2	886.4
88	1062.4	0	1043.2	0	832	0	732.8	950.4	867.2	0	1113.6	816
89	972.8	0	688	0	899.2	0	953.6	1196.8	844.8	0	742.4	713.6
90	851.2	0	732.8	0	924.8	0	713.6	924.8	742.4	0	1129.6	979.2
(1,0)	(2,3339)	(3,4099)	(4,1283)	
(1,0)	(2,0)	(3,0)	(4,0)	
(1,0)	(2,2227)	(3,0)	(4,0)	
(1,0)	(2,0)	(3,0)	(4,0)	
(1,0)	(2,2347)	(3,0)	(4,0)	
(1,0)	(2,0)	(3,0)	(4,0)	
(1,0)	(2,0)	(3,0)	(4,0)	
(1,0)	(2,0)	(3,0)	(4,0)	
(1,0)	(2,0)	(3,0)	(4,0)	
(1,0)	(2,0)	(3,0)	(4,0)	
(1,0)	(2,0)	(3,0)	(4,0)	
(1,0)	(2,0)	(3,0)	(4,0)	
(1,0)	(2,0)	(3,0)	(4,0)	
avg	922.453	0	887.573	0	896	0	833.707	871.893	889.067	0	882.987	836.053
delay	352.352	0.0677966	351.437	0.0704225	419.281	0.465753	491.33	495.614	413.127	0.381579	479.54	488.095
loss	0.00544465	0	0.0155642	0	0.019685	0	0.0289575	0.0382883	0.0323232	0	0.0651163	0.0669291
Command ['/home/ubuntu/ns-3.30-obss/build/scratch/simple-ofdma-adhoc6', '--ofdmaEnabled=true', '--startTime=60', '--totalTime=90', '--packetSize=4e3', '--dataMode=HeMcs3', '--datarate=15e6', '--ratio=0.375', '--RngRun=45', '--locationFile=locationtxt/locationFile42e2.txt', '--routingFile=locationtxt/routingFile42.txt', '--appFile=locationtxt/appFile.txt', '--tcp=0', '--randomTime=true', '--qosDisabled=true'] terminated with signal SIGSEGV. Run it under a debugger to get more information (./waf --run <program> --command-template="gdb --args %s <args>").
