Waf: Entering directory `/home/ubuntu/ns-3.30-obss/build'
Waf: Leaving directory `/home/ubuntu/ns-3.30-obss/build'
Build commands will be stored in build/compile_commands.json
'build' finished successfully (0.870s)
--------------------------Rate[Kbps]--------------------------
Time[s]	cl-1	cl-2	cl-3	cl-4	cl-5	cl-6	cl-7	cl-8	cl-9	cl-10	cl-11	cl-12
60	12.8	15.4	12.8	13	15.8	12.6	12.4	15	14.4	16	12.6	18.4
61	1142.4	0	681.6	0	889.6	0	697.6	1116.8	617.6	0	265.6	249.6
62	1056	0	796.8	0	768	0	912	630.4	944	0	1030.4	1123.2
63	854.4	0	777.6	0	918.4	0	892.8	1219.2	636.8	0	704	819.2
64	476.8	0	732.8	0	393.6	0	1068.8	790.4	611.2	0	892.8	1174.4
65	870.4	0	544	0	556.8	0	835.2	851.2	822.4	0	822.4	787.2
66	544	0	1110.4	0	748.8	0	467.2	675.2	748.8	0	803.2	585.6
67	627.2	0	886.4	0	662.4	0	726.4	649.6	768	0	896	467.2
68	995.2	0	947.2	0	656	0	454.4	294.4	630.4	0	809.6	960
69	502.4	0	848	0	755.2	0	934.4	976	1065.6	0	572.8	880
70	835.2	0	892.8	0	982.4	0	336	425.6	694.4	0	560	726.4
71	732.8	0	774.4	0	681.6	0	592	483.2	838.4	0	1209.6	547.2
72	1072	0	636.8	0	806.4	0	486.4	588.8	1020.8	0	630.4	332.8
73	505.6	0	697.6	0	729.6	0	592	1059.2	544	0	1158.4	889.6
74	425.6	0	726.4	0	880	0	672	688	563.2	0	656	790.4
75	528	0	620.8	0	518.4	0	835.2	668.8	960	0	812.8	870.4
76	662.4	0	924.8	0	1139.2	0	771.2	560	732.8	0	819.2	665.6
77	544	0	752	0	1014.4	0	1081.6	780.8	595.2	0	684.8	531.2
78	956.8	0	876.8	0	681.6	0	473.6	444.8	1004.8	0	844.8	550.4
79	592	0	742.4	0	438.4	0	1008	1129.6	553.6	0	688	697.6
80	780.8	0	928	0	969.6	0	585.6	598.4	633.6	0	489.6	451.2
81	1148.8	0	816	0	310.4	0	796.8	819.2	844.8	0	825.6	835.2
82	464	0	851.2	0	608	0	576	793.6	832	0	870.4	864
83	720	0	707.2	0	1056	0	633.6	560	505.6	0	960	950.4
84	1104	0	812.8	0	531.2	0	742.4	816	886.4	0	736	697.6
85	947.2	0	912	0	931.2	0	563.2	288	531.2	0	732.8	976
86	902.4	0	652.8	0	499.2	0	1126.4	832	873.6	0	806.4	1068.8
87	979.2	0	755.2	0	742.4	0	678.4	521.6	560	0	758.4	636.8
88	595.2	0	560	0	771.2	0	611.2	716.8	780.8	0	611.2	643.2
89	729.6	0	793.6	0	809.6	0	540.8	1072	742.4	0	649.6	441.6
90	838.4	0	912	0	886.4	0	492.8	563.2	451.2	0	640	780.8
(1,0)	(2,3295)	(3,4146)	(4,1376)	
(1,0)	(2,0)	(3,0)	(4,0)	
(1,0)	(2,2302)	(3,0)	(4,0)	
(1,0)	(2,0)	(3,0)	(4,0)	
(1,0)	(2,2490)	(3,0)	(4,0)	
(1,0)	(2,0)	(3,0)	(4,0)	
(1,0)	(2,0)	(3,0)	(4,0)	
(1,0)	(2,0)	(3,0)	(4,0)	
(1,0)	(2,0)	(3,0)	(4,0)	
(1,0)	(2,0)	(3,0)	(4,0)	
(1,0)	(2,0)	(3,0)	(4,0)	
(1,0)	(2,0)	(3,0)	(4,0)	
(1,0)	(2,0)	(3,0)	(4,0)	
avg	771.093	0	789.013	0	744.533	0	706.133	720.427	733.12	0	764.693	733.12
delay	473.312	0.0649351	471.394	0.2	577.301	0.412698	665.977	641.548	555.62	0.425	661.317	662.863
loss	0.159126	0	0.347909	0	0.133005	0	0.214642	0.41652	0.40273	0	0.157556	0.170886
Command ['/home/ubuntu/ns-3.30-obss/build/scratch/simple-ofdma-adhoc6', '--ofdmaEnabled=true', '--startTime=60', '--totalTime=90', '--packetSize=4e3', '--dataMode=HeMcs3', '--datarate=20e6', '--ratio=0.375', '--RngRun=40', '--locationFile=locationtxt/locationFile42e2.txt', '--routingFile=locationtxt/routingFile42.txt', '--appFile=locationtxt/appFile.txt', '--tcp=0', '--randomTime=true', '--qosDisabled=true'] terminated with signal SIGSEGV. Run it under a debugger to get more information (./waf --run <program> --command-template="gdb --args %s <args>").
