Waf: Entering directory `/home/ubuntu/ns-3.30-obss/build'
Waf: Leaving directory `/home/ubuntu/ns-3.30-obss/build'
Build commands will be stored in build/compile_commands.json
'build' finished successfully (0.910s)
--------------------------Rate[Kbps]--------------------------
Time[s]	cl-1	cl-2	cl-3	cl-4	cl-5	cl-6	cl-7	cl-8	cl-9	cl-10	cl-11	cl-12
60	17	13	15.6	12.2	14.6	12.8	15.4	16.2	14	14	15.6	12.2
61	710.4	0	774.4	0	748.8	0	956.8	624	1030.4	0	998.4	809.6
62	803.2	0	1027.2	0	800	0	988.8	944	931.2	0	620.8	438.4
63	739.2	0	553.6	0	867.2	0	758.4	1008	684.8	0	800	720
64	688	0	870.4	0	694.4	0	544	524.8	704	0	867.2	953.6
65	748.8	0	886.4	0	992	0	800	700.8	844.8	0	726.4	537.6
66	732.8	0	640	0	659.2	0	835.2	761.6	969.6	0	732.8	627.2
67	764.8	0	646.4	0	636.8	0	793.6	598.4	825.6	0	771.2	723.2
68	643.2	0	1043.2	0	880	0	812.8	748.8	707.2	0	531.2	873.6
69	620.8	0	937.6	0	736	0	838.4	835.2	540.8	0	720	710.4
70	1075.2	0	1027.2	0	556.8	0	406.4	614.4	800	0	1020.8	832
71	848	0	1094.4	0	1008	0	441.6	585.6	812.8	0	1036.8	1129.6
72	614.4	0	604.8	0	678.4	0	1001.6	1072	944	0	620.8	784
73	1027.2	0	748.8	0	393.6	0	902.4	467.2	800	0	953.6	502.4
74	768	0	1049.6	0	1152	0	1020.8	928	720	0	172.8	355.2
75	985.6	0	790.4	0	812.8	0	566.4	537.6	588.8	0	678.4	857.6
76	672	0	499.2	0	368	0	524.8	483.2	860.8	0	1094.4	918.4
77	678.4	0	1024	0	883.2	0	540.8	678.4	864	0	742.4	729.6
78	867.2	0	940.8	0	956.8	0	1094.4	918.4	601.6	0	278.4	518.4
79	979.2	0	921.6	0	716.8	0	515.2	508.8	828.8	0	598.4	553.6
80	649.6	0	835.2	0	476.8	0	809.6	1276.8	771.2	0	419.2	460.8
81	611.2	0	614.4	0	1206.4	0	656	147.2	857.6	0	748.8	1088
82	688	0	707.2	0	921.6	0	425.6	528	857.6	0	396.8	796.8
83	1260.8	0	883.2	0	665.6	0	172.8	137.6	240	0	1353.6	1379.2
84	521.6	0	892.8	0	624	0	483.2	460.8	972.8	0	790.4	873.6
85	684.8	0	1273.6	0	1052.8	0	307.2	505.6	934.4	0	1193.6	659.2
86	841.6	0	643.2	0	595.2	0	982.4	902.4	675.2	0	665.6	409.6
87	620.8	0	1097.6	0	630.4	0	716.8	774.4	678.4	0	969.6	668.8
88	841.6	0	716.8	0	563.2	0	620.8	1097.6	1052.8	0	598.4	915.2
89	768	0	873.6	0	601.6	0	403.2	652.8	672	0	748.8	598.4
90	707.2	0	505.6	0	739.2	0	883.2	963.2	761.6	0	1238.4	854.4
(1,0)	(2,3320)	(3,4136)	(4,1345)	
(1,0)	(2,0)	(3,0)	(4,0)	
(1,0)	(2,2265)	(3,0)	(4,0)	
(1,0)	(2,0)	(3,0)	(4,0)	
(1,0)	(2,2476)	(3,0)	(4,0)	
(1,0)	(2,0)	(3,0)	(4,0)	
(1,0)	(2,0)	(3,0)	(4,0)	
(1,0)	(2,0)	(3,0)	(4,0)	
(1,0)	(2,0)	(3,0)	(4,0)	
(1,0)	(2,0)	(3,0)	(4,0)	
(1,0)	(2,0)	(3,0)	(4,0)	
(1,0)	(2,0)	(3,0)	(4,0)	
(1,0)	(2,0)	(3,0)	(4,0)	
avg	772.053	0	837.44	0	753.92	0	693.44	699.52	784.427	0	769.6	742.613
delay	482.679	0.0615385	478.707	0.0655738	551.178	0.375	664.35	654.584	554.311	0.357143	691.508	670.291
loss	0.130515	0	0.319468	0	0.385563	0	0.196881	0.220421	0.351724	0	0.193841	0.376554
Command ['/home/ubuntu/ns-3.30-obss/build/scratch/simple-ofdma-adhoc6', '--ofdmaEnabled=true', '--startTime=60', '--totalTime=90', '--packetSize=4e3', '--dataMode=HeMcs3', '--datarate=20e6', '--ratio=0.375', '--RngRun=35', '--locationFile=locationtxt/locationFile42e2.txt', '--routingFile=locationtxt/routingFile42.txt', '--appFile=locationtxt/appFile.txt', '--tcp=0', '--randomTime=true', '--qosDisabled=true'] terminated with signal SIGSEGV. Run it under a debugger to get more information (./waf --run <program> --command-template="gdb --args %s <args>").
