Waf: Entering directory `/home/ubuntu/ns-3.30-obss/build'
Waf: Leaving directory `/home/ubuntu/ns-3.30-obss/build'
Build commands will be stored in build/compile_commands.json
'build' finished successfully (0.701s)
--------------------------Rate[Kbps]--------------------------
Time[s]	cl-1	cl-2	cl-3	cl-4	cl-5	cl-6	cl-7	cl-8	cl-9	cl-10	cl-11	cl-12
60	15.6	12.8	14.8	13	14	14	14.2	16.4	14.6	18.4	12.6	15.6
61	1238.4	0	800	0	649.6	0	896	720	1014.4	0	700.8	812.8
62	796.8	0	630.4	0	534.4	0	755.2	515.2	713.6	0	681.6	486.4
63	950.4	0	726.4	0	537.6	0	288	396.8	998.4	0	275.2	428.8
64	486.4	0	563.2	0	595.2	0	700.8	867.2	633.6	0	499.2	608
65	572.8	0	624	0	617.6	0	598.4	380.8	624	0	572.8	460.8
66	608	0	777.6	0	707.2	0	515.2	617.6	560	0	467.2	384
67	588.8	0	563.2	0	748.8	0	585.6	707.2	774.4	0	518.4	563.2
68	620.8	0	617.6	0	640	0	316.8	614.4	624	0	828.8	739.2
69	646.4	0	601.6	0	668.8	0	841.6	841.6	758.4	0	451.2	515.2
70	435.2	0	582.4	0	697.6	0	771.2	604.8	620.8	0	780.8	665.6
71	563.2	0	771.2	0	544	0	480	422.4	582.4	0	604.8	688
72	422.4	0	416	0	566.4	0	486.4	531.2	518.4	0	694.4	585.6
73	492.8	0	832	0	582.4	0	1107.2	768	425.6	0	608	416
74	588.8	0	851.2	0	870.4	0	748.8	416	704	0	563.2	396.8
75	707.2	0	774.4	0	806.4	0	659.2	640	502.4	0	192	240
76	518.4	0	700.8	0	803.2	0	524.8	592	758.4	0	652.8	656
77	796.8	0	560	0	572.8	0	476.8	310.4	611.2	0	777.6	694.4
78	784	0	534.4	0	588.8	0	1062.4	681.6	672	0	553.6	675.2
79	569.6	0	796.8	0	758.4	0	508.8	518.4	406.4	0	393.6	732.8
80	601.6	0	633.6	0	806.4	0	832	812.8	755.2	0	364.8	563.2
81	681.6	0	764.8	0	748.8	0	438.4	812.8	425.6	0	384	592
82	752	0	499.2	0	713.6	0	732.8	652.8	675.2	0	588.8	694.4
83	889.6	0	976	0	777.6	0	851.2	710.4	627.2	0	163.2	214.4
84	508.8	0	617.6	0	761.6	0	566.4	486.4	745.6	0	553.6	748.8
85	704	0	624	0	700.8	0	368	390.4	672	0	780.8	668.8
86	825.6	0	694.4	0	480	0	576	448	761.6	0	460.8	614.4
87	563.2	0	473.6	0	572.8	0	668.8	764.8	787.2	0	742.4	627.2
88	924.8	0	803.2	0	579.2	0	732.8	684.8	608	0	464	713.6
89	688	0	480	0	332.8	0	524.8	323.2	841.6	0	646.4	915.2
90	486.4	0	854.4	0	902.4	0	726.4	483.2	700.8	0	441.6	652.8
(1,0)	(2,3201)	(3,4143)	(4,1530)	
(1,0)	(2,0)	(3,0)	(4,0)	
(1,0)	(2,2676)	(3,0)	(4,0)	
(1,0)	(2,0)	(3,0)	(4,0)	
(1,0)	(2,2526)	(3,0)	(4,0)	
(1,0)	(2,0)	(3,0)	(4,0)	
(1,0)	(2,0)	(3,0)	(4,0)	
(1,0)	(2,0)	(3,0)	(4,0)	
(1,0)	(2,0)	(3,0)	(4,0)	
(1,0)	(2,0)	(3,0)	(4,0)	
(1,0)	(2,0)	(3,0)	(4,0)	
(1,0)	(2,0)	(3,0)	(4,0)	
(1,0)	(2,0)	(3,0)	(4,0)	
avg	667.093	0	671.467	0	662.187	0	644.693	590.507	670.08	0	546.88	591.787
delay	514.584	0.171875	499.058	0.107692	569.07	0.428571	711.71	693.018	616.657	0.402174	753.779	720.468
loss	0.44235	0	0.282018	0	0.252349	0	0.286649	0.291613	0.415033	0	0.508143	0.349144
Command ['/home/ubuntu/ns-3.30-obss/build/scratch/simple-ofdma-adhoc6', '--ofdmaEnabled=true', '--startTime=60', '--totalTime=90', '--packetSize=4e3', '--dataMode=HeMcs3', '--datarate=30e6', '--ratio=0.375', '--RngRun=18', '--locationFile=locationtxt/locationFile42e2.txt', '--routingFile=locationtxt/routingFile42.txt', '--appFile=locationtxt/appFile.txt', '--tcp=0', '--randomTime=true', '--qosDisabled=true'] terminated with signal SIGSEGV. Run it under a debugger to get more information (./waf --run <program> --command-template="gdb --args %s <args>").
