Waf: Entering directory `/home/ubuntu/ns-3.30-obss/build'
Waf: Leaving directory `/home/ubuntu/ns-3.30-obss/build'
Build commands will be stored in build/compile_commands.json
'build' finished successfully (0.828s)
--------------------------Rate[Kbps]--------------------------
Time[s]	cl-1	cl-2	cl-3	cl-4	cl-5	cl-6	cl-7	cl-8	cl-9	cl-10	cl-11	cl-12	cl-13	cl-14
60	16	12.4	15.2	16.8	13.6	11.8	13.2	17.2	11.4	16.2	14.8	11.2	11.2	13.8
61	0	0	0	0	0	0	761.6	393.6	742.4	377.6	614.4	512	473.6	579.2
62	0	0	0	0	0	0	595.2	425.6	720	624	825.6	624	524.8	496
63	0	0	0	0	0	0	572.8	563.2	796.8	697.6	515.2	617.6	681.6	643.2
64	0	0	0	0	0	0	627.2	665.6	393.6	521.6	678.4	774.4	659.2	499.2
65	0	0	0	0	0	0	640	729.6	585.6	467.2	620.8	483.2	806.4	822.4
66	0	0	0	0	0	0	729.6	556.8	723.2	729.6	544	518.4	473.6	633.6
67	0	0	0	0	0	0	585.6	643.2	777.6	675.2	553.6	569.6	611.2	761.6
68	0	0	0	0	0	0	627.2	784	742.4	672	531.2	323.2	726.4	496
69	0	0	0	0	0	0	620.8	560	620.8	675.2	496	457.6	787.2	633.6
70	0	0	0	0	0	0	755.2	668.8	764.8	528	374.4	476.8	624	579.2
71	0	0	0	0	0	0	595.2	476.8	569.6	531.2	710.4	684.8	745.6	528
72	0	0	0	0	0	0	832	758.4	515.2	448	512	710.4	444.8	377.6
73	0	0	0	0	0	0	672	729.6	540.8	460.8	518.4	627.2	745.6	809.6
74	0	0	0	0	0	0	390.4	704	630.4	710.4	492.8	544	537.6	627.2
75	0	0	0	0	0	0	659.2	569.6	496	640	524.8	569.6	633.6	544
76	0	0	0	0	0	0	784	838.4	611.2	720	473.6	707.2	473.6	416
77	0	0	0	0	0	0	409.6	643.2	534.4	560	691.2	758.4	745.6	531.2
78	0	0	0	0	0	0	476.8	627.2	608	649.6	691.2	604.8	611.2	604.8
79	0	0	0	0	0	0	745.6	425.6	483.2	672	598.4	806.4	617.6	732.8
80	0	0	0	0	0	0	550.4	774.4	755.2	700.8	540.8	720	438.4	563.2
81	0	0	0	0	0	0	540.8	646.4	524.8	620.8	640	672	556.8	681.6
82	0	0	0	0	0	0	492.8	640	723.2	732.8	409.6	348.8	675.2	691.2
83	0	0	0	0	0	0	678.4	678.4	432	438.4	745.6	707.2	675.2	544
84	0	0	0	0	0	0	579.2	508.8	553.6	582.4	636.8	720	713.6	675.2
85	0	0	0	0	0	0	774.4	652.8	828.8	844.8	390.4	374.4	438.4	550.4
86	0	0	0	0	0	0	499.2	601.6	515.2	537.6	739.2	646.4	636.8	745.6
87	0	0	0	0	0	0	499.2	515.2	406.4	304	556.8	876.8	736	876.8
88	0	0	0	0	0	0	838.4	595.2	681.6	729.6	694.4	329.6	723.2	592
89	0	0	0	0	0	0	624	614.4	502.4	691.2	499.2	608	470.4	659.2
90	0	0	0	0	0	0	467.2	508.8	598.4	556.8	576	636.8	870.4	780.8
(1,0)	(2,6304)	(3,0)	(4,0)	
(1,0)	(2,2192)	(3,0)	(4,0)	
(1,0)	(2,2315)	(3,0)	(4,0)	
(1,0)	(2,608)	(3,0)	(4,0)	
(1,0)	(2,661)	(3,0)	(4,0)	
(1,0)	(2,661)	(3,0)	(4,0)	
(1,0)	(2,685)	(3,0)	(4,0)	
(1,0)	(2,0)	(3,0)	(4,0)	
(1,0)	(2,0)	(3,0)	(4,0)	
(1,0)	(2,0)	(3,0)	(4,0)	
(1,0)	(2,0)	(3,0)	(4,0)	
(1,0)	(2,0)	(3,0)	(4,0)	
(1,0)	(2,0)	(3,0)	(4,0)	
(1,0)	(2,0)	(3,0)	(4,0)	
(1,0)	(2,0)	(3,0)	(4,0)	
avg	0	0	0	0	0	0	620.8	616.64	612.587	603.307	579.84	600.32	628.587	622.507
delay	0.075	0.145161	0.342105	0.345238	0.338235	0.474576	161.956	155.092	147.615	167.19	163.449	154.783	152.352	147.771
loss	0	0	0	0	0	0	0	0.018018	0.003367	0.0115607	0	0.0035461	0.00564972	0
Command ['/home/ubuntu/ns-3.30-obss/build/scratch/simple-ofdma-adhoc6', '--ofdmaEnabled=true', '--startTime=60', '--totalTime=90', '--packetSize=4e3', '--dataMode=HeMcs3', '--datarate=10e6', '--ratio=0.375', '--RngRun=31', '--locationFile=locationtxt/locationFile222.txt', '--routingFile=locationtxt/routingFile222.txt', '--appFile=locationtxt/appFile.txt', '--tcp=0', '--randomTime=true', '--qosDisabled=true'] terminated with signal SIGSEGV. Run it under a debugger to get more information (./waf --run <program> --command-template="gdb --args %s <args>").
