Waf: Entering directory `/home/ubuntu/ns-3.30-obss/build'
Waf: Leaving directory `/home/ubuntu/ns-3.30-obss/build'
Build commands will be stored in build/compile_commands.json
'build' finished successfully (0.757s)
--------------------------Rate[Kbps]--------------------------
Time[s]	cl-1	cl-2	cl-3	cl-4	cl-5	cl-6	cl-7	cl-8	cl-9	cl-10	cl-11	cl-12	cl-13	cl-14
60	15.4	16.2	14.8	11	13.8	15.2	14.6	15.8	15.8	14.6	13.6	12.4	15.4	15.2
61	0	0	0	0	0	0	710.4	464	595.2	531.2	611.2	432	460.8	307.2
62	0	0	0	0	0	0	595.2	467.2	313.6	489.6	371.2	329.6	406.4	323.2
63	0	0	0	0	0	0	294.4	371.2	444.8	550.4	508.8	560	508.8	588.8
64	0	0	0	0	0	0	476.8	524.8	518.4	467.2	288	342.4	281.6	336
65	0	0	0	0	0	0	419.2	240	377.6	275.2	409.6	496	486.4	451.2
66	0	0	0	0	0	0	377.6	790.4	576	454.4	396.8	272	393.6	166.4
67	0	0	0	0	0	0	425.6	425.6	307.2	425.6	393.6	534.4	544	416
68	0	0	0	0	0	0	352	339.2	636.8	428.8	432	550.4	428.8	444.8
69	0	0	0	0	0	0	185.6	326.4	499.2	233.6	624	572.8	460.8	604.8
70	0	0	0	0	0	0	390.4	310.4	480	390.4	345.6	374.4	412.8	368
71	0	0	0	0	0	0	432	451.2	649.6	432	342.4	371.2	435.2	467.2
72	0	0	0	0	0	0	342.4	515.2	384	697.6	310.4	307.2	268.8	326.4
73	0	0	0	0	0	0	281.6	256	432	492.8	416	323.2	876.8	611.2
74	0	0	0	0	0	0	496	355.2	448	617.6	288	384	412.8	380.8
75	0	0	0	0	0	0	310.4	521.6	371.2	483.2	438.4	345.6	620.8	412.8
76	0	0	0	0	0	0	531.2	336	406.4	124.8	476.8	412.8	425.6	419.2
77	0	0	0	0	0	0	659.2	592	310.4	409.6	428.8	502.4	364.8	425.6
78	0	0	0	0	0	0	393.6	422.4	496	611.2	275.2	595.2	240	502.4
79	0	0	0	0	0	0	281.6	460.8	438.4	454.4	400	310.4	544	345.6
80	0	0	0	0	0	0	390.4	387.2	496	275.2	572.8	483.2	396.8	428.8
81	0	0	0	0	0	0	352	396.8	700.8	502.4	384	326.4	329.6	505.6
82	0	0	0	0	0	0	396.8	380.8	393.6	409.6	332.8	291.2	422.4	457.6
83	0	0	0	0	0	0	457.6	368	233.6	499.2	368	460.8	556.8	332.8
84	0	0	0	0	0	0	416	649.6	540.8	316.8	281.6	316.8	345.6	217.6
85	0	0	0	0	0	0	310.4	406.4	460.8	380.8	284.8	243.2	588.8	374.4
86	0	0	0	0	0	0	320	425.6	355.2	371.2	380.8	457.6	563.2	281.6
87	0	0	0	0	0	0	323.2	454.4	377.6	393.6	518.4	374.4	521.6	291.2
88	0	0	0	0	0	0	611.2	387.2	364.8	361.6	419.2	377.6	355.2	380.8
89	0	0	0	0	0	0	387.2	460.8	246.4	310.4	284.8	371.2	425.6	288
90	0	0	0	0	0	0	396.8	358.4	294.4	240	387.2	489.6	361.6	883.2
(1,0)	(2,7264)	(3,0)	(4,0)	
(1,0)	(2,2803)	(3,0)	(4,0)	
(1,0)	(2,2571)	(3,0)	(4,0)	
(1,0)	(2,835)	(3,0)	(4,0)	
(1,0)	(2,778)	(3,0)	(4,0)	
(1,0)	(2,747)	(3,0)	(4,0)	
(1,0)	(2,822)	(3,0)	(4,0)	
(1,0)	(2,0)	(3,0)	(4,0)	
(1,0)	(2,0)	(3,0)	(4,0)	
(1,0)	(2,0)	(3,0)	(4,0)	
(1,0)	(2,0)	(3,0)	(4,0)	
(1,0)	(2,0)	(3,0)	(4,0)	
(1,0)	(2,0)	(3,0)	(4,0)	
(1,0)	(2,0)	(3,0)	(4,0)	
(1,0)	(2,0)	(3,0)	(4,0)	
avg	0	0	0	0	0	0	410.56	428.16	438.293	421.013	399.04	406.933	448	411.307
delay	0.0649351	0.0740741	0.391892	0.418182	0.434783	0.552632	612.448	636.409	592.124	597.791	589.531	607.892	583.162	601.624
loss	0	0	0	0	0	0	0.826555	0.594626	0.417671	0.817958	0.410082	0.832041	0.396783	0.836609
Command ['/home/ubuntu/ns-3.30-obss/build/scratch/simple-ofdma-adhoc6', '--ofdmaEnabled=true', '--startTime=60', '--totalTime=90', '--packetSize=4e3', '--dataMode=HeMcs3', '--datarate=30e6', '--ratio=0.375', '--RngRun=47', '--locationFile=locationtxt/locationFile222.txt', '--routingFile=locationtxt/routingFile222.txt', '--appFile=locationtxt/appFile.txt', '--tcp=0', '--randomTime=true', '--qosDisabled=true'] terminated with signal SIGSEGV. Run it under a debugger to get more information (./waf --run <program> --command-template="gdb --args %s <args>").
