Waf: Entering directory `/home/ubuntu/ns-3.30-obss/build'
Waf: Leaving directory `/home/ubuntu/ns-3.30-obss/build'
Build commands will be stored in build/compile_commands.json
'build' finished successfully (1.040s)
--------------------------Rate[Kbps]--------------------------
Time[s]	cl-1	cl-2	cl-3	cl-4	cl-5	cl-6	cl-7	cl-8	cl-9	cl-10	cl-11	cl-12	cl-13	cl-14
60	15.4	13	14.2	16	18.2	12.4	13.6	14.2	13.4	15.8	16.2	12.4	14.2	12.4
61	0	0	0	0	0	0	166.4	454.4	358.4	876.8	368	595.2	752	707.2
62	0	0	0	0	0	0	268.8	284.8	412.8	393.6	435.2	684.8	454.4	473.6
63	0	0	0	0	0	0	409.6	502.4	409.6	441.6	307.2	352	265.6	323.2
64	0	0	0	0	0	0	508.8	444.8	380.8	313.6	422.4	419.2	435.2	457.6
65	0	0	0	0	0	0	390.4	361.6	403.2	409.6	300.8	262.4	457.6	377.6
66	0	0	0	0	0	0	419.2	505.6	406.4	406.4	320	454.4	355.2	505.6
67	0	0	0	0	0	0	518.4	278.4	297.6	307.2	457.6	444.8	512	361.6
68	0	0	0	0	0	0	374.4	384	425.6	422.4	393.6	320	547.2	214.4
69	0	0	0	0	0	0	448	374.4	320	390.4	313.6	470.4	428.8	432
70	0	0	0	0	0	0	416	480	361.6	368	316.8	288	441.6	243.2
71	0	0	0	0	0	0	355.2	390.4	313.6	348.8	438.4	368	364.8	259.2
72	0	0	0	0	0	0	387.2	358.4	409.6	448	291.2	579.2	396.8	380.8
73	0	0	0	0	0	0	377.6	569.6	272	604.8	492.8	291.2	444.8	406.4
74	0	0	0	0	0	0	288	531.2	464	473.6	358.4	371.2	556.8	608
75	0	0	0	0	0	0	422.4	371.2	294.4	544	361.6	281.6	377.6	441.6
76	0	0	0	0	0	0	355.2	396.8	326.4	310.4	438.4	361.6	291.2	432
77	0	0	0	0	0	0	358.4	236.8	339.2	304	412.8	294.4	342.4	352
78	0	0	0	0	0	0	300.8	483.2	339.2	476.8	352	342.4	451.2	323.2
79	0	0	0	0	0	0	316.8	246.4	278.4	483.2	361.6	403.2	457.6	361.6
80	0	0	0	0	0	0	345.6	374.4	502.4	323.2	297.6	451.2	419.2	547.2
81	0	0	0	0	0	0	435.2	278.4	486.4	348.8	326.4	390.4	508.8	409.6
82	0	0	0	0	0	0	278.4	304	339.2	195.2	438.4	400	396.8	451.2
83	0	0	0	0	0	0	448	262.4	601.6	451.2	512	371.2	380.8	310.4
84	0	0	0	0	0	0	451.2	489.6	243.2	275.2	416	281.6	409.6	419.2
85	0	0	0	0	0	0	342.4	403.2	268.8	467.2	377.6	352	412.8	422.4
86	0	0	0	0	0	0	278.4	227.2	275.2	419.2	233.6	518.4	377.6	374.4
87	0	0	0	0	0	0	358.4	419.2	451.2	646.4	403.2	339.2	275.2	342.4
88	0	0	0	0	0	0	355.2	313.6	464	438.4	355.2	425.6	489.6	400
89	0	0	0	0	0	0	355.2	387.2	281.6	489.6	336	403.2	374.4	460.8
90	0	0	0	0	0	0	489.6	345.6	537.6	412.8	364.8	441.6	505.6	390.4
(1,0)	(2,7286)	(3,0)	(4,0)	
(1,0)	(2,2516)	(3,0)	(4,0)	
(1,0)	(2,2597)	(3,0)	(4,0)	
(1,0)	(2,728)	(3,0)	(4,0)	
(1,0)	(2,808)	(3,0)	(4,0)	
(1,0)	(2,721)	(3,0)	(4,0)	
(1,0)	(2,736)	(3,0)	(4,0)	
(1,0)	(2,0)	(3,0)	(4,0)	
(1,0)	(2,0)	(3,0)	(4,0)	
(1,0)	(2,0)	(3,0)	(4,0)	
(1,0)	(2,0)	(3,0)	(4,0)	
(1,0)	(2,0)	(3,0)	(4,0)	
(1,0)	(2,0)	(3,0)	(4,0)	
(1,0)	(2,0)	(3,0)	(4,0)	
(1,0)	(2,0)	(3,0)	(4,0)	
avg	0	0	0	0	0	0	373.973	381.973	375.467	426.347	373.44	398.613	429.44	406.293
delay	0.0649351	0.123077	0.338028	0.35	0.340659	0.354839	614.219	616.849	629.85	571.629	610.379	569.286	578.66	565.32
loss	0	0	0	0	0	0	0.90038	0.704287	0.686948	0.405577	0.897254	0.915595	0.453956	0.469121
Command ['/home/ubuntu/ns-3.30-obss/build/scratch/simple-ofdma-adhoc6', '--ofdmaEnabled=true', '--startTime=60', '--totalTime=90', '--packetSize=4e3', '--dataMode=HeMcs3', '--datarate=35e6', '--ratio=0.375', '--RngRun=34', '--locationFile=locationtxt/locationFile222.txt', '--routingFile=locationtxt/routingFile222.txt', '--appFile=locationtxt/appFile.txt', '--tcp=0', '--randomTime=true', '--qosDisabled=true'] terminated with signal SIGSEGV. Run it under a debugger to get more information (./waf --run <program> --command-template="gdb --args %s <args>").
