Waf: Entering directory `/home/ubuntu/ns-3.30-obss/build'
Waf: Leaving directory `/home/ubuntu/ns-3.30-obss/build'
Build commands will be stored in build/compile_commands.json
'build' finished successfully (0.839s)
--------------------------Rate[Kbps]--------------------------
Time[s]	cl-1	cl-2	cl-3	cl-4	cl-5	cl-6	cl-7	cl-8	cl-9	cl-10	cl-11	cl-12	cl-13	cl-14
60	17.2	16.4	13.8	15.4	14.4	11.6	13	17	15.2	15.4	14.4	14.6	12	16
61	0	0	0	0	0	0	592	646.4	534.4	652.8	617.6	464	601.6	588.8
62	0	0	0	0	0	0	547.2	588.8	700.8	553.6	800	371.2	598.4	512
63	0	0	0	0	0	0	368	400	304	540.8	1030.4	300.8	678.4	585.6
64	0	0	0	0	0	0	611.2	720	492.8	928	332.8	534.4	240	451.2
65	0	0	0	0	0	0	579.2	608	480	425.6	652.8	483.2	470.4	528
66	0	0	0	0	0	0	486.4	416	675.2	377.6	531.2	672	406.4	611.2
67	0	0	0	0	0	0	537.6	534.4	704	489.6	441.6	272	560	624
68	0	0	0	0	0	0	409.6	524.8	374.4	518.4	470.4	579.2	742.4	489.6
69	0	0	0	0	0	0	553.6	614.4	736	688	409.6	419.2	393.6	444.8
70	0	0	0	0	0	0	387.2	316.8	419.2	316.8	736	736	566.4	691.2
71	0	0	0	0	0	0	489.6	291.2	470.4	480	505.6	694.4	582.4	652.8
72	0	0	0	0	0	0	806.4	435.2	672	601.6	464	297.6	403.2	345.6
73	0	0	0	0	0	0	492.8	518.4	499.2	768	499.2	339.2	604.8	534.4
74	0	0	0	0	0	0	684.8	268.8	502.4	438.4	636.8	524.8	428.8	556.8
75	0	0	0	0	0	0	524.8	598.4	384	704	489.6	489.6	419.2	569.6
76	0	0	0	0	0	0	480	550.4	515.2	588.8	569.6	588.8	537.6	537.6
77	0	0	0	0	0	0	364.8	556.8	486.4	640	624	588.8	566.4	329.6
78	0	0	0	0	0	0	364.8	412.8	454.4	566.4	588.8	614.4	569.6	608
79	0	0	0	0	0	0	320	464	281.6	243.2	406.4	550.4	828.8	595.2
80	0	0	0	0	0	0	646.4	675.2	793.6	796.8	512	368	364.8	441.6
81	0	0	0	0	0	0	499.2	444.8	432	652.8	588.8	499.2	528	412.8
82	0	0	0	0	0	0	764.8	518.4	617.6	310.4	624	451.2	464	588.8
83	0	0	0	0	0	0	720	441.6	691.2	441.6	560	396.8	540.8	604.8
84	0	0	0	0	0	0	563.2	316.8	636.8	243.2	656	902.4	92.8	243.2
85	0	0	0	0	0	0	723.2	620.8	451.2	566.4	329.6	460.8	771.2	614.4
86	0	0	0	0	0	0	524.8	566.4	614.4	400	598.4	531.2	614.4	550.4
87	0	0	0	0	0	0	694.4	534.4	182.4	320	291.2	627.2	534.4	451.2
88	0	0	0	0	0	0	460.8	444.8	646.4	928	547.2	531.2	550.4	499.2
89	0	0	0	0	0	0	678.4	393.6	409.6	480	668.8	444.8	560	499.2
90	0	0	0	0	0	0	412.8	617.6	643.2	464	348.8	540.8	550.4	464
(1,0)	(2,7007)	(3,0)	(4,0)	
(1,0)	(2,2655)	(3,0)	(4,0)	
(1,0)	(2,2300)	(3,0)	(4,0)	
(1,0)	(2,695)	(3,0)	(4,0)	
(1,0)	(2,794)	(3,0)	(4,0)	
(1,0)	(2,695)	(3,0)	(4,0)	
(1,0)	(2,711)	(3,0)	(4,0)	
(1,0)	(2,0)	(3,0)	(4,0)	
(1,0)	(2,0)	(3,0)	(4,0)	
(1,0)	(2,0)	(3,0)	(4,0)	
(1,0)	(2,0)	(3,0)	(4,0)	
(1,0)	(2,0)	(3,0)	(4,0)	
(1,0)	(2,0)	(3,0)	(4,0)	
(1,0)	(2,0)	(3,0)	(4,0)	
(1,0)	(2,0)	(3,0)	(4,0)	
avg	0	0	0	0	0	0	542.933	501.333	526.827	537.493	551.04	509.12	525.653	520.853
delay	0.0697674	0.182927	0.347826	0.350649	0.347222	0.344828	604.989	592.017	595.701	611.777	532.409	534.574	536.125	537.355
loss	0	0	0	0	0	0	0.408163	0.222513	0.418981	0.193122	0.16095	0.201439	0.209845	0.431193
Command ['/home/ubuntu/ns-3.30-obss/build/scratch/simple-ofdma-adhoc6', '--ofdmaEnabled=true', '--startTime=60', '--totalTime=90', '--packetSize=4e3', '--dataMode=HeMcs3', '--datarate=15e6', '--ratio=0.375', '--RngRun=48', '--locationFile=locationtxt/locationFile222.txt', '--routingFile=locationtxt/routingFile222.txt', '--appFile=locationtxt/appFile.txt', '--tcp=0', '--randomTime=true', '--qosDisabled=true'] terminated with signal SIGSEGV. Run it under a debugger to get more information (./waf --run <program> --command-template="gdb --args %s <args>").
