Waf: Entering directory `/home/ubuntu/ns-3.30-obss/build'
Waf: Leaving directory `/home/ubuntu/ns-3.30-obss/build'
Build commands will be stored in build/compile_commands.json
'build' finished successfully (0.473s)
--------------------------Rate[Kbps]--------------------------
Time[s]	cl-1	cl-2	cl-3	cl-4	cl-5	cl-6	cl-7	cl-8	cl-9	cl-10	cl-11	cl-12	cl-13	cl-14
60	15.2	12.6	13.8	16.6	17.6	11.2	14.2	12.4	13.8	15.2	12	14	18.6	12.4
61	0	0	0	0	0	0	400	137.6	217.6	348.8	320	192	352	316.8
62	0	0	0	0	0	0	336	304	384	326.4	329.6	320	208	329.6
63	0	0	0	0	0	0	323.2	304	320	268.8	352	380.8	313.6	262.4
64	0	0	0	0	0	0	329.6	313.6	368	400	332.8	249.6	217.6	288
65	0	0	0	0	0	0	438.4	329.6	272	307.2	297.6	256	320	345.6
66	0	0	0	0	0	0	384	320	396.8	275.2	336	326.4	294.4	297.6
67	0	0	0	0	0	0	323.2	233.6	457.6	400	371.2	288	358.4	358.4
68	0	0	0	0	0	0	281.6	249.6	281.6	345.6	281.6	272	336	464
69	0	0	0	0	0	0	233.6	329.6	249.6	297.6	249.6	316.8	214.4	252.8
70	0	0	0	0	0	0	355.2	265.6	272	339.2	304	371.2	432	313.6
71	0	0	0	0	0	0	240	345.6	384	332.8	326.4	345.6	374.4	313.6
72	0	0	0	0	0	0	396.8	313.6	297.6	240	304	297.6	275.2	297.6
73	0	0	0	0	0	0	396.8	288	249.6	371.2	256	400	368	265.6
74	0	0	0	0	0	0	432	272	390.4	329.6	320	390.4	316.8	265.6
75	0	0	0	0	0	0	329.6	342.4	230.4	307.2	230.4	284.8	329.6	361.6
76	0	0	0	0	0	0	323.2	368	348.8	396.8	259.2	227.2	208	224
77	0	0	0	0	0	0	224	246.4	345.6	268.8	288	297.6	198.4	323.2
78	0	0	0	0	0	0	275.2	432	307.2	361.6	256	310.4	278.4	288
79	0	0	0	0	0	0	310.4	336	377.6	358.4	220.8	249.6	224	281.6
80	0	0	0	0	0	0	323.2	288	323.2	259.2	313.6	249.6	224	307.2
81	0	0	0	0	0	0	438.4	246.4	332.8	265.6	342.4	304	320	329.6
82	0	0	0	0	0	0	339.2	291.2	310.4	313.6	364.8	224	406.4	345.6
83	0	0	0	0	0	0	300.8	380.8	310.4	272	307.2	352	384	259.2
84	0	0	0	0	0	0	416	307.2	297.6	313.6	352	371.2	313.6	272
85	0	0	0	0	0	0	342.4	304	342.4	256	345.6	304	390.4	304
86	0	0	0	0	0	0	361.6	281.6	380.8	304	332.8	294.4	422.4	310.4
87	0	0	0	0	0	0	288	368	387.2	201.6	281.6	326.4	288	233.6
88	0	0	0	0	0	0	380.8	326.4	342.4	374.4	300.8	288	294.4	364.8
89	0	0	0	0	0	0	342.4	243.2	230.4	406.4	377.6	310.4	275.2	377.6
90	0	0	0	0	0	0	249.6	310.4	294.4	486.4	323.2	342.4	256	246.4
(1,0)	(2,340)	(3,0)	(4,0)	
(1,0)	(2,92)	(3,0)	(4,0)	
(1,0)	(2,78)	(3,0)	(4,0)	
(1,0)	(2,20)	(3,0)	(4,0)	
(1,0)	(2,17)	(3,0)	(4,0)	
(1,0)	(2,21)	(3,0)	(4,0)	
(1,0)	(2,32)	(3,0)	(4,0)	
(1,0)	(2,0)	(3,0)	(4,0)	
(1,0)	(2,0)	(3,0)	(4,0)	
(1,0)	(2,0)	(3,0)	(4,0)	
(1,0)	(2,0)	(3,0)	(4,0)	
(1,0)	(2,0)	(3,0)	(4,0)	
(1,0)	(2,0)	(3,0)	(4,0)	
(1,0)	(2,0)	(3,0)	(4,0)	
(1,0)	(2,0)	(3,0)	(4,0)	
avg	0	0	0	0	0	0	337.173	302.613	323.413	324.267	309.227	304.747	306.453	306.667
delay	0.197368	0.0952381	0.347826	0.349398	0.409091	0.339286	3.65922	4.17391	3.85393	2.97778	2.6338	3.76216	2.61745	3.9887
loss	0	0	0	0	0	0	0	0	0	0	0	0	0	0
Command ['/home/ubuntu/ns-3.30-obss/build/scratch/simple-ofdma-adhoc6', '--ofdmaEnabled=true', '--startTime=60', '--totalTime=90', '--packetSize=4e3', '--dataMode=HeMcs3', '--datarate=5e6', '--ratio=0.375', '--RngRun=2', '--locationFile=locationtxt/locationFile222.txt', '--routingFile=locationtxt/routingFile222.txt', '--appFile=locationtxt/appFile.txt', '--tcp=0', '--randomTime=true', '--qosDisabled=true'] terminated with signal SIGSEGV. Run it under a debugger to get more information (./waf --run <program> --command-template="gdb --args %s <args>").
