Waf: Entering directory `/home/ubuntu/ns-3.30-obss/build'
Waf: Leaving directory `/home/ubuntu/ns-3.30-obss/build'
Build commands will be stored in build/compile_commands.json
'build' finished successfully (1.030s)
--------------------------Rate[Kbps]--------------------------
Time[s]	cl-1	cl-2	cl-3	cl-4	cl-5	cl-6	cl-7	cl-8	cl-9	cl-10	cl-11	cl-12	cl-13	cl-14
60	13.6	13.4	13.4	15.8	14.6	16	16.8	12.6	13.2	13.2	18	14.4	17.4	14
61	0	0	0	0	0	0	486.4	694.4	691.2	496	304	243.2	656	704
62	0	0	0	0	0	0	531.2	697.6	396.8	681.6	867.2	784	412.8	512
63	0	0	0	0	0	0	556.8	419.2	553.6	441.6	540.8	521.6	444.8	451.2
64	0	0	0	0	0	0	652.8	460.8	355.2	419.2	672	537.6	531.2	499.2
65	0	0	0	0	0	0	582.4	230.4	339.2	704	544	476.8	441.6	345.6
66	0	0	0	0	0	0	448	518.4	425.6	390.4	454.4	553.6	492.8	460.8
67	0	0	0	0	0	0	652.8	409.6	403.2	524.8	316.8	428.8	480	358.4
68	0	0	0	0	0	0	476.8	524.8	736	531.2	582.4	563.2	537.6	604.8
69	0	0	0	0	0	0	332.8	489.6	441.6	499.2	723.2	851.2	403.2	569.6
70	0	0	0	0	0	0	547.2	601.6	963.2	582.4	300.8	662.4	249.6	486.4
71	0	0	0	0	0	0	416	569.6	745.6	646.4	476.8	396.8	617.6	467.2
72	0	0	0	0	0	0	361.6	515.2	364.8	275.2	723.2	464	716.8	684.8
73	0	0	0	0	0	0	422.4	544	672	611.2	563.2	640	451.2	403.2
74	0	0	0	0	0	0	492.8	422.4	710.4	716.8	524.8	710.4	537.6	624
75	0	0	0	0	0	0	464	646.4	528	467.2	470.4	620.8	601.6	272
76	0	0	0	0	0	0	518.4	473.6	435.2	531.2	339.2	528	643.2	716.8
77	0	0	0	0	0	0	425.6	460.8	406.4	579.2	489.6	544	585.6	636.8
78	0	0	0	0	0	0	505.6	550.4	544	672	425.6	483.2	560	630.4
79	0	0	0	0	0	0	473.6	646.4	390.4	508.8	662.4	409.6	553.6	480
80	0	0	0	0	0	0	611.2	470.4	873.6	576	454.4	588.8	684.8	425.6
81	0	0	0	0	0	0	547.2	249.6	662.4	803.2	534.4	480	355.2	611.2
82	0	0	0	0	0	0	489.6	556.8	432	633.6	512	323.2	627.2	572.8
83	0	0	0	0	0	0	444.8	371.2	502.4	480	492.8	540.8	611.2	800
84	0	0	0	0	0	0	492.8	384	227.2	550.4	460.8	732.8	448	886.4
85	0	0	0	0	0	0	323.2	585.6	608	800	620.8	502.4	377.6	601.6
86	0	0	0	0	0	0	246.4	355.2	496	592	396.8	694.4	553.6	521.6
87	0	0	0	0	0	0	736	566.4	601.6	502.4	524.8	428.8	566.4	704
88	0	0	0	0	0	0	774.4	732.8	688	508.8	240	259.2	323.2	307.2
89	0	0	0	0	0	0	761.6	265.6	416	345.6	617.6	780.8	947.2	643.2
90	0	0	0	0	0	0	425.6	592	592	592	662.4	620.8	492.8	617.6
(1,0)	(2,7042)	(3,0)	(4,0)	
(1,0)	(2,2428)	(3,0)	(4,0)	
(1,0)	(2,2498)	(3,0)	(4,0)	
(1,0)	(2,668)	(3,0)	(4,0)	
(1,0)	(2,732)	(3,0)	(4,0)	
(1,0)	(2,725)	(3,0)	(4,0)	
(1,0)	(2,777)	(3,0)	(4,0)	
(1,0)	(2,0)	(3,0)	(4,0)	
(1,0)	(2,0)	(3,0)	(4,0)	
(1,0)	(2,0)	(3,0)	(4,0)	
(1,0)	(2,0)	(3,0)	(4,0)	
(1,0)	(2,0)	(3,0)	(4,0)	
(1,0)	(2,0)	(3,0)	(4,0)	
(1,0)	(2,0)	(3,0)	(4,0)	
(1,0)	(2,0)	(3,0)	(4,0)	
avg	0	0	0	0	0	0	506.667	500.16	540.053	555.413	516.587	545.707	530.133	553.28
delay	0.0735294	0.0746269	0.328358	0.405063	0.452055	0.35	546.245	542.229	552.594	555.389	592.168	565.145	571.119	583.918
loss	0	0	0	0	0	0	0.196765	0.179325	0.220297	0.399083	0.460621	0.192308	0.207756	0.232092
Command ['/home/ubuntu/ns-3.30-obss/build/scratch/simple-ofdma-adhoc6', '--ofdmaEnabled=true', '--startTime=60', '--totalTime=90', '--packetSize=4e3', '--dataMode=HeMcs3', '--datarate=15e6', '--ratio=0.375', '--RngRun=45', '--locationFile=locationtxt/locationFile222.txt', '--routingFile=locationtxt/routingFile222.txt', '--appFile=locationtxt/appFile.txt', '--tcp=0', '--randomTime=true', '--qosDisabled=true'] terminated with signal SIGSEGV. Run it under a debugger to get more information (./waf --run <program> --command-template="gdb --args %s <args>").
