Waf: Entering directory `/home/ubuntu/ns-3.30-obss/build'
Waf: Leaving directory `/home/ubuntu/ns-3.30-obss/build'
Build commands will be stored in build/compile_commands.json
'build' finished successfully (0.751s)
--------------------------Rate[Kbps]--------------------------
Time[s]	cl-1	cl-2	cl-3	cl-4	cl-5	cl-6	cl-7	cl-8	cl-9	cl-10	cl-11	cl-12	cl-13	cl-14
60	14	12.2	15.8	16.4	12.4	14.8	12.2	15.2	13.4	17.6	14.4	17	15.6	13.2
61	0	0	0	0	0	0	553.6	400	646.4	720	537.6	492.8	585.6	723.2
62	0	0	0	0	0	0	336	313.6	633.6	480	646.4	796.8	486.4	764.8
63	0	0	0	0	0	0	748.8	614.4	886.4	713.6	438.4	144	272	371.2
64	0	0	0	0	0	0	499.2	480	598.4	428.8	592	704	630.4	652.8
65	0	0	0	0	0	0	678.4	451.2	486.4	550.4	476.8	576	364.8	611.2
66	0	0	0	0	0	0	396.8	646.4	550.4	454.4	528	393.6	643.2	598.4
67	0	0	0	0	0	0	563.2	441.6	524.8	537.6	470.4	441.6	707.2	851.2
68	0	0	0	0	0	0	387.2	416	579.2	608	364.8	649.6	537.6	451.2
69	0	0	0	0	0	0	483.2	659.2	544	678.4	476.8	595.2	364.8	304
70	0	0	0	0	0	0	480	355.2	617.6	406.4	780.8	732.8	614.4	713.6
71	0	0	0	0	0	0	531.2	588.8	598.4	608	342.4	588.8	649.6	390.4
72	0	0	0	0	0	0	419.2	374.4	540.8	534.4	662.4	377.6	569.6	528
73	0	0	0	0	0	0	576	489.6	467.2	316.8	476.8	448	537.6	496
74	0	0	0	0	0	0	505.6	515.2	476.8	432	617.6	457.6	768	422.4
75	0	0	0	0	0	0	649.6	563.2	544	681.6	604.8	512	537.6	694.4
76	0	0	0	0	0	0	521.6	742.4	480	425.6	444.8	572.8	547.2	448
77	0	0	0	0	0	0	582.4	496	611.2	540.8	339.2	374.4	585.6	691.2
78	0	0	0	0	0	0	473.6	476.8	403.2	364.8	697.6	387.2	547.2	595.2
79	0	0	0	0	0	0	560	454.4	316.8	716.8	476.8	502.4	668.8	569.6
80	0	0	0	0	0	0	342.4	832	224	601.6	342.4	454.4	467.2	752
81	0	0	0	0	0	0	678.4	547.2	339.2	358.4	608	736	425.6	684.8
82	0	0	0	0	0	0	534.4	860.8	800	656	387.2	342.4	409.6	374.4
83	0	0	0	0	0	0	505.6	755.2	608	291.2	662.4	601.6	601.6	502.4
84	0	0	0	0	0	0	582.4	464	512	496	598.4	524.8	451.2	476.8
85	0	0	0	0	0	0	668.8	480	624	521.6	499.2	483.2	457.6	592
86	0	0	0	0	0	0	531.2	547.2	595.2	563.2	406.4	393.6	553.6	336
87	0	0	0	0	0	0	604.8	787.2	374.4	592	524.8	476.8	480	617.6
88	0	0	0	0	0	0	467.2	489.6	355.2	726.4	736	697.6	473.6	364.8
89	0	0	0	0	0	0	748.8	448	361.6	601.6	620.8	364.8	627.2	473.6
90	0	0	0	0	0	0	550.4	566.4	470.4	620.8	464	624	364.8	268.8
(1,0)	(2,6975)	(3,0)	(4,0)	
(1,0)	(2,2483)	(3,0)	(4,0)	
(1,0)	(2,2484)	(3,0)	(4,0)	
(1,0)	(2,778)	(3,0)	(4,0)	
(1,0)	(2,683)	(3,0)	(4,0)	
(1,0)	(2,675)	(3,0)	(4,0)	
(1,0)	(2,642)	(3,0)	(4,0)	
(1,0)	(2,0)	(3,0)	(4,0)	
(1,0)	(2,0)	(3,0)	(4,0)	
(1,0)	(2,0)	(3,0)	(4,0)	
(1,0)	(2,0)	(3,0)	(4,0)	
(1,0)	(2,0)	(3,0)	(4,0)	
(1,0)	(2,0)	(3,0)	(4,0)	
(1,0)	(2,0)	(3,0)	(4,0)	
(1,0)	(2,0)	(3,0)	(4,0)	
avg	0	0	0	0	0	0	538.667	541.867	525.653	540.907	527.467	514.88	530.987	544
delay	0.0714286	0.196721	0.443038	0.353659	0.33871	0.337838	536.237	563.608	533.467	548.927	548.346	561.573	548.505	543.629
loss	0	0	0	0	0	0	0.215645	0.416476	0.205263	0.194581	0.384988	0.185714	0.191667	0.163347
Command ['/home/ubuntu/ns-3.30-obss/build/scratch/simple-ofdma-adhoc6', '--ofdmaEnabled=true', '--startTime=60', '--totalTime=90', '--packetSize=4e3', '--dataMode=HeMcs3', '--datarate=15e6', '--ratio=0.375', '--RngRun=8', '--locationFile=locationtxt/locationFile222.txt', '--routingFile=locationtxt/routingFile222.txt', '--appFile=locationtxt/appFile.txt', '--tcp=0', '--randomTime=true', '--qosDisabled=true'] terminated with signal SIGSEGV. Run it under a debugger to get more information (./waf --run <program> --command-template="gdb --args %s <args>").
