Waf: Entering directory `/home/ubuntu/ns-3.30-obss/build'
Waf: Leaving directory `/home/ubuntu/ns-3.30-obss/build'
Build commands will be stored in build/compile_commands.json
'build' finished successfully (0.770s)
--------------------------Rate[Kbps]--------------------------
Time[s]	cl-1	cl-2	cl-3	cl-4	cl-5	cl-6	cl-7	cl-8	cl-9	cl-10	cl-11	cl-12	cl-13	cl-14
60	15.6	15.8	12.4	15.6	14.2	16.2	15.4	10.6	13.2	14	15.2	15.6	15.4	17.2
61	0	0	0	0	0	0	444.8	198.4	659.2	966.4	352	614.4	470.4	710.4
62	0	0	0	0	0	0	329.6	355.2	371.2	400	198.4	387.2	691.2	272
63	0	0	0	0	0	0	547.2	432	489.6	374.4	454.4	416	400	342.4
64	0	0	0	0	0	0	406.4	262.4	252.8	313.6	403.2	428.8	374.4	390.4
65	0	0	0	0	0	0	422.4	384	364.8	342.4	492.8	412.8	419.2	451.2
66	0	0	0	0	0	0	454.4	544	502.4	432	243.2	227.2	288	262.4
67	0	0	0	0	0	0	291.2	358.4	307.2	291.2	502.4	473.6	617.6	601.6
68	0	0	0	0	0	0	352	419.2	416	361.6	364.8	441.6	377.6	396.8
69	0	0	0	0	0	0	320	336	438.4	467.2	454.4	486.4	432	406.4
70	0	0	0	0	0	0	524.8	329.6	467.2	390.4	371.2	425.6	284.8	297.6
71	0	0	0	0	0	0	345.6	428.8	400	345.6	422.4	499.2	364.8	486.4
72	0	0	0	0	0	0	441.6	300.8	409.6	489.6	460.8	352	204.8	492.8
73	0	0	0	0	0	0	294.4	390.4	342.4	345.6	364.8	368	502.4	518.4
74	0	0	0	0	0	0	451.2	556.8	304	364.8	224	268.8	326.4	201.6
75	0	0	0	0	0	0	419.2	256	291.2	505.6	428.8	339.2	537.6	384
76	0	0	0	0	0	0	307.2	288	400	336	476.8	380.8	428.8	412.8
77	0	0	0	0	0	0	512	313.6	348.8	531.2	438.4	243.2	272	457.6
78	0	0	0	0	0	0	364.8	432	320	345.6	272	403.2	326.4	438.4
79	0	0	0	0	0	0	352	467.2	451.2	412.8	425.6	419.2	368	512
80	0	0	0	0	0	0	214.4	240	476.8	336	291.2	304	355.2	278.4
81	0	0	0	0	0	0	396.8	476.8	393.6	368	393.6	371.2	492.8	329.6
82	0	0	0	0	0	0	336	252.8	499.2	380.8	441.6	368	275.2	412.8
83	0	0	0	0	0	0	294.4	403.2	412.8	444.8	265.6	140.8	435.2	323.2
84	0	0	0	0	0	0	377.6	518.4	294.4	284.8	553.6	320	441.6	588.8
85	0	0	0	0	0	0	336	307.2	326.4	470.4	444.8	332.8	368	374.4
86	0	0	0	0	0	0	521.6	313.6	419.2	339.2	380.8	441.6	608	278.4
87	0	0	0	0	0	0	339.2	467.2	345.6	320	348.8	403.2	371.2	352
88	0	0	0	0	0	0	368	412.8	304	393.6	406.4	384	249.6	528
89	0	0	0	0	0	0	224	268.8	355.2	348.8	496	480	528	288
90	0	0	0	0	0	0	483.2	473.6	406.4	512	259.2	252.8	288	310.4
(1,0)	(2,7204)	(3,0)	(4,0)	
(1,0)	(2,2486)	(3,0)	(4,0)	
(1,0)	(2,2632)	(3,0)	(4,0)	
(1,0)	(2,628)	(3,0)	(4,0)	
(1,0)	(2,799)	(3,0)	(4,0)	
(1,0)	(2,744)	(3,0)	(4,0)	
(1,0)	(2,809)	(3,0)	(4,0)	
(1,0)	(2,0)	(3,0)	(4,0)	
(1,0)	(2,0)	(3,0)	(4,0)	
(1,0)	(2,0)	(3,0)	(4,0)	
(1,0)	(2,0)	(3,0)	(4,0)	
(1,0)	(2,0)	(3,0)	(4,0)	
(1,0)	(2,0)	(3,0)	(4,0)	
(1,0)	(2,0)	(3,0)	(4,0)	
(1,0)	(2,0)	(3,0)	(4,0)	
avg	0	0	0	0	0	0	382.4	372.907	392.32	407.147	387.733	379.52	403.307	403.307
delay	0.0769231	0.151899	0.370968	0.525641	0.338028	0.358025	615.967	642.922	647.81	585.649	638.717	661.219	643.698	619.71
loss	0	0	0	0	0	0	0.919152	0.754777	0.747967	0.453653	0.919458	0.734219	0.923734	0.482979
Command ['/home/ubuntu/ns-3.30-obss/build/scratch/simple-ofdma-adhoc6', '--ofdmaEnabled=true', '--startTime=60', '--totalTime=90', '--packetSize=4e3', '--dataMode=HeMcs3', '--datarate=40e6', '--ratio=0.375', '--RngRun=9', '--locationFile=locationtxt/locationFile222.txt', '--routingFile=locationtxt/routingFile222.txt', '--appFile=locationtxt/appFile.txt', '--tcp=0', '--randomTime=true', '--qosDisabled=true'] terminated with signal SIGSEGV. Run it under a debugger to get more information (./waf --run <program> --command-template="gdb --args %s <args>").
