Waf: Entering directory `/home/ubuntu/ns-3.30-obss/build'
Waf: Leaving directory `/home/ubuntu/ns-3.30-obss/build'
Build commands will be stored in build/compile_commands.json
'build' finished successfully (0.801s)
--------------------------Rate[Kbps]--------------------------
Time[s]	cl-1	cl-2	cl-3	cl-4	cl-5	cl-6	cl-7	cl-8	cl-9	cl-10	cl-11	cl-12
60	12.2	15.6	13.6	15.8	14	18.2	17.6	16	16.8	12.6	10	14.6
61	828.8	1132.8	0	0	1040	790.4	896	998.4	953.6	1104	1353.6	665.6
62	848	1132.8	0	0	1180.8	1200	1267.2	822.4	1011.2	659.2	1014.4	902.4
63	860.8	1001.6	0	0	1078.4	1078.4	947.2	1216	1404.8	979.2	844.8	1110.4
64	1011.2	720	0	0	1372.8	1046.4	960	864	1168	921.6	1161.6	1107.2
65	1072	1091.2	0	0	771.2	745.6	908.8	758.4	902.4	892.8	892.8	899.2
66	1177.6	832	0	0	1321.6	1123.2	1200	1049.6	1104	1113.6	912	956.8
67	1174.4	1088	0	0	969.6	1091.2	1088	873.6	985.6	736	1091.2	729.6
68	812.8	1072	0	0	1097.6	822.4	854.4	1084.8	1088	1011.2	1011.2	793.6
69	988.8	972.8	0	0	912	800	1043.2	633.6	1100.8	1100.8	1228.8	1177.6
70	940.8	1542.4	0	0	1084.8	1158.4	1257.6	848	851.2	912	764.8	716.8
71	1078.4	736	0	0	1232	1078.4	931.2	1193.6	1004.8	1084.8	1030.4	832
72	822.4	1251.2	0	0	1052.8	784	956.8	1017.6	1136	940.8	796.8	835.2
73	1296	860.8	0	0	1152	873.6	1097.6	1222.4	992	1299.2	972.8	684.8
74	1120	825.6	0	0	944	1036.8	780.8	857.6	992	732.8	1340.8	1065.6
75	1116.8	1100.8	0	0	1011.2	944	793.6	828.8	1152	1212.8	1091.2	1142.4
76	755.2	1059.2	0	0	716.8	780.8	966.4	1049.6	1024	1043.2	1203.2	995.2
77	988.8	1027.2	0	0	1065.6	1062.4	585.6	1344	1116.8	937.6	1161.6	1068.8
78	969.6	1001.6	0	0	816	1337.6	1036.8	1187.2	1481.6	1129.6	873.6	1161.6
79	915.2	1139.2	0	0	1046.4	1059.2	1120	1107.2	1388.8	1120	988.8	905.6
80	704	576	0	0	937.6	1206.4	1248	934.4	1180.8	953.6	617.6	1177.6
81	1148.8	928	0	0	1107.2	998.4	969.6	816	1120	665.6	755.2	1027.2
82	1056	1238.4	0	0	1171.2	873.6	697.6	1024	1059.2	883.2	848	761.6
83	800	1148.8	0	0	1001.6	889.6	934.4	883.2	947.2	892.8	1011.2	934.4
84	1075.2	819.2	0	0	892.8	873.6	1113.6	1158.4	822.4	1049.6	1056	937.6
85	1168	1068.8	0	0	992	1059.2	854.4	1155.2	1100.8	803.2	1068.8	963.2
86	1315.2	1001.6	0	0	937.6	1315.2	1193.6	857.6	1113.6	960	1212.8	963.2
87	880	726.4	0	0	988.8	956.8	1107.2	838.4	816	876.8	764.8	908.8
88	947.2	960	0	0	787.2	985.6	828.8	1011.2	1232	806.4	1072	672
89	1014.4	1014.4	0	0	841.6	1049.6	1084.8	768	1216	1030.4	1203.2	793.6
90	934.4	1020.8	0	0	1148.8	1104	736	1084.8	1328	1289.6	841.6	1270.4
(1,0)	(2,3648)	(3,1123)	(4,156)	
(1,0)	(2,275)	(3,0)	(4,0)	
(1,0)	(2,253)	(3,0)	(4,0)	
(1,0)	(2,252)	(3,0)	(4,0)	
(1,0)	(2,225)	(3,0)	(4,0)	
(1,0)	(2,0)	(3,0)	(4,0)	
(1,0)	(2,0)	(3,0)	(4,0)	
(1,0)	(2,0)	(3,0)	(4,0)	
(1,0)	(2,0)	(3,0)	(4,0)	
(1,0)	(2,0)	(3,0)	(4,0)	
(1,0)	(2,0)	(3,0)	(4,0)	
(1,0)	(2,0)	(3,0)	(4,0)	
(1,0)	(2,0)	(3,0)	(4,0)	
avg	994.027	1002.99	0	0	1022.4	1004.16	981.973	982.933	1093.12	971.413	1006.19	938.667
delay	1.93573	1.78815	0.0588235	0.139241	3.69942	3.14662	5.37037	5.43727	2.74165	3.03286	2.93392	2.62727
loss	0	0	0	0	0	0	0	0	0	0	0	0
Command ['/home/ubuntu/ns-3.30-obss/build/scratch/simple-ofdma-adhoc6', '--ofdmaEnabled=true', '--startTime=60', '--totalTime=90', '--packetSize=4e3', '--dataMode=HeMcs5', '--datarate=20e6', '--ratio=0.375', '--RngRun=37', '--locationFile=locationtxt/locationFile42b1.txt', '--routingFile=locationtxt/routingFile42.txt', '--appFile=locationtxt/appFile.txt', '--tcp=0', '--randomTime=true', '--qosDisabled=true'] terminated with signal SIGSEGV. Run it under a debugger to get more information (./waf --run <program> --command-template="gdb --args %s <args>").
