Waf: Entering directory `/home/ubuntu/ns-3.30-obss/build'
Waf: Leaving directory `/home/ubuntu/ns-3.30-obss/build'
Build commands will be stored in build/compile_commands.json
'build' finished successfully (0.624s)
--------------------------Rate[Kbps]--------------------------
Time[s]	cl-1	cl-2	cl-3	cl-4	cl-5	cl-6	cl-7	cl-8	cl-9	cl-10	cl-11	cl-12
60	16.8	16.4	14.4	11	12.2	13.2	16.2	14	15.2	15	13	16.6
61	902.4	806.4	0	0	1145.6	982.4	998.4	752	915.2	1120	1046.4	790.4
62	972.8	1158.4	0	0	880	902.4	1056	992	729.6	1046.4	1094.4	982.4
63	956.8	924.8	0	0	1017.6	940.8	1046.4	780.8	966.4	953.6	1036.8	1283.2
64	1193.6	1187.2	0	0	812.8	806.4	1232	1347.2	864	803.2	1289.6	803.2
65	694.4	1171.2	0	0	1088	1030.4	988.8	1184	886.4	1360	905.6	944
66	838.4	1001.6	0	0	1014.4	742.4	1203.2	1161.6	956.8	675.2	1200	902.4
67	873.6	1017.6	0	0	1062.4	1203.2	748.8	1260.8	780.8	1046.4	1020.8	793.6
68	1164.8	918.4	0	0	1049.6	972.8	982.4	1104	1062.4	1040	1116.8	1046.4
69	908.8	931.2	0	0	1008	1222.4	867.2	1171.2	1049.6	1145.6	720	892.8
70	1244.8	1161.6	0	0	851.2	1120	1065.6	1068.8	950.4	896	1177.6	1308.8
71	940.8	1075.2	0	0	1276.8	752	1001.6	1068.8	1136	1190.4	1059.2	937.6
72	947.2	1049.6	0	0	1072	880	908.8	848	921.6	1273.6	1046.4	1043.2
73	1120	1142.4	0	0	956.8	1180.8	1014.4	796.8	828.8	1030.4	1324.8	1318.4
74	912	1200	0	0	982.4	1136	1164.8	1216	1232	726.4	1030.4	886.4
75	998.4	764.8	0	0	979.2	883.2	1254.4	790.4	876.8	1113.6	566.4	1040
76	1113.6	790.4	0	0	1065.6	1136	1264	742.4	960	1030.4	1043.2	768
77	812.8	1056	0	0	537.6	755.2	608	944	969.6	876.8	873.6	976
78	1196.8	796.8	0	0	921.6	1148.8	966.4	1196.8	873.6	1081.6	800	1056
79	950.4	1328	0	0	886.4	1200	1040	931.2	1132.8	947.2	1232	841.6
80	1177.6	928	0	0	1078.4	1062.4	1001.6	1004.8	1110.4	966.4	748.8	1107.2
81	921.6	636.8	0	0	1187.2	860.8	1011.2	1084.8	1417.6	918.4	1075.2	1116.8
82	966.4	1046.4	0	0	1068.8	1094.4	1388.8	1113.6	995.2	988.8	950.4	835.2
83	793.6	1203.2	0	0	710.4	1241.6	1110.4	675.2	1072	1113.6	873.6	1008
84	844.8	995.2	0	0	995.2	1088	880	1030.4	691.2	515.2	1036.8	1065.6
85	1072	1190.4	0	0	1244.8	995.2	1200	1036.8	841.6	1024	950.4	1113.6
86	1097.6	908.8	0	0	982.4	1084.8	1011.2	969.6	1100.8	796.8	841.6	870.4
87	998.4	1222.4	0	0	982.4	1110.4	1200	905.6	1196.8	1267.2	1136	1094.4
88	921.6	800	0	0	992	1302.4	1075.2	732.8	979.2	944	656	1145.6
89	812.8	1014.4	0	0	1568	896	809.6	1260.8	1097.6	1017.6	918.4	1001.6
90	1027.2	812.8	0	0	972.8	1062.4	1110.4	1264	1161.6	1177.6	713.6	848
(1,0)	(2,3389)	(3,1160)	(4,116)	
(1,0)	(2,242)	(3,0)	(4,0)	
(1,0)	(2,251)	(3,0)	(4,0)	
(1,0)	(2,242)	(3,0)	(4,0)	
(1,0)	(2,253)	(3,0)	(4,0)	
(1,0)	(2,0)	(3,0)	(4,0)	
(1,0)	(2,0)	(3,0)	(4,0)	
(1,0)	(2,0)	(3,0)	(4,0)	
(1,0)	(2,0)	(3,0)	(4,0)	
(1,0)	(2,0)	(3,0)	(4,0)	
(1,0)	(2,0)	(3,0)	(4,0)	
(1,0)	(2,0)	(3,0)	(4,0)	
(1,0)	(2,0)	(3,0)	(4,0)	
avg	979.2	1008	0	0	1013.01	1026.45	1040.32	1014.51	991.893	1002.88	982.827	994.027
delay	2.22456	1.8819	0.0555556	0.0545455	3.68785	3.40948	2.89979	3.24319	6.26125	3.50692	3.63225	5.58144
loss	0	0	0	0	0	0	0	0	0	0	0	0
Command ['/home/ubuntu/ns-3.30-obss/build/scratch/simple-ofdma-adhoc6', '--ofdmaEnabled=true', '--startTime=60', '--totalTime=90', '--packetSize=4e3', '--dataMode=HeMcs5', '--datarate=20e6', '--ratio=0.375', '--RngRun=14', '--locationFile=locationtxt/locationFile42b1.txt', '--routingFile=locationtxt/routingFile42.txt', '--appFile=locationtxt/appFile.txt', '--tcp=0', '--randomTime=true', '--qosDisabled=true'] terminated with signal SIGSEGV. Run it under a debugger to get more information (./waf --run <program> --command-template="gdb --args %s <args>").
