Waf: Entering directory `/home/ubuntu/ns-3.30-obss/build'
Waf: Leaving directory `/home/ubuntu/ns-3.30-obss/build'
Build commands will be stored in build/compile_commands.json
'build' finished successfully (0.748s)
--------------------------Rate[Kbps]--------------------------
Time[s]	cl-1	cl-2	cl-3	cl-4	cl-5	cl-6	cl-7	cl-8	cl-9	cl-10	cl-11	cl-12
60	18.4	13.2	14	16.4	10	14	11.2	15.8	14.8	15.6	9.4	15.8
61	966.4	1152	0	0	1232	1225.6	816	1497.6	985.6	1209.6	1331.2	924.8
62	1280	771.2	0	0	1388.8	1228.8	1446.4	1171.2	892.8	1088	1769.6	1257.6
63	963.2	940.8	0	0	976	934.4	892.8	1104	1193.6	1296	1171.2	1120
64	1219.2	1068.8	0	0	1097.6	668.8	892.8	1030.4	944	960	1299.2	1056
65	1228.8	1193.6	0	0	1033.6	956.8	1212.8	857.6	953.6	1136	816	1340.8
66	1097.6	1174.4	0	0	1369.6	1030.4	995.2	1174.4	988.8	1216	1273.6	908.8
67	1100.8	1081.6	0	0	1072	790.4	1318.4	1315.2	915.2	998.4	1081.6	1408
68	1267.2	1308.8	0	0	1411.2	1200	1606.4	1299.2	1132.8	915.2	1302.4	582.4
69	1392	1040	0	0	1216	947.2	1065.6	1260.8	726.4	928	1104	838.4
70	992	969.6	0	0	1049.6	508.8	1280	928	918.4	1446.4	1132.8	1248
71	1417.6	1308.8	0	0	1132.8	972.8	921.6	880	1116.8	1494.4	937.6	1081.6
72	1091.2	1100.8	0	0	1014.4	787.2	880	867.2	1129.6	1017.6	758.4	1305.6
73	1200	1091.2	0	0	896	819.2	1152	1081.6	979.2	1235.2	1136	704
74	1161.6	822.4	0	0	1273.6	857.6	822.4	1372.8	924.8	1216	764.8	931.2
75	1094.4	1065.6	0	0	691.2	720	1427.2	1174.4	979.2	1017.6	976	988.8
76	1040	1088	0	0	1100.8	844.8	1161.6	896	947.2	1398.4	1206.4	1686.4
77	1155.2	1500.8	0	0	1120	960	1075.2	1065.6	1072	860.8	1078.4	1148.8
78	1110.4	1315.2	0	0	1043.2	921.6	588.8	851.2	1388.8	1382.4	1283.2	1145.6
79	1068.8	1094.4	0	0	995.2	1008	1232	1296	1072	796.8	1299.2	1228.8
80	1350.4	1280	0	0	1065.6	579.2	992	1126.4	1123.2	1283.2	672	860.8
81	844.8	1206.4	0	0	1072	1094.4	1014.4	1187.2	896	956.8	1436.8	1379.2
82	1571.2	1248	0	0	1312	784	886.4	1097.6	889.6	1040	1420.8	966.4
83	944	1014.4	0	0	969.6	985.6	953.6	1123.2	1280	1433.6	956.8	1043.2
84	1065.6	736	0	0	1059.2	928	976	1081.6	1308.8	1164.8	816	1276.8
85	1264	998.4	0	0	1104	854.4	934.4	1001.6	1020.8	1209.6	1062.4	1049.6
86	1222.4	624	0	0	1161.6	1075.2	604.8	1046.4	908.8	1296	1148.8	1401.6
87	793.6	969.6	0	0	1401.6	835.2	1097.6	1235.2	1302.4	896	934.4	1011.2
88	822.4	854.4	0	0	956.8	992	1004.8	950.4	1264	1292.8	1030.4	1145.6
89	1033.6	976	0	0	822.4	860.8	697.6	921.6	1401.6	1033.6	1324.8	1283.2
90	1152	950.4	0	0	950.4	969.6	1152	976	1264	1094.4	1286.4	835.2
(1,0)	(2,5591)	(3,6276)	(4,1429)	
(1,0)	(2,1510)	(3,0)	(4,0)	
(1,0)	(2,1505)	(3,0)	(4,0)	
(1,0)	(2,1493)	(3,0)	(4,0)	
(1,0)	(2,1633)	(3,0)	(4,0)	
(1,0)	(2,0)	(3,0)	(4,0)	
(1,0)	(2,0)	(3,0)	(4,0)	
(1,0)	(2,0)	(3,0)	(4,0)	
(1,0)	(2,0)	(3,0)	(4,0)	
(1,0)	(2,0)	(3,0)	(4,0)	
(1,0)	(2,0)	(3,0)	(4,0)	
(1,0)	(2,0)	(3,0)	(4,0)	
(1,0)	(2,0)	(3,0)	(4,0)	
avg	1130.35	1064.85	0	0	1099.63	911.36	1036.69	1095.68	1064	1143.79	1127.04	1105.28
delay	506.119	490.192	0.0571429	0.0487805	518.199	498.373	526.34	507.498	524.07	528.75	509.218	532.196
loss	0.300245	0.0609579	0	0	0.125471	0.0383481	0.142686	0.0588235	0.10733	0.283951	0.0387931	0.27375
Command ['/home/ubuntu/ns-3.30-obss/build/scratch/simple-ofdma-adhoc6', '--ofdmaEnabled=true', '--startTime=60', '--totalTime=90', '--packetSize=4e3', '--dataMode=HeMcs5', '--datarate=30e6', '--ratio=0.375', '--RngRun=26', '--locationFile=locationtxt/locationFile42b1.txt', '--routingFile=locationtxt/routingFile42.txt', '--appFile=locationtxt/appFile.txt', '--tcp=0', '--randomTime=true', '--qosDisabled=true'] terminated with signal SIGSEGV. Run it under a debugger to get more information (./waf --run <program> --command-template="gdb --args %s <args>").
