Waf: Entering directory `/home/ubuntu/ns-3.30-obss/build'
Waf: Leaving directory `/home/ubuntu/ns-3.30-obss/build'
Build commands will be stored in build/compile_commands.json
'build' finished successfully (0.744s)
--------------------------Rate[Kbps]--------------------------
Time[s]	cl-1	cl-2	cl-3	cl-4	cl-5	cl-6	cl-7	cl-8	cl-9	cl-10	cl-11	cl-12
60	18.6	17	12.2	13	13.4	14.4	18.4	14.4	15.4	13.8	17.4	16
61	681.6	684.8	0	0	544	614.4	614.4	566.4	579.2	630.4	736	825.6
62	560	636.8	0	0	758.4	803.2	627.2	848	972.8	812.8	640	761.6
63	620.8	793.6	0	0	611.2	835.2	672	608	675.2	707.2	684.8	643.2
64	787.2	854.4	0	0	755.2	704	601.6	515.2	713.6	867.2	867.2	499.2
65	742.4	400	0	0	758.4	732.8	758.4	604.8	867.2	524.8	864	899.2
66	739.2	579.2	0	0	822.4	563.2	585.6	972.8	665.6	835.2	617.6	816
67	572.8	716.8	0	0	736	710.4	784	876.8	905.6	928	576	694.4
68	713.6	800	0	0	592	752	646.4	732.8	665.6	563.2	748.8	806.4
69	1142.4	819.2	0	0	640	742.4	678.4	835.2	720	880	787.2	803.2
70	688	736	0	0	582.4	508.8	774.4	896	819.2	809.6	937.6	665.6
71	832	748.8	0	0	704	844.8	480	857.6	678.4	822.4	723.2	755.2
72	732.8	659.2	0	0	486.4	800	614.4	572.8	812.8	726.4	752	796.8
73	726.4	764.8	0	0	870.4	748.8	707.2	806.4	806.4	739.2	521.6	620.8
74	556.8	656	0	0	627.2	928	729.6	841.6	585.6	812.8	787.2	848
75	675.2	694.4	0	0	588.8	540.8	758.4	774.4	742.4	739.2	784	684.8
76	828.8	835.2	0	0	588.8	915.2	1091.2	608	713.6	729.6	633.6	796.8
77	684.8	688	0	0	697.6	761.6	400	838.4	710.4	784	899.2	873.6
78	784	755.2	0	0	476.8	688	480	723.2	940.8	726.4	816	633.6
79	723.2	745.6	0	0	716.8	710.4	576	806.4	1091.2	499.2	652.8	688
80	688	1059.2	0	0	592	643.2	700.8	787.2	377.6	832	678.4	1078.4
81	713.6	796.8	0	0	633.6	684.8	582.4	835.2	947.2	518.4	886.4	758.4
82	742.4	992	0	0	908.8	870.4	812.8	457.6	521.6	844.8	838.4	636.8
83	742.4	790.4	0	0	646.4	572.8	739.2	716.8	928	1027.2	780.8	716.8
84	832	864	0	0	726.4	819.2	860.8	707.2	732.8	841.6	758.4	809.6
85	921.6	854.4	0	0	950.4	697.6	848	912	752	697.6	912	707.2
86	924.8	844.8	0	0	851.2	595.2	492.8	534.4	710.4	880	646.4	787.2
87	777.6	636.8	0	0	918.4	668.8	636.8	550.4	880	835.2	790.4	592
88	809.6	902.4	0	0	841.6	688	668.8	758.4	614.4	652.8	876.8	729.6
89	614.4	697.6	0	0	640	918.4	841.6	697.6	739.2	608	604.8	732.8
90	796.8	803.2	0	0	566.4	1014.4	588.8	726.4	755.2	825.6	828.8	704
(1,0)	(2,1559)	(3,255)	(4,17)	
(1,0)	(2,55)	(3,0)	(4,0)	
(1,0)	(2,61)	(3,0)	(4,0)	
(1,0)	(2,91)	(3,0)	(4,0)	
(1,0)	(2,84)	(3,0)	(4,0)	
(1,0)	(2,0)	(3,0)	(4,0)	
(1,0)	(2,0)	(3,0)	(4,0)	
(1,0)	(2,0)	(3,0)	(4,0)	
(1,0)	(2,0)	(3,0)	(4,0)	
(1,0)	(2,0)	(3,0)	(4,0)	
(1,0)	(2,0)	(3,0)	(4,0)	
(1,0)	(2,0)	(3,0)	(4,0)	
(1,0)	(2,0)	(3,0)	(4,0)	
avg	745.173	760.32	0	0	694.4	735.893	678.4	732.267	754.133	756.693	754.347	745.493
delay	1.74328	1.68254	0.0491803	0.0461538	1.34769	1.65429	3.13315	3.22525	1.31014	3.24362	1.72512	1.72152
loss	0	0	0	0	0	0	0	0	0	0	0	0
Command ['/home/ubuntu/ns-3.30-obss/build/scratch/simple-ofdma-adhoc6', '--ofdmaEnabled=true', '--startTime=60', '--totalTime=90', '--packetSize=4e3', '--dataMode=HeMcs5', '--datarate=15e6', '--ratio=0.375', '--RngRun=32', '--locationFile=locationtxt/locationFile42b1.txt', '--routingFile=locationtxt/routingFile42.txt', '--appFile=locationtxt/appFile.txt', '--tcp=0', '--randomTime=true', '--qosDisabled=true'] terminated with signal SIGSEGV. Run it under a debugger to get more information (./waf --run <program> --command-template="gdb --args %s <args>").
