Waf: Entering directory `/home/ubuntu/ns-3.30-obss/build'
Waf: Leaving directory `/home/ubuntu/ns-3.30-obss/build'
Build commands will be stored in build/compile_commands.json
'build' finished successfully (1.028s)
--------------------------Rate[Kbps]--------------------------
Time[s]	cl-1	cl-2	cl-3	cl-4	cl-5	cl-6	cl-7	cl-8
60	15.2	13.8	13.4	12.6	15.4	16.4	14.8	15.8
61	0	0	659.2	1065.6	998.4	979.2	1222.4	1200
62	0	0	1420.8	902.4	1321.6	1254.4	1164.8	1043.2
63	0	0	841.6	1340.8	1769.6	1120	1001.6	1062.4
64	0	0	1379.2	908.8	1126.4	1420.8	1600	1427.2
65	0	0	1574.4	1324.8	1148.8	1168	1475.2	1401.6
66	0	0	1302.4	1094.4	1350.4	1043.2	1296	1545.6
67	0	0	1510.4	908.8	1337.6	1097.6	1420.8	1161.6
68	0	0	1260.8	1305.6	1123.2	1062.4	1715.2	1593.6
69	0	0	1292.8	1164.8	934.4	1254.4	1116.8	1049.6
70	0	0	1356.8	1152	1312	1139.2	1171.2	1292.8
71	0	0	1612.8	1142.4	1180.8	1193.6	1014.4	1219.2
72	0	0	1382.4	1542.4	1126.4	1382.4	1052.8	1068.8
73	0	0	1539.2	1280	1257.6	1334.4	1161.6	1360
74	0	0	1283.2	1491.2	1052.8	1267.2	1280	1488
75	0	0	1376	1532.8	1225.6	1571.2	1606.4	908.8
76	0	0	1296	1388.8	924.8	1350.4	1340.8	1510.4
77	0	0	1126.4	1238.4	1238.4	1414.4	1536	1414.4
78	0	0	1436.8	1641.6	1273.6	937.6	1184	1427.2
79	0	0	1305.6	1312	1212.8	1513.6	1164.8	1641.6
80	0	0	1600	1289.6	1094.4	1289.6	1372.8	1356.8
81	0	0	1475.2	1363.2	1462.4	1238.4	1030.4	1024
82	0	0	1724.8	950.4	1097.6	1340.8	1075.2	1110.4
83	0	0	1286.4	1174.4	1334.4	960	1049.6	1206.4
84	0	0	934.4	1120	1257.6	1187.2	1344	908.8
85	0	0	1209.6	1113.6	1132.8	1232	1100.8	1369.6
86	0	0	1334.4	1353.6	1206.4	1299.2	1366.4	1174.4
87	0	0	1036.8	1113.6	1312	992	956.8	1068.8
88	0	0	1446.4	752	1539.2	1353.6	1568	928
89	0	0	1273.6	1072	950.4	1427.2	1081.6	1392
90	0	0	1564.8	1257.6	1344	934.4	1350.4	972.8
(1,0)	(2,6846)	(3,0)	(4,0)	
(1,0)	(2,1483)	(3,223)	(4,0)	
(1,0)	(2,1582)	(3,279)	(4,0)	
(1,0)	(2,0)	(3,0)	(4,0)	
(1,0)	(2,0)	(3,0)	(4,0)	
(1,0)	(2,0)	(3,0)	(4,0)	
(1,0)	(2,0)	(3,0)	(4,0)	
(1,0)	(2,0)	(3,0)	(4,0)	
(1,0)	(2,0)	(3,0)	(4,0)	
avg	0	0	1328.11	1209.92	1221.55	1225.28	1260.69	1244.27
delay	0.0789474	0.0869565	60.76	68.8937	67.9637	69.05	65.7066	70.9433
loss	0	0	0.00159744	0.00149477	0	0	0	0
Command ['/home/ubuntu/ns-3.30-obss/build/scratch/simple-ofdma-adhoc6', '--ofdmaEnabled=true', '--startTime=60', '--totalTime=90', '--packetSize=4e3', '--dataMode=HeMcs3', '--datarate=15e6', '--ratio=0.375', '--RngRun=12', '--locationFile=locationtxt/locationFile23.txt', '--routingFile=locationtxt/routingFile23.txt', '--appFile=locationtxt/appFile.txt', '--tcp=0', '--randomTime=true', '--qosDisabled=true'] terminated with signal SIGSEGV. Run it under a debugger to get more information (./waf --run <program> --command-template="gdb --args %s <args>").
