Waf: Entering directory `/home/ubuntu/ns-3.30-obss/build'
Waf: Leaving directory `/home/ubuntu/ns-3.30-obss/build'
Build commands will be stored in build/compile_commands.json
'build' finished successfully (0.630s)
--------------------------Rate[Kbps]--------------------------
Time[s]	cl-1	cl-2	cl-3	cl-4	cl-5	cl-6	cl-7	cl-8
60	15	11.2	12.8	11.8	12.4	17	11.8	13.6
61	0	0	1017.6	1452.8	934.4	1212.8	1177.6	1270.4
62	0	0	1056	1494.4	966.4	1702.4	1004.8	1507.2
63	0	0	1273.6	1075.2	1513.6	1360	1017.6	1667.2
64	0	0	1520	1033.6	1408	1139.2	940.8	1046.4
65	0	0	1347.2	1401.6	1052.8	1209.6	1286.4	1318.4
66	0	0	1267.2	1420.8	1251.2	892.8	1436.8	1155.2
67	0	0	1392	832	1452.8	860.8	1107.2	1081.6
68	0	0	1366.4	1382.4	1152	1347.2	1478.4	1190.4
69	0	0	1132.8	1385.6	928	1440	1350.4	1673.6
70	0	0	1184	1577.6	1177.6	1228.8	1344	1129.6
71	0	0	864	947.2	1104	588.8	1417.6	1206.4
72	0	0	1155.2	1203.2	1276.8	1232	972.8	1577.6
73	0	0	1497.6	1344	825.6	1372.8	1222.4	1484.8
74	0	0	1267.2	1385.6	1347.2	1180.8	1507.2	1257.6
75	0	0	1443.2	1366.4	1209.6	953.6	1424	1014.4
76	0	0	1542.4	1187.2	1024	1564.8	1318.4	1347.2
77	0	0	1203.2	1145.6	1299.2	1017.6	1078.4	1235.2
78	0	0	1286.4	1244.8	1049.6	1286.4	1142.4	1049.6
79	0	0	1068.8	1107.2	1283.2	1139.2	1593.6	1574.4
80	0	0	1305.6	1347.2	1164.8	1209.6	1350.4	1264
81	0	0	1331.2	1152	1424	1004.8	947.2	1251.2
82	0	0	1628.8	1264	1219.2	886.4	899.2	1312
83	0	0	1433.6	1232	1420.8	1360	1152	1161.6
84	0	0	1001.6	1116.8	1401.6	1084.8	1065.6	1132.8
85	0	0	1187.2	1331.2	1299.2	1324.8	1273.6	1283.2
86	0	0	1033.6	1398.4	988.8	1507.2	1590.4	1260.8
87	0	0	1328	1584	1305.6	1260.8	1558.4	998.4
88	0	0	1449.6	1616	1468.8	822.4	1440	1180.8
89	0	0	1222.4	1382.4	1446.4	1091.2	1142.4	1350.4
90	0	0	1036.8	1507.2	1040	1571.2	1187.2	1376
(1,0)	(2,6823)	(3,0)	(4,0)	
(1,0)	(2,1564)	(3,306)	(4,0)	
(1,0)	(2,1560)	(3,258)	(4,0)	
(1,0)	(2,0)	(3,0)	(4,0)	
(1,0)	(2,0)	(3,0)	(4,0)	
(1,0)	(2,0)	(3,0)	(4,0)	
(1,0)	(2,0)	(3,0)	(4,0)	
(1,0)	(2,0)	(3,0)	(4,0)	
(1,0)	(2,0)	(3,0)	(4,0)	
avg	0	0	1261.44	1297.28	1214.51	1195.09	1247.57	1278.61
delay	0.173333	0.0714286	38.8819	39.8362	44.6254	44.1705	42.614	39.2951
loss	0	0	0.00273973	0.00141044	0.00143885	0	0	0.00176367
Command ['/home/ubuntu/ns-3.30-obss/build/scratch/simple-ofdma-adhoc6', '--ofdmaEnabled=true', '--startTime=60', '--totalTime=90', '--packetSize=4e3', '--dataMode=HeMcs3', '--datarate=15e6', '--ratio=0.375', '--RngRun=16', '--locationFile=locationtxt/locationFile23.txt', '--routingFile=locationtxt/routingFile23.txt', '--appFile=locationtxt/appFile.txt', '--tcp=0', '--randomTime=true', '--qosDisabled=true'] terminated with signal SIGSEGV. Run it under a debugger to get more information (./waf --run <program> --command-template="gdb --args %s <args>").
