Waf: Entering directory `/home/ubuntu/ns-3.30-obss/build'
Waf: Leaving directory `/home/ubuntu/ns-3.30-obss/build'
Build commands will be stored in build/compile_commands.json
'build' finished successfully (1.228s)
--------------------------Rate[Kbps]--------------------------
Time[s]	cl-1	cl-2	cl-3	cl-4	cl-5	cl-6	cl-7	cl-8
60	14.2	15	16	12.8	15.2	16.6	13.6	15
61	0	0	1020.8	998.4	1385.6	1372.8	1062.4	1027.2
62	0	0	694.4	937.6	889.6	1049.6	1046.4	1001.6
63	0	0	902.4	979.2	803.2	880	867.2	1148.8
64	0	0	752	966.4	710.4	700.8	1036.8	947.2
65	0	0	812.8	841.6	604.8	921.6	707.2	784
66	0	0	729.6	892.8	1075.2	883.2	870.4	1152
67	0	0	1254.4	963.2	931.2	908.8	1027.2	780.8
68	0	0	969.6	774.4	723.2	483.2	752	985.6
69	0	0	777.6	857.6	1145.6	924.8	681.6	1148.8
70	0	0	659.2	940.8	960	940.8	729.6	774.4
71	0	0	803.2	1097.6	742.4	979.2	1033.6	918.4
72	0	0	819.2	889.6	755.2	764.8	873.6	947.2
73	0	0	892.8	1049.6	819.2	857.6	883.2	873.6
74	0	0	908.8	979.2	780.8	1100.8	803.2	1004.8
75	0	0	745.6	912	892.8	1132.8	800	857.6
76	0	0	611.2	787.2	1052.8	825.6	675.2	796.8
77	0	0	928	998.4	809.6	896	995.2	876.8
78	0	0	636.8	944	982.4	764.8	953.6	960
79	0	0	841.6	912	931.2	934.4	828.8	547.2
80	0	0	841.6	796.8	944	819.2	950.4	771.2
81	0	0	777.6	604.8	1017.6	886.4	691.2	1164.8
82	0	0	1148.8	931.2	726.4	809.6	844.8	1129.6
83	0	0	681.6	921.6	832	896	921.6	867.2
84	0	0	704	652.8	656	1081.6	768	966.4
85	0	0	1142.4	1168	1065.6	873.6	518.4	892.8
86	0	0	857.6	854.4	796.8	1100.8	873.6	806.4
87	0	0	681.6	627.2	1081.6	979.2	723.2	614.4
88	0	0	860.8	1043.2	755.2	608	1107.2	771.2
89	0	0	956.8	745.6	819.2	684.8	828.8	841.6
90	0	0	822.4	736	745.6	1225.6	579.2	828.8
(1,0)	(2,8865)	(3,0)	(4,0)	
(1,0)	(2,1961)	(3,491)	(4,0)	
(1,0)	(2,1986)	(3,462)	(4,0)	
(1,0)	(2,0)	(3,0)	(4,0)	
(1,0)	(2,0)	(3,0)	(4,0)	
(1,0)	(2,0)	(3,0)	(4,0)	
(1,0)	(2,0)	(3,0)	(4,0)	
(1,0)	(2,0)	(3,0)	(4,0)	
(1,0)	(2,0)	(3,0)	(4,0)	
avg	0	0	841.173	893.44	881.173	909.547	847.787	906.24
delay	0.0704225	0.133333	600.35	536.967	538.688	532.367	594.846	606.467
loss	0	0	0.857884	0.267424	0.265201	0.269525	0.601394	0.602292
Command ['/home/ubuntu/ns-3.30-obss/build/scratch/simple-ofdma-adhoc6', '--ofdmaEnabled=true', '--startTime=60', '--totalTime=90', '--packetSize=4e3', '--dataMode=HeMcs3', '--datarate=40e6', '--ratio=0.375', '--RngRun=15', '--locationFile=locationtxt/locationFile23.txt', '--routingFile=locationtxt/routingFile23.txt', '--appFile=locationtxt/appFile.txt', '--tcp=0', '--randomTime=true', '--qosDisabled=true'] terminated with signal SIGSEGV. Run it under a debugger to get more information (./waf --run <program> --command-template="gdb --args %s <args>").
