Waf: Entering directory `/home/ubuntu/ns-3.30-obss/build'
Waf: Leaving directory `/home/ubuntu/ns-3.30-obss/build'
Build commands will be stored in build/compile_commands.json
'build' finished successfully (0.732s)
--------------------------Rate[Kbps]--------------------------
Time[s]	cl-1	cl-2	cl-3	cl-4	cl-5	cl-6	cl-7	cl-8
60	11.2	15.8	13.8	16	16	17.6	15	15.6
61	0	0	1216	1088	1664	1001.6	1177.6	1388.8
62	0	0	1036.8	1139.2	1059.2	921.6	1088	652.8
63	0	0	1155.2	960	713.6	1004.8	838.4	1107.2
64	0	0	1081.6	931.2	979.2	1017.6	736	752
65	0	0	1232	1113.6	627.2	691.2	796.8	1171.2
66	0	0	1145.6	1164.8	668.8	777.6	739.2	1219.2
67	0	0	924.8	1094.4	1123.2	739.2	912	860.8
68	0	0	889.6	713.6	956.8	851.2	796.8	1286.4
69	0	0	1171.2	1260.8	1001.6	1065.6	982.4	835.2
70	0	0	1072	860.8	889.6	771.2	1129.6	1088
71	0	0	726.4	630.4	1068.8	1024	675.2	947.2
72	0	0	860.8	864	1081.6	902.4	944	1027.2
73	0	0	902.4	1001.6	1008	764.8	908.8	1062.4
74	0	0	1417.6	819.2	649.6	1228.8	1056	1158.4
75	0	0	729.6	886.4	1193.6	947.2	937.6	857.6
76	0	0	953.6	739.2	1001.6	944	1187.2	656
77	0	0	995.2	1020.8	1008	844.8	668.8	1136
78	0	0	793.6	1033.6	873.6	860.8	998.4	860.8
79	0	0	908.8	1168	1260.8	816	822.4	787.2
80	0	0	889.6	982.4	771.2	1030.4	960	924.8
81	0	0	1145.6	1312	774.4	1123.2	1011.2	665.6
82	0	0	1372.8	723.2	707.2	1292.8	1011.2	803.2
83	0	0	838.4	1072	857.6	844.8	860.8	963.2
84	0	0	851.2	838.4	860.8	1232	678.4	784
85	0	0	1075.2	848	812.8	1126.4	816	1059.2
86	0	0	806.4	953.6	1116.8	1033.6	816	752
87	0	0	889.6	896	854.4	835.2	956.8	1046.4
88	0	0	825.6	937.6	1056	723.2	1203.2	828.8
89	0	0	937.6	755.2	1116.8	1004.8	969.6	992
90	0	0	889.6	969.6	1024	1113.6	854.4	988.8
(1,0)	(2,9116)	(3,0)	(4,0)	
(1,0)	(2,1982)	(3,395)	(4,0)	
(1,0)	(2,1859)	(3,331)	(4,0)	
(1,0)	(2,0)	(3,0)	(4,0)	
(1,0)	(2,0)	(3,0)	(4,0)	
(1,0)	(2,0)	(3,0)	(4,0)	
(1,0)	(2,0)	(3,0)	(4,0)	
(1,0)	(2,0)	(3,0)	(4,0)	
(1,0)	(2,0)	(3,0)	(4,0)	
avg	0	0	991.147	959.253	959.36	951.147	917.76	955.413
delay	0.0714286	0.0759494	535.838	538.778	520.948	532.073	524.297	529.081
loss	0	0	0.353698	0.385965	0.698427	0.676417	0.704261	0.691845
Command ['/home/ubuntu/ns-3.30-obss/build/scratch/simple-ofdma-adhoc6', '--ofdmaEnabled=true', '--startTime=60', '--totalTime=90', '--packetSize=4e3', '--dataMode=HeMcs3', '--datarate=30e6', '--ratio=0.375', '--RngRun=21', '--locationFile=locationtxt/locationFile23.txt', '--routingFile=locationtxt/routingFile23.txt', '--appFile=locationtxt/appFile.txt', '--tcp=0', '--randomTime=true', '--qosDisabled=true'] terminated with signal SIGSEGV. Run it under a debugger to get more information (./waf --run <program> --command-template="gdb --args %s <args>").
