Waf: Entering directory `/home/ubuntu/ns-3.30-obss/build'
Waf: Leaving directory `/home/ubuntu/ns-3.30-obss/build'
Build commands will be stored in build/compile_commands.json
'build' finished successfully (0.746s)
--------------------------Rate[Kbps]--------------------------
Time[s]	cl-1	cl-2	cl-3	cl-4	cl-5	cl-6	cl-7	cl-8
60	13.4	11.6	15.2	15.6	15.8	16.4	13.8	16.2
61	0	0	1964.8	1136	944	905.6	1315.2	883.2
62	0	0	1180.8	665.6	1187.2	1276.8	1148.8	1596.8
63	0	0	1449.6	1232	1331.2	1158.4	1008	1280
64	0	0	857.6	1324.8	1033.6	761.6	1596.8	1385.6
65	0	0	1452.8	1084.8	963.2	1299.2	1017.6	1417.6
66	0	0	1046.4	1280	1235.2	1574.4	953.6	828.8
67	0	0	1260.8	1276.8	1056	1059.2	867.2	1056
68	0	0	1248	1414.4	1257.6	556.8	976	896
69	0	0	614.4	835.2	752	1616	1555.2	1587.2
70	0	0	1702.4	1388.8	1190.4	854.4	1408	707.2
71	0	0	1049.6	1177.6	915.2	1043.2	1427.2	1318.4
72	0	0	1097.6	950.4	1324.8	1088	963.2	1411.2
73	0	0	806.4	1123.2	1030.4	1235.2	1209.6	1177.6
74	0	0	1107.2	1193.6	1017.6	1270.4	1225.6	1337.6
75	0	0	716.8	1676.8	1075.2	1347.2	1062.4	1052.8
76	0	0	1030.4	1184	1315.2	1340.8	1187.2	937.6
77	0	0	969.6	998.4	1334.4	931.2	1107.2	966.4
78	0	0	1104	1004.8	899.2	1100.8	736	1497.6
79	0	0	1033.6	1488	800	1228.8	1110.4	1558.4
80	0	0	908.8	1174.4	1260.8	1065.6	1443.2	998.4
81	0	0	1056	1216	896	1177.6	1740.8	1113.6
82	0	0	870.4	1344	1129.6	1916.8	899.2	1305.6
83	0	0	828.8	1100.8	1507.2	1196.8	1043.2	1222.4
84	0	0	1068.8	1369.6	1270.4	1244.8	1168	1385.6
85	0	0	1120	1078.4	595.2	1104	1747.2	1190.4
86	0	0	1926.4	963.2	1212.8	966.4	1024	1123.2
87	0	0	1219.2	1072	1296	1318.4	1017.6	694.4
88	0	0	1232	979.2	953.6	816	931.2	1696
89	0	0	1401.6	1337.6	1414.4	899.2	841.6	1273.6
90	0	0	1123.2	1264	1292.8	924.8	921.6	1488
(1,0)	(2,8664)	(3,0)	(4,0)	
(1,0)	(2,1971)	(3,361)	(4,0)	
(1,0)	(2,2122)	(3,460)	(4,0)	
(1,0)	(2,0)	(3,0)	(4,0)	
(1,0)	(2,0)	(3,0)	(4,0)	
(1,0)	(2,0)	(3,0)	(4,0)	
(1,0)	(2,0)	(3,0)	(4,0)	
(1,0)	(2,0)	(3,0)	(4,0)	
(1,0)	(2,0)	(3,0)	(4,0)	
avg	0	0	1148.27	1177.81	1116.37	1142.61	1155.09	1212.91
delay	0.0746269	0.0689655	482.815	495.999	500.44	503.733	494.049	505.848
loss	0	0	0.284076	0.10333	0.106383	0.098338	0.102477	0.253197
Command ['/home/ubuntu/ns-3.30-obss/build/scratch/simple-ofdma-adhoc6', '--ofdmaEnabled=true', '--startTime=60', '--totalTime=90', '--packetSize=4e3', '--dataMode=HeMcs3', '--datarate=20e6', '--ratio=0.375', '--RngRun=19', '--locationFile=locationtxt/locationFile23.txt', '--routingFile=locationtxt/routingFile23.txt', '--appFile=locationtxt/appFile.txt', '--tcp=0', '--randomTime=true', '--qosDisabled=true'] terminated with signal SIGSEGV. Run it under a debugger to get more information (./waf --run <program> --command-template="gdb --args %s <args>").
