Waf: Entering directory `/home/ubuntu/ns-3.30-obss/build'
Waf: Leaving directory `/home/ubuntu/ns-3.30-obss/build'
Build commands will be stored in build/compile_commands.json
'build' finished successfully (0.584s)
--------------------------Rate[Kbps]--------------------------
Time[s]	cl-1	cl-2	cl-3	cl-4	cl-5	cl-6	cl-7	cl-8
60	14	15	14.2	15.6	12.6	13.6	14.6	15
61	0	0	1292.8	1132.8	1590.4	953.6	1161.6	1257.6
62	0	0	1276.8	1590.4	1238.4	1500.8	912	1222.4
63	0	0	1561.6	1228.8	1161.6	1603.2	1100.8	1065.6
64	0	0	1248	1075.2	1430.4	1520	1139.2	988.8
65	0	0	1478.4	998.4	1126.4	979.2	1168	1190.4
66	0	0	777.6	1433.6	1356.8	1270.4	1027.2	1244.8
67	0	0	1548.8	873.6	1084.8	979.2	819.2	1660.8
68	0	0	1174.4	1228.8	1116.8	876.8	1235.2	1385.6
69	0	0	1046.4	1446.4	915.2	1043.2	1107.2	1344
70	0	0	1267.2	1024	1203.2	1033.6	976	931.2
71	0	0	1203.2	937.6	1744	1260.8	796.8	1539.2
72	0	0	1494.4	1120	931.2	1356.8	1328	966.4
73	0	0	1376	1395.2	1558.4	1225.6	790.4	1187.2
74	0	0	1276.8	1283.2	912	1289.6	1116.8	899.2
75	0	0	1408	1024	1062.4	1664	969.6	710.4
76	0	0	1363.2	1059.2	1251.2	1289.6	876.8	1196.8
77	0	0	678.4	1244.8	1417.6	1177.6	550.4	1312
78	0	0	1049.6	1241.6	953.6	1219.2	1283.2	1164.8
79	0	0	582.4	956.8	1225.6	1404.8	1184	1513.6
80	0	0	1276.8	1177.6	1353.6	1052.8	1158.4	848
81	0	0	1440	1219.2	1267.2	1452.8	912	992
82	0	0	1235.2	1292.8	1334.4	851.2	1353.6	944
83	0	0	1209.6	1411.2	1408	918.4	854.4	1190.4
84	0	0	1308.8	950.4	1222.4	953.6	1168	1254.4
85	0	0	1078.4	1280	1024	1088	1398.4	1283.2
86	0	0	1344	960	1347.2	915.2	1209.6	883.2
87	0	0	1267.2	944	1017.6	915.2	1024	1395.2
88	0	0	1040	918.4	1184	1318.4	1139.2	1222.4
89	0	0	1190.4	1440	931.2	1500.8	1625.6	707.2
90	0	0	1171.2	1142.4	960	1334.4	841.6	1078.4
(1,0)	(2,8665)	(3,0)	(4,0)	
(1,0)	(2,1922)	(3,324)	(4,0)	
(1,0)	(2,2037)	(3,343)	(4,0)	
(1,0)	(2,0)	(3,0)	(4,0)	
(1,0)	(2,0)	(3,0)	(4,0)	
(1,0)	(2,0)	(3,0)	(4,0)	
(1,0)	(2,0)	(3,0)	(4,0)	
(1,0)	(2,0)	(3,0)	(4,0)	
(1,0)	(2,0)	(3,0)	(4,0)	
avg	0	0	1222.19	1167.68	1210.99	1198.29	1074.24	1152.64
delay	0.0714286	0.12	486.862	475.913	477.605	496.965	492.563	489.528
loss	0	0	0.0978723	0.087156	0.0715084	0.0905077	0.0990991	0.106152
Command ['/home/ubuntu/ns-3.30-obss/build/scratch/simple-ofdma-adhoc6', '--ofdmaEnabled=true', '--startTime=60', '--totalTime=90', '--packetSize=4e3', '--dataMode=HeMcs3', '--datarate=20e6', '--ratio=0.375', '--RngRun=3', '--locationFile=locationtxt/locationFile23.txt', '--routingFile=locationtxt/routingFile23.txt', '--appFile=locationtxt/appFile.txt', '--tcp=0', '--randomTime=true', '--qosDisabled=true'] terminated with signal SIGSEGV. Run it under a debugger to get more information (./waf --run <program> --command-template="gdb --args %s <args>").
