Waf: Entering directory `/home/ubuntu/ns-3.30-obss/build'
Waf: Leaving directory `/home/ubuntu/ns-3.30-obss/build'
Build commands will be stored in build/compile_commands.json
'build' finished successfully (0.998s)
--------------------------Rate[Kbps]--------------------------
Time[s]	cl-1	cl-2	cl-3	cl-4	cl-5	cl-6	cl-7	cl-8
60	13.6	13.8	16.2	12.8	16.2	15.4	16.2	16.4
61	0	0	1488	1206.4	1206.4	1267.2	1446.4	1126.4
62	0	0	1091.2	1030.4	1286.4	966.4	1283.2	1027.2
63	0	0	1241.6	848	854.4	902.4	1091.2	876.8
64	0	0	860.8	678.4	902.4	1433.6	867.2	1014.4
65	0	0	921.6	1113.6	1030.4	937.6	860.8	1014.4
66	0	0	1017.6	1017.6	1168	1132.8	1142.4	857.6
67	0	0	979.2	1081.6	1161.6	1116.8	960	806.4
68	0	0	899.2	982.4	1286.4	729.6	1328	976
69	0	0	1190.4	953.6	1200	633.6	1059.2	1360
70	0	0	1369.6	969.6	963.2	902.4	905.6	960
71	0	0	832	1046.4	1321.6	950.4	880	1158.4
72	0	0	1376	896	969.6	1398.4	1020.8	1020.8
73	0	0	1164.8	707.2	1088	1212.8	1158.4	1136
74	0	0	976	1292.8	1081.6	857.6	940.8	745.6
75	0	0	1148.8	1257.6	1056	918.4	780.8	1052.8
76	0	0	684.8	1139.2	1059.2	1059.2	1216	867.2
77	0	0	1241.6	937.6	748.8	1264	640	867.2
78	0	0	828.8	960	1049.6	1030.4	1171.2	1062.4
79	0	0	860.8	1312	1056	1238.4	1030.4	1184
80	0	0	1145.6	1084.8	876.8	1532.8	672	1014.4
81	0	0	761.6	1283.2	1113.6	822.4	1075.2	985.6
82	0	0	784	1558.4	1219.2	1020.8	1196.8	1014.4
83	0	0	1120	947.2	1273.6	838.4	1072	752
84	0	0	992	1180.8	736	1388.8	985.6	953.6
85	0	0	886.4	758.4	1200	793.6	774.4	1686.4
86	0	0	1097.6	1353.6	1049.6	1392	1033.6	435.2
87	0	0	1587.2	710.4	1254.4	963.2	963.2	1132.8
88	0	0	1414.4	828.8	1411.2	1331.2	748.8	1046.4
89	0	0	979.2	928	979.2	1126.4	1104	982.4
90	0	0	1107.2	1068.8	1001.6	1260.8	732.8	838.4
(1,0)	(2,8768)	(3,0)	(4,0)	
(1,0)	(2,1967)	(3,319)	(4,0)	
(1,0)	(2,1950)	(3,353)	(4,0)	
(1,0)	(2,0)	(3,0)	(4,0)	
(1,0)	(2,0)	(3,0)	(4,0)	
(1,0)	(2,0)	(3,0)	(4,0)	
(1,0)	(2,0)	(3,0)	(4,0)	
(1,0)	(2,0)	(3,0)	(4,0)	
(1,0)	(2,0)	(3,0)	(4,0)	
avg	0	0	1068.27	1037.76	1086.83	1080.75	1004.69	998.507
delay	0.0735294	0.0724638	504.373	504.969	507.718	510.714	502.228	505.636
loss	0	0	0.200893	0.242045	0.214012	0.529299	0.2	0.22155
Command ['/home/ubuntu/ns-3.30-obss/build/scratch/simple-ofdma-adhoc6', '--ofdmaEnabled=true', '--startTime=60', '--totalTime=90', '--packetSize=4e3', '--dataMode=HeMcs3', '--datarate=25e6', '--ratio=0.375', '--RngRun=46', '--locationFile=locationtxt/locationFile23.txt', '--routingFile=locationtxt/routingFile23.txt', '--appFile=locationtxt/appFile.txt', '--tcp=0', '--randomTime=true', '--qosDisabled=true'] terminated with signal SIGSEGV. Run it under a debugger to get more information (./waf --run <program> --command-template="gdb --args %s <args>").
