Waf: Entering directory `/home/ubuntu/ns-3.30-obss/build'
Waf: Leaving directory `/home/ubuntu/ns-3.30-obss/build'
Build commands will be stored in build/compile_commands.json
'build' finished successfully (0.694s)
--------------------------Rate[Kbps]--------------------------
Time[s]	cl-1	cl-2	cl-3	cl-4	cl-5	cl-6	cl-7	cl-8
60	14	15	14.2	15.6	12.6	13.6	14.6	15
61	0	0	371.2	387.2	492.8	265.6	377.6	435.2
62	0	0	435.2	406.4	348.8	553.6	294.4	364.8
63	0	0	416	358.4	409.6	467.2	320	268.8
64	0	0	464	403.2	457.6	486.4	432	374.4
65	0	0	374.4	496	454.4	284.8	412.8	544
66	0	0	464	473.6	406.4	416	329.6	416
67	0	0	457.6	390.4	428.8	339.2	384	592
68	0	0	371.2	454.4	364.8	489.6	364.8	499.2
69	0	0	416	348.8	380.8	406.4	419.2	432
70	0	0	448	428.8	486.4	393.6	300.8	460.8
71	0	0	467.2	368	419.2	348.8	390.4	262.4
72	0	0	438.4	448	464	400	316.8	345.6
73	0	0	380.8	345.6	326.4	316.8	272	332.8
74	0	0	470.4	409.6	419.2	592	371.2	355.2
75	0	0	521.6	448	390.4	492.8	320	336
76	0	0	297.6	380.8	486.4	470.4	332.8	428.8
77	0	0	374.4	512	409.6	451.2	480	492.8
78	0	0	419.2	358.4	470.4	409.6	352	512
79	0	0	316.8	364.8	438.4	496	403.2	432
80	0	0	374.4	416	374.4	444.8	422.4	438.4
81	0	0	409.6	400	380.8	374.4	352	307.2
82	0	0	505.6	400	534.4	275.2	406.4	326.4
83	0	0	419.2	457.6	467.2	403.2	387.2	384
84	0	0	476.8	454.4	336	297.6	419.2	492.8
85	0	0	454.4	278.4	547.2	342.4	422.4	297.6
86	0	0	496	400	454.4	540.8	435.2	476.8
87	0	0	486.4	476.8	348.8	476.8	435.2	483.2
88	0	0	438.4	361.6	358.4	412.8	451.2	332.8
89	0	0	361.6	358.4	348.8	467.2	441.6	406.4
90	0	0	518.4	358.4	390.4	502.4	313.6	425.6
(1,0)	(2,166)	(3,0)	(4,0)	
(1,0)	(2,68)	(3,0)	(4,0)	
(1,0)	(2,70)	(3,0)	(4,0)	
(1,0)	(2,0)	(3,0)	(4,0)	
(1,0)	(2,0)	(3,0)	(4,0)	
(1,0)	(2,0)	(3,0)	(4,0)	
(1,0)	(2,0)	(3,0)	(4,0)	
(1,0)	(2,0)	(3,0)	(4,0)	
(1,0)	(2,0)	(3,0)	(4,0)	
avg	0	0	428.16	404.8	419.84	420.587	378.667	408.533
delay	0.0714286	0.12	1.16146	3.79646	1.87917	1.96327	1.24444	2.12273
loss	0	0	0	0	0	0	0	0
Command ['/home/ubuntu/ns-3.30-obss/build/scratch/simple-ofdma-adhoc6', '--ofdmaEnabled=true', '--startTime=60', '--totalTime=90', '--packetSize=4e3', '--dataMode=HeMcs3', '--datarate=5e6', '--ratio=0.375', '--RngRun=3', '--locationFile=locationtxt/locationFile23.txt', '--routingFile=locationtxt/routingFile23.txt', '--appFile=locationtxt/appFile.txt', '--tcp=0', '--randomTime=true', '--qosDisabled=true'] terminated with signal SIGSEGV. Run it under a debugger to get more information (./waf --run <program> --command-template="gdb --args %s <args>").
