Waf: Entering directory `/home/ubuntu/ns-3.30-obss/build'
Waf: Leaving directory `/home/ubuntu/ns-3.30-obss/build'
Build commands will be stored in build/compile_commands.json
'build' finished successfully (0.711s)
--------------------------Rate[Kbps]--------------------------
Time[s]	cl-1	cl-2	cl-3	cl-4	cl-5	cl-6	cl-7	cl-8	cl-9	cl-10	cl-11	cl-12
60	13.2	16.2	15.6	13.4	15.2	15.4	13.8	12.6	14.8	18.8	12.4	16.4
61	816	412.8	0	0	867.2	636.8	604.8	521.6	633.6	707.2	713.6	419.2
62	659.2	499.2	0	0	716.8	576	748.8	896	902.4	620.8	502.4	825.6
63	633.6	889.6	0	0	681.6	774.4	691.2	390.4	924.8	745.6	595.2	496
64	720	992	0	0	608	854.4	905.6	659.2	601.6	492.8	729.6	620.8
65	476.8	860.8	0	0	796.8	627.2	595.2	956.8	720	819.2	579.2	665.6
66	886.4	646.4	0	0	825.6	736	780.8	441.6	806.4	630.4	806.4	1033.6
67	873.6	656	0	0	636.8	905.6	723.2	688	803.2	604.8	716.8	563.2
68	800	617.6	0	0	470.4	668.8	1014.4	924.8	640	636.8	835.2	825.6
69	825.6	582.4	0	0	908.8	908.8	665.6	611.2	768	694.4	502.4	684.8
70	960	748.8	0	0	723.2	550.4	291.2	364.8	764.8	998.4	892.8	576
71	768	742.4	0	0	739.2	796.8	694.4	864	748.8	800	838.4	563.2
72	700.8	835.2	0	0	614.4	726.4	1088	908.8	393.6	556.8	732.8	758.4
73	505.6	803.2	0	0	550.4	771.2	761.6	758.4	864	860.8	809.6	668.8
74	694.4	787.2	0	0	624	681.6	390.4	553.6	758.4	876.8	646.4	416
75	745.6	521.6	0	0	995.2	678.4	614.4	675.2	700.8	716.8	947.2	793.6
76	793.6	713.6	0	0	784	739.2	496	809.6	566.4	566.4	636.8	652.8
77	627.2	668.8	0	0	748.8	723.2	595.2	1033.6	540.8	758.4	768	688
78	483.2	624	0	0	368	508.8	780.8	598.4	841.6	864	505.6	761.6
79	656	502.4	0	0	876.8	787.2	537.6	848	531.2	595.2	694.4	720
80	710.4	595.2	0	0	547.2	832	476.8	841.6	816	768	563.2	412.8
81	809.6	758.4	0	0	691.2	400	787.2	441.6	598.4	579.2	940.8	972.8
82	588.8	521.6	0	0	934.4	851.2	652.8	774.4	796.8	742.4	576	611.2
83	723.2	672	0	0	915.2	1184	668.8	774.4	553.6	467.2	486.4	819.2
84	867.2	704	0	0	678.4	806.4	665.6	518.4	835.2	691.2	662.4	572.8
85	771.2	777.6	0	0	640	560	672	921.6	780.8	540.8	755.2	838.4
86	572.8	617.6	0	0	470.4	499.2	627.2	963.2	611.2	729.6	707.2	867.2
87	601.6	630.4	0	0	790.4	1078.4	668.8	553.6	752	547.2	508.8	512
88	540.8	614.4	0	0	764.8	636.8	675.2	624	780.8	508.8	633.6	700.8
89	656	598.4	0	0	886.4	752	688	870.4	854.4	800	739.2	342.4
90	748.8	720	0	0	697.6	761.6	704	537.6	435.2	633.6	934.4	646.4
(1,0)	(2,3673)	(3,3851)	(4,1015)	
(1,0)	(2,1559)	(3,0)	(4,0)	
(1,0)	(2,1171)	(3,0)	(4,0)	
(1,0)	(2,1353)	(3,0)	(4,0)	
(1,0)	(2,1130)	(3,0)	(4,0)	
(1,0)	(2,0)	(3,0)	(4,0)	
(1,0)	(2,0)	(3,0)	(4,0)	
(1,0)	(2,0)	(3,0)	(4,0)	
(1,0)	(2,0)	(3,0)	(4,0)	
(1,0)	(2,0)	(3,0)	(4,0)	
(1,0)	(2,0)	(3,0)	(4,0)	
(1,0)	(2,0)	(3,0)	(4,0)	
(1,0)	(2,0)	(3,0)	(4,0)	
avg	707.2	677.12	0	0	718.4	733.76	675.52	710.827	710.827	685.12	698.667	667.627
delay	375.009	372.945	0.0897436	0.0895522	441.41	459.398	424.905	439.305	437.643	436.109	444.904	450.077
loss	0.00284091	0.0129199	0	0	0.032634	0.0228571	0.0180723	0.0271605	0.0134529	0.0271003	0.0121951	0.0458015
Command ['/home/ubuntu/ns-3.30-obss/build/scratch/simple-ofdma-adhoc6', '--ofdmaEnabled=true', '--startTime=60', '--totalTime=90', '--packetSize=4e3', '--dataMode=HeMcs3', '--datarate=15e6', '--ratio=0.375', '--RngRun=44', '--locationFile=locationtxt/locationFile42b1.txt', '--routingFile=locationtxt/routingFile42.txt', '--appFile=locationtxt/appFile.txt', '--tcp=0', '--randomTime=true', '--qosDisabled=true'] terminated with signal SIGSEGV. Run it under a debugger to get more information (./waf --run <program> --command-template="gdb --args %s <args>").
