Waf: Entering directory `/home/ubuntu/ns-3.30-obss/build'
Waf: Leaving directory `/home/ubuntu/ns-3.30-obss/build'
Build commands will be stored in build/compile_commands.json
'build' finished successfully (0.844s)
--------------------------Rate[Kbps]--------------------------
Time[s]	cl-1	cl-2	cl-3	cl-4	cl-5	cl-6	cl-7	cl-8	cl-9	cl-10	cl-11	cl-12
60	13	13.6	11.4	13.8	17.4	14.8	14.4	14.6	15.2	14.6	11.6	15.2
61	720	528	0	0	652.8	508.8	556.8	659.2	505.6	688	576	572.8
62	624	556.8	0	0	576	275.2	598.4	524.8	726.4	537.6	390.4	601.6
63	512	652.8	0	0	652.8	454.4	505.6	297.6	256	505.6	697.6	697.6
64	656	553.6	0	0	214.4	531.2	457.6	502.4	480	518.4	688	393.6
65	419.2	384	0	0	422.4	451.2	412.8	313.6	985.6	739.2	380.8	396.8
66	486.4	579.2	0	0	627.2	403.2	505.6	451.2	435.2	208	848	784
67	588.8	633.6	0	0	547.2	342.4	204.8	380.8	489.6	755.2	518.4	656
68	435.2	476.8	0	0	288	496	713.6	640	691.2	470.4	483.2	550.4
69	668.8	704	0	0	406.4	560	345.6	585.6	502.4	787.2	457.6	355.2
70	560	595.2	0	0	425.6	371.2	681.6	537.6	656	505.6	704	441.6
71	579.2	444.8	0	0	598.4	784	332.8	412.8	560	758.4	483.2	470.4
72	332.8	572.8	0	0	499.2	598.4	307.2	364.8	256	764.8	560	355.2
73	547.2	422.4	0	0	508.8	441.6	492.8	739.2	406.4	627.2	672	441.6
74	419.2	416	0	0	256	592	448	620.8	518.4	672	454.4	656
75	742.4	624	0	0	428.8	486.4	243.2	422.4	780.8	713.6	329.6	323.2
76	563.2	275.2	0	0	556.8	364.8	499.2	595.2	553.6	739.2	348.8	486.4
77	409.6	486.4	0	0	412.8	470.4	432	451.2	553.6	544	604.8	777.6
78	598.4	640	0	0	505.6	464	441.6	534.4	675.2	438.4	246.4	176
79	771.2	467.2	0	0	412.8	211.2	659.2	329.6	428.8	617.6	592	483.2
80	380.8	499.2	0	0	377.6	412.8	624	560	438.4	400	672	1001.6
81	774.4	803.2	0	0	592	374.4	192	195.2	441.6	700.8	457.6	406.4
82	502.4	400	0	0	281.6	582.4	454.4	1094.4	684.8	713.6	272	400
83	393.6	419.2	0	0	659.2	400	361.6	355.2	422.4	774.4	611.2	652.8
84	630.4	451.2	0	0	592	451.2	598.4	617.6	432	316.8	620.8	537.6
85	694.4	768	0	0	457.6	620.8	256	320	435.2	316.8	780.8	857.6
86	572.8	448	0	0	662.4	406.4	694.4	531.2	364.8	531.2	486.4	387.2
87	582.4	454.4	0	0	233.6	265.6	633.6	476.8	848	688	630.4	467.2
88	409.6	489.6	0	0	844.8	643.2	480	444.8	576	544	336	249.6
89	422.4	572.8	0	0	217.6	435.2	438.4	771.2	777.6	489.6	563.2	806.4
90	473.6	505.6	0	0	243.2	307.2	547.2	742.4	243.2	547.2	620.8	553.6
(1,0)	(2,3542)	(3,3819)	(4,1183)	
(1,0)	(2,1344)	(3,0)	(4,0)	
(1,0)	(2,1473)	(3,0)	(4,0)	
(1,0)	(2,1843)	(3,0)	(4,0)	
(1,0)	(2,1725)	(3,0)	(4,0)	
(1,0)	(2,0)	(3,0)	(4,0)	
(1,0)	(2,0)	(3,0)	(4,0)	
(1,0)	(2,0)	(3,0)	(4,0)	
(1,0)	(2,0)	(3,0)	(4,0)	
(1,0)	(2,0)	(3,0)	(4,0)	
(1,0)	(2,0)	(3,0)	(4,0)	
(1,0)	(2,0)	(3,0)	(4,0)	
(1,0)	(2,0)	(3,0)	(4,0)	
avg	549.013	527.467	0	0	471.787	456.853	470.613	515.733	537.493	587.093	536.213	531.307
delay	494.218	493.485	0.0701754	0.15942	615.412	618.308	605.203	601.043	641.114	649.905	598.859	630.787
loss	0.27379	0.243772	0	0	0.25	0.331658	0.286275	0.268499	0.229907	0.232218	0.633929	0.608696
Command ['/home/ubuntu/ns-3.30-obss/build/scratch/simple-ofdma-adhoc6', '--ofdmaEnabled=true', '--startTime=60', '--totalTime=90', '--packetSize=4e3', '--dataMode=HeMcs3', '--datarate=25e6', '--ratio=0.375', '--RngRun=33', '--locationFile=locationtxt/locationFile42b1.txt', '--routingFile=locationtxt/routingFile42.txt', '--appFile=locationtxt/appFile.txt', '--tcp=0', '--randomTime=true', '--qosDisabled=true'] terminated with signal SIGSEGV. Run it under a debugger to get more information (./waf --run <program> --command-template="gdb --args %s <args>").
