Waf: Entering directory `/home/ubuntu/ns-3.30-obss/build'
Waf: Leaving directory `/home/ubuntu/ns-3.30-obss/build'
Build commands will be stored in build/compile_commands.json
'build' finished successfully (0.808s)
--------------------------Rate[Kbps]--------------------------
Time[s]	cl-1	cl-2	cl-3	cl-4	cl-5	cl-6	cl-7	cl-8	cl-9	cl-10	cl-11	cl-12
60	13	14.6	17.4	14	14.2	12.6	15	15	14.4	13.4	11.4	15
61	467.2	1168	0	0	630.4	988.8	310.4	352	710.4	499.2	604.8	1052.8
62	448	355.2	0	0	390.4	416	1100.8	608	505.6	438.4	502.4	518.4
63	752	563.2	0	0	294.4	262.4	662.4	528	284.8	336	390.4	275.2
64	400	316.8	0	0	620.8	409.6	329.6	412.8	736	707.2	547.2	592
65	486.4	560	0	0	502.4	368	486.4	457.6	656	608	716.8	825.6
66	566.4	262.4	0	0	400	483.2	345.6	316.8	620.8	486.4	454.4	707.2
67	521.6	480	0	0	355.2	281.6	675.2	486.4	611.2	489.6	486.4	342.4
68	550.4	614.4	0	0	550.4	428.8	537.6	582.4	236.8	249.6	713.6	380.8
69	406.4	435.2	0	0	518.4	195.2	224	268.8	912	595.2	403.2	480
70	611.2	585.6	0	0	352	208	512	457.6	486.4	448	556.8	524.8
71	518.4	748.8	0	0	339.2	444.8	492.8	540.8	492.8	608	617.6	416
72	598.4	412.8	0	0	380.8	480	371.2	512	406.4	428.8	435.2	553.6
73	332.8	508.8	0	0	576	646.4	521.6	297.6	761.6	620.8	323.2	412.8
74	630.4	409.6	0	0	467.2	355.2	460.8	374.4	656	521.6	528	547.2
75	630.4	582.4	0	0	326.4	326.4	400	227.2	374.4	630.4	710.4	566.4
76	432	547.2	0	0	470.4	374.4	764.8	729.6	544	483.2	185.6	409.6
77	419.2	656	0	0	544	451.2	448	412.8	598.4	537.6	566.4	841.6
78	435.2	547.2	0	0	566.4	339.2	409.6	358.4	636.8	563.2	592	438.4
79	313.6	492.8	0	0	380.8	291.2	512	857.6	534.4	489.6	633.6	467.2
80	425.6	448	0	0	422.4	582.4	569.6	313.6	768	499.2	633.6	454.4
81	454.4	556.8	0	0	537.6	457.6	428.8	342.4	499.2	700.8	352	512
82	355.2	460.8	0	0	550.4	464	377.6	598.4	428.8	457.6	268.8	409.6
83	422.4	393.6	0	0	704	345.6	499.2	521.6	732.8	656	332.8	432
84	720	403.2	0	0	400	505.6	748.8	726.4	499.2	694.4	502.4	512
85	777.6	604.8	0	0	441.6	428.8	176	339.2	524.8	704	630.4	515.2
86	540.8	556.8	0	0	476.8	352	489.6	620.8	409.6	566.4	563.2	566.4
87	464	348.8	0	0	448	425.6	332.8	348.8	617.6	380.8	665.6	579.2
88	448	281.6	0	0	688	480	400	374.4	608	460.8	624	505.6
89	374.4	316.8	0	0	537.6	166.4	883.2	563.2	528	364.8	480	294.4
90	528	396.8	0	0	480	249.6	547.2	422.4	563.2	444.8	585.6	428.8
(1,0)	(2,3459)	(3,4013)	(4,1203)	
(1,0)	(2,1592)	(3,0)	(4,0)	
(1,0)	(2,1425)	(3,0)	(4,0)	
(1,0)	(2,1652)	(3,0)	(4,0)	
(1,0)	(2,1634)	(3,0)	(4,0)	
(1,0)	(2,0)	(3,0)	(4,0)	
(1,0)	(2,0)	(3,0)	(4,0)	
(1,0)	(2,0)	(3,0)	(4,0)	
(1,0)	(2,0)	(3,0)	(4,0)	
(1,0)	(2,0)	(3,0)	(4,0)	
(1,0)	(2,0)	(3,0)	(4,0)	
(1,0)	(2,0)	(3,0)	(4,0)	
(1,0)	(2,0)	(3,0)	(4,0)	
avg	501.013	500.48	0	0	478.4	406.933	500.587	465.067	564.8	522.347	520.213	518.72
delay	522.28	509.507	0.0689655	0.0714286	593.559	591.393	596.043	628.739	611.93	581.104	634.522	650.238
loss	0.421203	0.423017	0	0	0.289199	0.354344	0.326599	0.443465	0.698795	0.246154	0.407859	0.392351
Command ['/home/ubuntu/ns-3.30-obss/build/scratch/simple-ofdma-adhoc6', '--ofdmaEnabled=true', '--startTime=60', '--totalTime=90', '--packetSize=4e3', '--dataMode=HeMcs3', '--datarate=30e6', '--ratio=0.375', '--RngRun=13', '--locationFile=locationtxt/locationFile42b1.txt', '--routingFile=locationtxt/routingFile42.txt', '--appFile=locationtxt/appFile.txt', '--tcp=0', '--randomTime=true', '--qosDisabled=true'] terminated with signal SIGSEGV. Run it under a debugger to get more information (./waf --run <program> --command-template="gdb --args %s <args>").
