Waf: Entering directory `/home/ubuntu/ns-3.30-obss/build'
Waf: Leaving directory `/home/ubuntu/ns-3.30-obss/build'
Build commands will be stored in build/compile_commands.json
'build' finished successfully (0.671s)
--------------------------Rate[Kbps]--------------------------
Time[s]	cl-1	cl-2	cl-3	cl-4	cl-5	cl-6	cl-7	cl-8	cl-9	cl-10	cl-11	cl-12
60	12.2	13.8	15	15.6	10.8	17.2	16.6	13.6	18	16.2	15.2	15.2
61	960	774.4	0	0	384	412.8	707.2	585.6	336	659.2	764.8	748.8
62	937.6	691.2	0	0	1001.6	998.4	614.4	640	691.2	681.6	665.6	380.8
63	556.8	444.8	0	0	924.8	617.6	361.6	665.6	793.6	816	640	473.6
64	457.6	838.4	0	0	598.4	672	563.2	368	803.2	678.4	534.4	636.8
65	518.4	454.4	0	0	659.2	316.8	534.4	646.4	390.4	656	883.2	665.6
66	585.6	393.6	0	0	636.8	556.8	454.4	476.8	566.4	828.8	384	345.6
67	582.4	633.6	0	0	409.6	464	656	464	729.6	822.4	396.8	358.4
68	742.4	534.4	0	0	281.6	304	608	636.8	579.2	550.4	854.4	707.2
69	323.2	444.8	0	0	665.6	636.8	336	396.8	611.2	726.4	652.8	569.6
70	412.8	534.4	0	0	636.8	592	275.2	294.4	454.4	944	796.8	486.4
71	732.8	838.4	0	0	729.6	771.2	598.4	339.2	476.8	633.6	544	499.2
72	617.6	630.4	0	0	611.2	400	499.2	867.2	464	704	697.6	601.6
73	700.8	668.8	0	0	499.2	656	790.4	729.6	422.4	275.2	662.4	553.6
74	547.2	710.4	0	0	387.2	585.6	428.8	425.6	1065.6	665.6	691.2	684.8
75	441.6	720	0	0	601.6	592	534.4	371.2	537.6	652.8	729.6	659.2
76	416	515.2	0	0	678.4	729.6	553.6	633.6	643.2	627.2	563.2	755.2
77	473.6	726.4	0	0	492.8	630.4	470.4	470.4	464	700.8	489.6	752
78	457.6	595.2	0	0	457.6	592	499.2	502.4	489.6	790.4	684.8	566.4
79	540.8	771.2	0	0	812.8	832	729.6	566.4	160	192	704	617.6
80	480	537.6	0	0	646.4	390.4	534.4	521.6	640	531.2	540.8	611.2
81	547.2	438.4	0	0	617.6	732.8	604.8	675.2	352	457.6	736	505.6
82	700.8	643.2	0	0	515.2	505.6	339.2	243.2	595.2	592	896	483.2
83	691.2	716.8	0	0	336	518.4	505.6	608	339.2	435.2	630.4	457.6
84	329.6	588.8	0	0	624	582.4	739.2	627.2	816	921.6	796.8	707.2
85	518.4	624	0	0	544	672	681.6	428.8	608	480	361.6	358.4
86	745.6	592	0	0	409.6	656	579.2	505.6	672	793.6	633.6	688
87	428.8	825.6	0	0	540.8	457.6	656	592	684.8	515.2	892.8	723.2
88	460.8	524.8	0	0	611.2	691.2	537.6	572.8	540.8	643.2	284.8	576
89	451.2	524.8	0	0	320	508.8	524.8	480	528	585.6	985.6	553.6
90	672	480	0	0	454.4	604.8	668.8	848	371.2	448	486.4	550.4
(1,0)	(2,3628)	(3,3868)	(4,1116)	
(1,0)	(2,1436)	(3,0)	(4,0)	
(1,0)	(2,1531)	(3,0)	(4,0)	
(1,0)	(2,1499)	(3,0)	(4,0)	
(1,0)	(2,1449)	(3,0)	(4,0)	
(1,0)	(2,0)	(3,0)	(4,0)	
(1,0)	(2,0)	(3,0)	(4,0)	
(1,0)	(2,0)	(3,0)	(4,0)	
(1,0)	(2,0)	(3,0)	(4,0)	
(1,0)	(2,0)	(3,0)	(4,0)	
(1,0)	(2,0)	(3,0)	(4,0)	
(1,0)	(2,0)	(3,0)	(4,0)	
(1,0)	(2,0)	(3,0)	(4,0)	
avg	567.68	613.867	0	0	569.6	589.333	552.853	539.413	560.853	633.6	652.8	575.893
delay	459.609	472.801	0.0666667	0.0641026	539.338	551.354	579.291	581.182	602.419	590.835	583.369	556.326
loss	0.411494	0.167866	0	0	0.173278	0.401766	0.193154	0.205945	0.453704	0.188995	0.343434	0.155756
Command ['/home/ubuntu/ns-3.30-obss/build/scratch/simple-ofdma-adhoc6', '--ofdmaEnabled=true', '--startTime=60', '--totalTime=90', '--packetSize=4e3', '--dataMode=HeMcs3', '--datarate=20e6', '--ratio=0.375', '--RngRun=19', '--locationFile=locationtxt/locationFile42b1.txt', '--routingFile=locationtxt/routingFile42.txt', '--appFile=locationtxt/appFile.txt', '--tcp=0', '--randomTime=true', '--qosDisabled=true'] terminated with signal SIGSEGV. Run it under a debugger to get more information (./waf --run <program> --command-template="gdb --args %s <args>").
