Waf: Entering directory `/home/ubuntu/ns-3.30-obss/build'
Waf: Leaving directory `/home/ubuntu/ns-3.30-obss/build'
Build commands will be stored in build/compile_commands.json
'build' finished successfully (0.833s)
--------------------------Rate[Kbps]--------------------------
Time[s]	cl-1	cl-2	cl-3	cl-4	cl-5	cl-6	cl-7	cl-8	cl-9	cl-10	cl-11	cl-12
60	14.4	14.8	12.8	13.6	13.6	12.6	14.4	15	14.6	14.8	15	14
61	1164.8	0	1072	0	1120	1801.6	1212.8	0	1516.8	1369.6	803.2	0
62	1507.2	0	1126.4	0	1337.6	1187.2	1219.2	0	1164.8	1558.4	1433.6	0
63	841.6	0	1065.6	0	809.6	979.2	1555.2	0	761.6	716.8	1059.2	0
64	1040	0	1308.8	0	841.6	764.8	1750.4	0	1286.4	1107.2	1088	0
65	1091.2	0	822.4	0	1014.4	774.4	956.8	0	1267.2	713.6	1123.2	0
66	1152	0	1046.4	0	966.4	867.2	1542.4	0	1148.8	828.8	1040	0
67	963.2	0	860.8	0	1068.8	899.2	1091.2	0	729.6	800	1404.8	0
68	1257.6	0	867.2	0	755.2	1148.8	1088	0	1235.2	1187.2	1113.6	0
69	1081.6	0	854.4	0	1132.8	739.2	1382.4	0	1049.6	902.4	1116.8	0
70	1040	0	604.8	0	1024	758.4	1091.2	0	796.8	598.4	1260.8	0
71	1139.2	0	940.8	0	732.8	652.8	1248	0	969.6	828.8	1174.4	0
72	1052.8	0	828.8	0	1267.2	886.4	1174.4	0	752	803.2	1449.6	0
73	963.2	0	796.8	0	889.6	598.4	1363.2	0	739.2	886.4	1382.4	0
74	864	0	1081.6	0	1206.4	579.2	1020.8	0	1081.6	937.6	1193.6	0
75	710.4	0	864	0	1353.6	918.4	1081.6	0	809.6	755.2	1059.2	0
76	1068.8	0	1136	0	992	854.4	1257.6	0	892.8	953.6	1193.6	0
77	748.8	0	841.6	0	944	627.2	1052.8	0	886.4	620.8	1449.6	0
78	908.8	0	870.4	0	1241.6	966.4	1225.6	0	1033.6	844.8	928	0
79	1059.2	0	1136	0	899.2	649.6	931.2	0	1372.8	752	1238.4	0
80	764.8	0	1072	0	832	848	1408	0	1206.4	790.4	1056	0
81	777.6	0	796.8	0	1065.6	1100.8	956.8	0	1107.2	1017.6	1017.6	0
82	1062.4	0	780.8	0	883.2	668.8	1356.8	0	1033.6	992	1171.2	0
83	870.4	0	723.2	0	780.8	668.8	1305.6	0	937.6	873.6	1379.2	0
84	835.2	0	1017.6	0	633.6	608	1411.2	0	796.8	924.8	1136	0
85	1113.6	0	1440	0	1180.8	816	1257.6	0	899.2	595.2	1539.2	0
86	1062.4	0	960	0	937.6	1014.4	1129.6	0	1388.8	1628.8	966.4	0
87	1324.8	0	1107.2	0	1014.4	928	1491.2	0	1337.6	1123.2	1129.6	0
88	1350.4	0	1027.2	0	1116.8	867.2	1049.6	0	1257.6	988.8	1161.6	0
89	976	0	1059.2	0	684.8	937.6	1385.6	0	1094.4	1152	1206.4	0
90	956.8	0	748.8	0	1129.6	886.4	979.2	0	828.8	412.8	1273.6	0
(1,0)	(2,6240)	(3,4884)	(4,1052)	
(1,0)	(2,2066)	(3,0)	(4,0)	
(1,0)	(2,0)	(3,0)	(4,0)	
(1,0)	(2,2086)	(3,0)	(4,0)	
(1,0)	(2,0)	(3,0)	(4,0)	
(1,0)	(2,0)	(3,0)	(4,0)	
(1,0)	(2,0)	(3,0)	(4,0)	
(1,0)	(2,0)	(3,0)	(4,0)	
(1,0)	(2,0)	(3,0)	(4,0)	
(1,0)	(2,0)	(3,0)	(4,0)	
(1,0)	(2,0)	(3,0)	(4,0)	
(1,0)	(2,0)	(3,0)	(4,0)	
(1,0)	(2,0)	(3,0)	(4,0)	
avg	1024.96	0	961.92	0	995.2	866.56	1232.53	0	1046.08	922.133	1184.96	0
delay	499.18	0.121622	486.074	0.0735294	549.65	549.674	528.393	0.48	556.523	535.641	552.855	0.514286
loss	0.270856	0	0.132388	0	0.505946	0.409852	0.373333	0	0.230536	0.159326	0.170707	0
Command ['/home/ubuntu/ns-3.30-obss/build/scratch/simple-ofdma-adhoc6', '--ofdmaEnabled=true', '--startTime=60', '--totalTime=90', '--packetSize=4e3', '--dataMode=HeMcs4', '--datarate=30e6', '--ratio=0.375', '--RngRun=29', '--locationFile=locationtxt/locationFile42e1.txt', '--routingFile=locationtxt/routingFile42.txt', '--appFile=locationtxt/appFile.txt', '--tcp=0', '--randomTime=true', '--qosDisabled=true'] terminated with signal SIGSEGV. Run it under a debugger to get more information (./waf --run <program> --command-template="gdb --args %s <args>").
