Waf: Entering directory `/home/ubuntu/ns-3.30-obss/build'
Waf: Leaving directory `/home/ubuntu/ns-3.30-obss/build'
Build commands will be stored in build/compile_commands.json
'build' finished successfully (1.160s)
--------------------------Rate[Kbps]--------------------------
Time[s]	cl-1	cl-2	cl-3	cl-4	cl-5	cl-6	cl-7	cl-8	cl-9	cl-10	cl-11	cl-12
60	13	13.6	11.4	13.8	17.4	14.8	14.4	14.6	15.2	14.6	11.6	15.2
61	1254.4	0	1267.2	0	1052.8	921.6	1136	0	1264	1344	1036.8	0
62	1212.8	0	1286.4	0	1660.8	1136	1417.6	0	1206.4	1132.8	1036.8	0
63	1180.8	0	1340.8	0	1404.8	1491.2	1177.6	0	912	1369.6	1430.4	0
64	1251.2	0	1235.2	0	739.2	1420.8	1024	0	1430.4	1491.2	1267.2	0
65	1542.4	0	1436.8	0	1225.6	1436.8	1267.2	0	1395.2	1241.6	1603.2	0
66	1411.2	0	1158.4	0	1404.8	1171.2	988.8	0	1504	1350.4	1433.6	0
67	1049.6	0	1395.2	0	1001.6	1235.2	1430.4	0	1212.8	1340.8	1465.6	0
68	992	0	1251.2	0	988.8	1084.8	1136	0	1107.2	1424	934.4	0
69	1251.2	0	1027.2	0	1209.6	988.8	1440	0	1008	1052.8	1436.8	0
70	1440	0	1344	0	1078.4	1212.8	998.4	0	1244.8	1206.4	1193.6	0
71	1232	0	1078.4	0	1196.8	1651.2	928	0	1174.4	1532.8	1296	0
72	1212.8	0	979.2	0	1014.4	1072	1334.4	0	956.8	1744	1452.8	0
73	940.8	0	1552	0	1139.2	1200	921.6	0	1187.2	1420.8	1148.8	0
74	1222.4	0	1305.6	0	1046.4	1462.4	1052.8	0	1280	1120	1084.8	0
75	1340.8	0	992	0	1584	1302.4	1184	0	1142.4	1478.4	1376	0
76	1488	0	1203.2	0	1052.8	1395.2	1308.8	0	1296	1497.6	1158.4	0
77	1049.6	0	1270.4	0	1321.6	1478.4	1104	0	1241.6	1100.8	1344	0
78	1452.8	0	1084.8	0	1580.8	908.8	1235.2	0	1225.6	1264	1382.4	0
79	976	0	1286.4	0	1097.6	745.6	1372.8	0	1081.6	1068.8	1478.4	0
80	1212.8	0	1296	0	1504	1244.8	956.8	0	1372.8	1388.8	1155.2	0
81	1036.8	0	1712	0	1193.6	1420.8	1139.2	0	1478.4	1257.6	1155.2	0
82	1408	0	1404.8	0	1532.8	1113.6	1280	0	1424	1532.8	1456	0
83	1366.4	0	1792	0	1116.8	1065.6	1065.6	0	656	1484.8	1420.8	0
84	1398.4	0	1075.2	0	1507.2	1337.6	1168	0	1347.2	1120	1241.6	0
85	1548.8	0	1200	0	1280	1184	963.2	0	1190.4	1142.4	1401.6	0
86	995.2	0	1152	0	1395.2	1104	1276.8	0	1635.2	1363.2	1369.6	0
87	1110.4	0	1568	0	947.2	1152	1328	0	1516.8	1491.2	1203.2	0
88	1001.6	0	876.8	0	1337.6	1728	1388.8	0	1433.6	1033.6	960	0
89	1251.2	0	1392	0	972.8	1132.8	1171.2	0	1257.6	1036.8	1379.2	0
90	1152	0	1216	0	1360	1116.8	1513.6	0	1283.2	1356.8	1340.8	0
(1,0)	(2,5633)	(3,2821)	(4,395)	
(1,0)	(2,1196)	(3,0)	(4,0)	
(1,0)	(2,0)	(3,0)	(4,0)	
(1,0)	(2,1202)	(3,0)	(4,0)	
(1,0)	(2,0)	(3,0)	(4,0)	
(1,0)	(2,0)	(3,0)	(4,0)	
(1,0)	(2,0)	(3,0)	(4,0)	
(1,0)	(2,0)	(3,0)	(4,0)	
(1,0)	(2,0)	(3,0)	(4,0)	
(1,0)	(2,0)	(3,0)	(4,0)	
(1,0)	(2,0)	(3,0)	(4,0)	
(1,0)	(2,0)	(3,0)	(4,0)	
(1,0)	(2,0)	(3,0)	(4,0)	
avg	1232.75	0	1272.64	0	1231.57	1230.51	1190.29	0	1248.85	1312.96	1288.11	0
delay	22.5455	0.0735294	23.2137	0.15942	31.5087	36.4499	36.9642	0.534247	30.7412	33.6157	42.5295	0.434211
loss	0	0	0	0	0.00172712	0.00143062	0	0	0.00332779	0.0017762	0.00133869	0
Command ['/home/ubuntu/ns-3.30-obss/build/scratch/simple-ofdma-adhoc6', '--ofdmaEnabled=true', '--startTime=60', '--totalTime=90', '--packetSize=4e3', '--dataMode=HeMcs4', '--datarate=20e6', '--ratio=0.375', '--RngRun=33', '--locationFile=locationtxt/locationFile42e1.txt', '--routingFile=locationtxt/routingFile42.txt', '--appFile=locationtxt/appFile.txt', '--tcp=0', '--randomTime=true', '--qosDisabled=true'] terminated with signal SIGSEGV. Run it under a debugger to get more information (./waf --run <program> --command-template="gdb --args %s <args>").
