Waf: Entering directory `/home/ubuntu/ns-3.30-obss/build'
Waf: Leaving directory `/home/ubuntu/ns-3.30-obss/build'
Build commands will be stored in build/compile_commands.json
'build' finished successfully (0.739s)
--------------------------Rate[Kbps]--------------------------
Time[s]	cl-1	cl-2	cl-3	cl-4	cl-5	cl-6	cl-7	cl-8	cl-9	cl-10	cl-11	cl-12
60	13	14.6	17.4	14	14.2	12.6	15	15	14.4	13.4	11.4	15
61	806.4	0	1798.4	0	1056	1376	1360	0	1222.4	1001.6	1235.2	0
62	1494.4	0	921.6	0	816	1331.2	1481.6	0	1664	1532.8	1120	0
63	1081.6	0	1142.4	0	1334.4	1241.6	1500.8	0	1286.4	963.2	1177.6	0
64	1244.8	0	1075.2	0	1526.4	1136	928	0	1251.2	960	1734.4	0
65	1280	0	1177.6	0	1315.2	956.8	1164.8	0	1257.6	1206.4	1305.6	0
66	1110.4	0	1692.8	0	1667.2	1065.6	1222.4	0	1369.6	1065.6	1161.6	0
67	1436.8	0	1433.6	0	809.6	1209.6	1116.8	0	947.2	867.2	1305.6	0
68	1126.4	0	716.8	0	960	992	854.4	0	1577.6	1340.8	1318.4	0
69	761.6	0	947.2	0	998.4	1545.6	1235.2	0	1088	924.8	1225.6	0
70	1235.2	0	950.4	0	812.8	803.2	1299.2	0	1497.6	816	1558.4	0
71	726.4	0	1129.6	0	1452.8	1494.4	1171.2	0	1011.2	1305.6	940.8	0
72	1328	0	1401.6	0	726.4	1200	1529.6	0	1123.2	908.8	1248	0
73	1004.8	0	1564.8	0	1088	1161.6	1456	0	1398.4	1257.6	672	0
74	1305.6	0	1171.2	0	1216	969.6	1286.4	0	819.2	1049.6	1024	0
75	1187.2	0	1401.6	0	828.8	1369.6	697.6	0	752	947.2	1385.6	0
76	1481.6	0	982.4	0	1209.6	956.8	2272	0	1369.6	1052.8	921.6	0
77	1392	0	1523.2	0	1040	1219.2	1254.4	0	1113.6	1452.8	1110.4	0
78	870.4	0	915.2	0	1155.2	1638.4	1132.8	0	1033.6	979.2	1190.4	0
79	1126.4	0	892.8	0	896	1011.2	1164.8	0	636.8	918.4	1417.6	0
80	1027.2	0	1497.6	0	899.2	1120	1724.8	0	867.2	560	1369.6	0
81	1196.8	0	1065.6	0	848	828.8	1356.8	0	1830.4	2416	838.4	0
82	1148.8	0	1081.6	0	915.2	1308.8	1347.2	0	1555.2	1481.6	905.6	0
83	1126.4	0	1350.4	0	1436.8	902.4	1388.8	0	796.8	1430.4	1193.6	0
84	1382.4	0	1062.4	0	1062.4	1193.6	1734.4	0	1219.2	995.2	1273.6	0
85	1728	0	1033.6	0	1065.6	1059.2	1171.2	0	1161.6	1084.8	1440	0
86	1382.4	0	1177.6	0	1417.6	1168	1020.8	0	1174.4	822.4	1401.6	0
87	940.8	0	1302.4	0	1337.6	1555.2	1228.8	0	1468.8	1171.2	1158.4	0
88	1030.4	0	752	0	1382.4	1129.6	1248	0	1152	931.2	1408	0
89	1276.8	0	963.2	0	944	694.4	694.4	0	963.2	1180.8	1289.6	0
90	1024	0	844.8	0	1155.2	1011.2	2080	0	1040	1110.4	1171.2	0
(1,0)	(2,6769)	(3,4437)	(4,837)	
(1,0)	(2,1878)	(3,0)	(4,0)	
(1,0)	(2,0)	(3,0)	(4,0)	
(1,0)	(2,1919)	(3,0)	(4,0)	
(1,0)	(2,0)	(3,0)	(4,0)	
(1,0)	(2,0)	(3,0)	(4,0)	
(1,0)	(2,0)	(3,0)	(4,0)	
(1,0)	(2,0)	(3,0)	(4,0)	
(1,0)	(2,0)	(3,0)	(4,0)	
(1,0)	(2,0)	(3,0)	(4,0)	
(1,0)	(2,0)	(3,0)	(4,0)	
(1,0)	(2,0)	(3,0)	(4,0)	
(1,0)	(2,0)	(3,0)	(4,0)	
avg	1175.47	0	1165.65	0	1112.43	1154.99	1304.11	0	1188.27	1124.48	1216.75	0
delay	467.915	0.109589	453.828	0.0714286	511.776	507.447	513.728	0.466667	502.988	495.387	497.524	0.413333
loss	0.12263	0	0.233333	0	0.101469	0.115152	0.0602582	0	0.253521	0.117925	0.0585534	0
Command ['/home/ubuntu/ns-3.30-obss/build/scratch/simple-ofdma-adhoc6', '--ofdmaEnabled=true', '--startTime=60', '--totalTime=90', '--packetSize=4e3', '--dataMode=HeMcs4', '--datarate=25e6', '--ratio=0.375', '--RngRun=13', '--locationFile=locationtxt/locationFile42e1.txt', '--routingFile=locationtxt/routingFile42.txt', '--appFile=locationtxt/appFile.txt', '--tcp=0', '--randomTime=true', '--qosDisabled=true'] terminated with signal SIGSEGV. Run it under a debugger to get more information (./waf --run <program> --command-template="gdb --args %s <args>").
