Waf: Entering directory `/home/ubuntu/ns-3.30-obss/build'
Waf: Leaving directory `/home/ubuntu/ns-3.30-obss/build'
Build commands will be stored in build/compile_commands.json
'build' finished successfully (0.914s)
--------------------------Rate[Kbps]--------------------------
Time[s]	cl-1	cl-2	cl-3	cl-4	cl-5	cl-6	cl-7	cl-8	cl-9	cl-10	cl-11	cl-12
60	13.4	16.4	13.2	14.8	17.2	13.2	15.2	15.4	16.8	12.6	14.8	15.6
61	992	0	1193.6	0	1427.2	1241.6	1148.8	0	764.8	1078.4	1036.8	0
62	1280	0	1414.4	0	1091.2	1260.8	1318.4	0	1622.4	1622.4	1091.2	0
63	1142.4	0	1078.4	0	1497.6	1696	1161.6	0	1571.2	1404.8	1193.6	0
64	1318.4	0	1091.2	0	1206.4	1328	1395.2	0	988.8	988.8	1497.6	0
65	1036.8	0	1148.8	0	1388.8	1174.4	678.4	0	1555.2	1228.8	1184	0
66	1350.4	0	1228.8	0	1152	1110.4	1680	0	1340.8	1504	1424	0
67	1299.2	0	844.8	0	809.6	918.4	1219.2	0	1232	816	1392	0
68	1161.6	0	1305.6	0	1203.2	1228.8	1555.2	0	905.6	1020.8	876.8	0
69	1168	0	1430.4	0	902.4	572.8	883.2	0	1449.6	1014.4	1968	0
70	940.8	0	1228.8	0	1568	1692.8	979.2	0	1411.2	1360	1052.8	0
71	1100.8	0	1360	0	940.8	1376	1011.2	0	777.6	1187.2	1171.2	0
72	1468.8	0	905.6	0	1008	1404.8	1424	0	1222.4	1264	1040	0
73	1177.6	0	931.2	0	1001.6	1488	1296	0	1059.2	1158.4	1315.2	0
74	1360	0	1024	0	1446.4	1129.6	1158.4	0	1529.6	1449.6	1312	0
75	1315.2	0	1008	0	560	857.6	1702.4	0	1164.8	1001.6	1129.6	0
76	899.2	0	1017.6	0	1216	1440	982.4	0	1008	700.8	1241.6	0
77	1014.4	0	1449.6	0	1280	1376	1152	0	892.8	640	1164.8	0
78	1507.2	0	995.2	0	1238.4	1027.2	1404.8	0	1116.8	1574.4	1014.4	0
79	876.8	0	828.8	0	1241.6	1193.6	1081.6	0	1260.8	787.2	1158.4	0
80	1369.6	0	1372.8	0	1254.4	1305.6	902.4	0	1456	1574.4	1110.4	0
81	1334.4	0	1212.8	0	1484.8	963.2	1696	0	1446.4	1462.4	1120	0
82	604.8	0	995.2	0	681.6	1321.6	1318.4	0	662.4	1379.2	1097.6	0
83	1097.6	0	1078.4	0	1219.2	1187.2	1446.4	0	1145.6	1388.8	876.8	0
84	854.4	0	1174.4	0	1324.8	841.6	1033.6	0	1072	777.6	1596.8	0
85	553.6	0	1225.6	0	1216	1107.2	1273.6	0	1200	1494.4	1072	0
86	1190.4	0	854.4	0	832	761.6	1286.4	0	1184	1360	1472	0
87	1206.4	0	1504	0	1315.2	1606.4	966.4	0	1228.8	1353.6	1046.4	0
88	1132.8	0	1027.2	0	1747.2	921.6	1513.6	0	944	1145.6	1430.4	0
89	681.6	0	764.8	0	1142.4	787.2	1203.2	0	1248	624	1315.2	0
90	1718.4	0	1094.4	0	1516.8	1075.2	1024	0	995.2	1062.4	1174.4	0
(1,0)	(2,6994)	(3,4316)	(4,766)	
(1,0)	(2,1920)	(3,0)	(4,0)	
(1,0)	(2,0)	(3,0)	(4,0)	
(1,0)	(2,1840)	(3,0)	(4,0)	
(1,0)	(2,1)	(3,0)	(4,0)	
(1,0)	(2,0)	(3,0)	(4,0)	
(1,0)	(2,0)	(3,0)	(4,0)	
(1,0)	(2,0)	(3,0)	(4,0)	
(1,0)	(2,0)	(3,0)	(4,0)	
(1,0)	(2,0)	(3,0)	(4,0)	
(1,0)	(2,0)	(3,0)	(4,0)	
(1,0)	(2,0)	(3,0)	(4,0)	
(1,0)	(2,0)	(3,0)	(4,0)	
avg	1138.45	0	1126.29	0	1197.12	1179.84	1229.87	0	1181.87	1180.8	1219.2	0
delay	459.876	0.0731707	457.478	0.0810811	502.051	505.071	498.671	0.363636	506.928	497.088	516.678	0.448718
loss	0.219794	0	0.187938	0	0.113433	0.107764	0.0321782	0	0.0954198	0.213094	0.16558	0
Command ['/home/ubuntu/ns-3.30-obss/build/scratch/simple-ofdma-adhoc6', '--ofdmaEnabled=true', '--startTime=60', '--totalTime=90', '--packetSize=4e3', '--dataMode=HeMcs4', '--datarate=25e6', '--ratio=0.375', '--RngRun=17', '--locationFile=locationtxt/locationFile42e1.txt', '--routingFile=locationtxt/routingFile42.txt', '--appFile=locationtxt/appFile.txt', '--tcp=0', '--randomTime=true', '--qosDisabled=true'] terminated with signal SIGSEGV. Run it under a debugger to get more information (./waf --run <program> --command-template="gdb --args %s <args>").
