Waf: Entering directory `/home/ubuntu/ns-3.30-obss/build'
Waf: Leaving directory `/home/ubuntu/ns-3.30-obss/build'
Build commands will be stored in build/compile_commands.json
'build' finished successfully (0.770s)
--------------------------Rate[Kbps]--------------------------
Time[s]	cl-1	cl-2	cl-3	cl-4	cl-5	cl-6	cl-7	cl-8	cl-9	cl-10	cl-11	cl-12
60	14	14	14.4	15.4	13.6	13.4	14.8	13	15.8	12.8	11	15.6
61	1158.4	0	1046.4	0	1132.8	985.6	918.4	0	1168	1110.4	1017.6	0
62	1152	0	1030.4	0	956.8	864	944	0	1228.8	1100.8	1132.8	0
63	1081.6	0	1414.4	0	1014.4	1587.2	1411.2	0	1203.2	1116.8	1091.2	0
64	1312	0	1465.6	0	1289.6	1494.4	1091.2	0	1123.2	1372.8	905.6	0
65	1632	0	1376	0	1507.2	1257.6	956.8	0	1385.6	1334.4	1254.4	0
66	1472	0	1270.4	0	1209.6	1046.4	1660.8	0	1091.2	1059.2	1353.6	0
67	928	0	1152	0	1100.8	1484.8	1190.4	0	1356.8	1811.2	1094.4	0
68	924.8	0	1267.2	0	1379.2	1248	1318.4	0	1027.2	1174.4	1372.8	0
69	1616	0	1270.4	0	1120	1398.4	1478.4	0	1369.6	995.2	1443.2	0
70	1404.8	0	1145.6	0	1382.4	1228.8	1036.8	0	1273.6	1299.2	1155.2	0
71	1088	0	988.8	0	1033.6	1254.4	1216	0	1312	966.4	1363.2	0
72	972.8	0	956.8	0	1241.6	1190.4	1590.4	0	1414.4	1014.4	1401.6	0
73	1456	0	1075.2	0	1276.8	1539.2	1289.6	0	1315.2	1264	1472	0
74	1139.2	0	1334.4	0	1209.6	1302.4	1510.4	0	1225.6	1337.6	1353.6	0
75	1171.2	0	956.8	0	1072	1248	1011.2	0	1513.6	1308.8	1353.6	0
76	1052.8	0	960	0	1491.2	1372.8	1513.6	0	1200	1312	1369.6	0
77	956.8	0	1379.2	0	1062.4	1318.4	1356.8	0	1356.8	1043.2	1286.4	0
78	1068.8	0	1350.4	0	1225.6	1507.2	1392	0	1299.2	1392	1180.8	0
79	1568	0	1712	0	1360	1683.2	1075.2	0	1222.4	1388.8	1030.4	0
80	1219.2	0	1513.6	0	1264	972.8	1331.2	0	1254.4	1110.4	1382.4	0
81	1257.6	0	1043.2	0	1200	1088	1504	0	1331.2	1008	860.8	0
82	1376	0	1062.4	0	1443.2	768	1392	0	1763.2	1158.4	1328	0
83	1152	0	1414.4	0	1244.8	1001.6	1344	0	1328	1286.4	1222.4	0
84	1155.2	0	1180.8	0	1456	1187.2	1091.2	0	1043.2	1753.6	1177.6	0
85	1161.6	0	1500.8	0	1382.4	1100.8	1507.2	0	1324.8	1043.2	1244.8	0
86	1372.8	0	992	0	1363.2	1539.2	1174.4	0	1081.6	1360	1398.4	0
87	1340.8	0	1398.4	0	1244.8	1094.4	1388.8	0	1097.6	1180.8	1452.8	0
88	1552	0	1347.2	0	1158.4	1577.6	1078.4	0	1539.2	1878.4	854.4	0
89	752	0	1184	0	1190.4	1222.4	1385.6	0	1097.6	1232	1363.2	0
90	1200	0	1398.4	0	1443.2	1363.2	1296	0	1267.2	1155.2	1440	0
(1,0)	(2,5668)	(3,3199)	(4,537)	
(1,0)	(2,1298)	(3,0)	(4,0)	
(1,0)	(2,0)	(3,0)	(4,0)	
(1,0)	(2,1257)	(3,0)	(4,0)	
(1,0)	(2,0)	(3,0)	(4,0)	
(1,0)	(2,0)	(3,0)	(4,0)	
(1,0)	(2,0)	(3,0)	(4,0)	
(1,0)	(2,0)	(3,0)	(4,0)	
(1,0)	(2,0)	(3,0)	(4,0)	
(1,0)	(2,0)	(3,0)	(4,0)	
(1,0)	(2,0)	(3,0)	(4,0)	
(1,0)	(2,0)	(3,0)	(4,0)	
(1,0)	(2,0)	(3,0)	(4,0)	
avg	1223.15	0	1239.57	0	1248.53	1264.21	1281.81	0	1273.81	1252.27	1245.23	0
delay	33.8283	0.0714286	32.4498	0.0649351	49.1568	53.6081	51.6114	0.461538	55.9533	61.9897	51.387	0.410256
loss	0	0	0	0	0	0.00287356	0	0	0	0.00437956	0.00138504	0
Command ['/home/ubuntu/ns-3.30-obss/build/scratch/simple-ofdma-adhoc6', '--ofdmaEnabled=true', '--startTime=60', '--totalTime=90', '--packetSize=4e3', '--dataMode=HeMcs4', '--datarate=20e6', '--ratio=0.375', '--RngRun=39', '--locationFile=locationtxt/locationFile42e1.txt', '--routingFile=locationtxt/routingFile42.txt', '--appFile=locationtxt/appFile.txt', '--tcp=0', '--randomTime=true', '--qosDisabled=true'] terminated with signal SIGSEGV. Run it under a debugger to get more information (./waf --run <program> --command-template="gdb --args %s <args>").
