Waf: Entering directory `/home/ubuntu/ns-3.30-obss/build'
Waf: Leaving directory `/home/ubuntu/ns-3.30-obss/build'
Build commands will be stored in build/compile_commands.json
'build' finished successfully (0.737s)
--------------------------Rate[Kbps]--------------------------
Time[s]	cl-1	cl-2	cl-3	cl-4	cl-5	cl-6	cl-7	cl-8	cl-9	cl-10	cl-11	cl-12
60	14.6	18	13.6	11.2	16.8	14.8	14.8	15.8	13.2	16.2	13.4	14.6
61	1036.8	0	889.6	0	1283.2	1270.4	982.4	0	1171.2	1184	1276.8	0
62	960	0	1318.4	0	1244.8	1504	665.6	0	1926.4	1344	1372.8	0
63	1491.2	0	1820.8	0	1129.6	809.6	1654.4	0	1452.8	1241.6	1411.2	0
64	1516.8	0	1120	0	1081.6	1721.6	1107.2	0	1398.4	1081.6	1132.8	0
65	1312	0	1385.6	0	1014.4	1824	1027.2	0	1299.2	1187.2	1254.4	0
66	819.2	0	1443.2	0	1296	886.4	1200	0	1196.8	1088	1062.4	0
67	912	0	1420.8	0	844.8	912	1062.4	0	1324.8	1088	1728	0
68	915.2	0	1062.4	0	908.8	736	1216	0	1302.4	992	1472	0
69	873.6	0	1228.8	0	1100.8	1206.4	1542.4	0	1008	992	848	0
70	1206.4	0	1116.8	0	1024	841.6	1414.4	0	716.8	1065.6	1312	0
71	793.6	0	1075.2	0	1139.2	1075.2	1542.4	0	1094.4	1142.4	1036.8	0
72	1062.4	0	1622.4	0	1027.2	819.2	1465.6	0	1308.8	924.8	1382.4	0
73	1072	0	1216	0	934.4	1097.6	1241.6	0	1107.2	1152	1248	0
74	1468.8	0	1452.8	0	1241.6	726.4	1625.6	0	1308.8	1366.4	1104	0
75	1072	0	848	0	892.8	1155.2	1116.8	0	950.4	905.6	1132.8	0
76	819.2	0	1228.8	0	1020.8	902.4	1452.8	0	1216	1257.6	1084.8	0
77	1353.6	0	1539.2	0	1017.6	1299.2	1312	0	1190.4	835.2	1136	0
78	1520	0	1222.4	0	1049.6	1318.4	979.2	0	1139.2	1875.2	1222.4	0
79	1100.8	0	1164.8	0	1561.6	937.6	870.4	0	931.2	1043.2	1433.6	0
80	1334.4	0	1222.4	0	1273.6	838.4	1270.4	0	784	1068.8	1529.6	0
81	1241.6	0	1065.6	0	1558.4	1011.2	1212.8	0	828.8	710.4	1334.4	0
82	851.2	0	755.2	0	1110.4	931.2	1088	0	1497.6	1888	1129.6	0
83	1196.8	0	828.8	0	1187.2	1283.2	1347.2	0	1145.6	1225.6	1312	0
84	1260.8	0	1292.8	0	1059.2	816	1443.2	0	892.8	1408	1366.4	0
85	921.6	0	1449.6	0	1459.2	1036.8	1104	0	1123.2	1110.4	1145.6	0
86	1187.2	0	1414.4	0	976	1209.6	1449.6	0	1388.8	966.4	1219.2	0
87	633.6	0	1004.8	0	1107.2	982.4	1401.6	0	854.4	1251.2	1145.6	0
88	1248	0	1091.2	0	864	828.8	1385.6	0	1123.2	880	1158.4	0
89	780.8	0	953.6	0	1248	1100.8	1232	0	816	1187.2	1059.2	0
90	947.2	0	1094.4	0	1110.4	963.2	1008	0	1200	1036.8	1312	0
(1,0)	(2,6720)	(3,4457)	(4,883)	
(1,0)	(2,1871)	(3,0)	(4,0)	
(1,0)	(2,0)	(3,0)	(4,0)	
(1,0)	(2,2287)	(3,0)	(4,0)	
(1,0)	(2,0)	(3,0)	(4,0)	
(1,0)	(2,0)	(3,0)	(4,0)	
(1,0)	(2,0)	(3,0)	(4,0)	
(1,0)	(2,0)	(3,0)	(4,0)	
(1,0)	(2,0)	(3,0)	(4,0)	
(1,0)	(2,0)	(3,0)	(4,0)	
(1,0)	(2,0)	(3,0)	(4,0)	
(1,0)	(2,0)	(3,0)	(4,0)	
(1,0)	(2,0)	(3,0)	(4,0)	
avg	1096.96	0	1211.63	0	1125.55	1068.16	1247.36	0	1156.59	1149.97	1245.44	0
delay	461.225	0.1	456.327	0.0714286	493.365	495.787	510.596	0.443038	508.263	525.321	502.203	0.424658
loss	0.111268	0	0.10107	0	0.266399	0.095729	0.0532688	0	0.118267	0.270992	0.0419664	0
Command ['/home/ubuntu/ns-3.30-obss/build/scratch/simple-ofdma-adhoc6', '--ofdmaEnabled=true', '--startTime=60', '--totalTime=90', '--packetSize=4e3', '--dataMode=HeMcs4', '--datarate=25e6', '--ratio=0.375', '--RngRun=38', '--locationFile=locationtxt/locationFile42e1.txt', '--routingFile=locationtxt/routingFile42.txt', '--appFile=locationtxt/appFile.txt', '--tcp=0', '--randomTime=true', '--qosDisabled=true'] terminated with signal SIGSEGV. Run it under a debugger to get more information (./waf --run <program> --command-template="gdb --args %s <args>").
