Waf: Entering directory `/home/ubuntu/ns-3.30-obss/build'
Waf: Leaving directory `/home/ubuntu/ns-3.30-obss/build'
Build commands will be stored in build/compile_commands.json
'build' finished successfully (0.735s)
--------------------------Rate[Kbps]--------------------------
Time[s]	cl-1	cl-2	cl-3	cl-4	cl-5	cl-6	cl-7	cl-8	cl-9	cl-10	cl-11	cl-12
60	17.4	16.8	13.6	16.4	14.4	12.4	15.2	15	16.2	16.8	14	15.6
61	1456	0	1238.4	0	934.4	963.2	1161.6	0	1366.4	1571.2	1376	0
62	1308.8	0	1158.4	0	1158.4	1497.6	1510.4	0	1011.2	1532.8	1158.4	0
63	1315.2	0	1299.2	0	832	992	1436.8	0	809.6	1315.2	1584	0
64	1974.4	0	1315.2	0	1187.2	707.2	1590.4	0	1539.2	1510.4	1433.6	0
65	809.6	0	1337.6	0	905.6	931.2	1523.2	0	931.2	668.8	1286.4	0
66	723.2	0	803.2	0	950.4	1312	1241.6	0	1433.6	1350.4	1161.6	0
67	1398.4	0	1360	0	1244.8	1132.8	819.2	0	972.8	806.4	1456	0
68	681.6	0	972.8	0	828.8	780.8	1526.4	0	1315.2	809.6	1196.8	0
69	908.8	0	1171.2	0	547.2	886.4	1494.4	0	889.6	1142.4	1132.8	0
70	1340.8	0	1424	0	1708.8	1612.8	1200	0	1484.8	889.6	934.4	0
71	1200	0	1148.8	0	1158.4	1091.2	1225.6	0	886.4	1369.6	899.2	0
72	982.4	0	1251.2	0	784	1014.4	1536	0	899.2	1123.2	1091.2	0
73	1171.2	0	1446.4	0	1481.6	1267.2	1020.8	0	851.2	1123.2	1401.6	0
74	1001.6	0	1196.8	0	921.6	1107.2	1264	0	1308.8	1376	1244.8	0
75	889.6	0	921.6	0	1104	620.8	1468.8	0	1132.8	790.4	1516.8	0
76	1644.8	0	1507.2	0	1635.2	1001.6	1020.8	0	1161.6	1635.2	1065.6	0
77	1030.4	0	1731.2	0	1350.4	1280	889.6	0	1110.4	1680	1283.2	0
78	1059.2	0	1238.4	0	1440	969.6	1616	0	1308.8	1190.4	1094.4	0
79	1308.8	0	1625.6	0	742.4	1436.8	1168	0	1011.2	1161.6	1148.8	0
80	960	0	848	0	1206.4	812.8	1324.8	0	1180.8	1001.6	1465.6	0
81	1347.2	0	956.8	0	771.2	1078.4	1379.2	0	1545.6	940.8	1091.2	0
82	886.4	0	1436.8	0	1641.6	1504	1260.8	0	1123.2	1184	1088	0
83	1132.8	0	1606.4	0	908.8	1001.6	838.4	0	1395.2	1216	1196.8	0
84	1148.8	0	880	0	790.4	1440	1648	0	1123.2	976	867.2	0
85	1126.4	0	963.2	0	1590.4	924.8	1289.6	0	1020.8	908.8	1180.8	0
86	828.8	0	886.4	0	1046.4	1132.8	1043.2	0	937.6	854.4	1600	0
87	1139.2	0	1472	0	1168	1084.8	1171.2	0	1100.8	1027.2	1059.2	0
88	1177.6	0	1110.4	0	921.6	1100.8	1590.4	0	1388.8	1232	1030.4	0
89	931.2	0	1475.2	0	1408	1350.4	1216	0	1270.4	880	1344	0
90	1155.2	0	1203.2	0	928	1084.8	1475.2	0	1094.4	1680	1289.6	0
(1,0)	(2,6753)	(3,4384)	(4,959)	
(1,0)	(2,1868)	(3,0)	(4,0)	
(1,0)	(2,0)	(3,0)	(4,0)	
(1,0)	(2,1950)	(3,0)	(4,0)	
(1,0)	(2,0)	(3,0)	(4,0)	
(1,0)	(2,0)	(3,0)	(4,0)	
(1,0)	(2,0)	(3,0)	(4,0)	
(1,0)	(2,0)	(3,0)	(4,0)	
(1,0)	(2,0)	(3,0)	(4,0)	
(1,0)	(2,0)	(3,0)	(4,0)	
(1,0)	(2,0)	(3,0)	(4,0)	
(1,0)	(2,0)	(3,0)	(4,0)	
(1,0)	(2,0)	(3,0)	(4,0)	
avg	1134.61	0	1232.85	0	1109.87	1104	1298.35	0	1153.49	1164.91	1222.61	0
delay	454	0.0714286	451.555	0.170732	500.25	504.019	495.94	0.36	496.2	491.821	498.37	0.448718
loss	0.0998573	0	0.103763	0	0.22649	0.234293	0.0391892	0	0.199461	0.111772	0.0508475	0
Command ['/home/ubuntu/ns-3.30-obss/build/scratch/simple-ofdma-adhoc6', '--ofdmaEnabled=true', '--startTime=60', '--totalTime=90', '--packetSize=4e3', '--dataMode=HeMcs4', '--datarate=25e6', '--ratio=0.375', '--RngRun=16', '--locationFile=locationtxt/locationFile42e1.txt', '--routingFile=locationtxt/routingFile42.txt', '--appFile=locationtxt/appFile.txt', '--tcp=0', '--randomTime=true', '--qosDisabled=true'] terminated with signal SIGSEGV. Run it under a debugger to get more information (./waf --run <program> --command-template="gdb --args %s <args>").
