Waf: Entering directory `/home/ubuntu/ns-3.30-obss/build'
Waf: Leaving directory `/home/ubuntu/ns-3.30-obss/build'
Build commands will be stored in build/compile_commands.json
'build' finished successfully (0.815s)
--------------------------Rate[Kbps]--------------------------
Time[s]	cl-1	cl-2	cl-3	cl-4	cl-5	cl-6	cl-7	cl-8	cl-9	cl-10	cl-11	cl-12
60	17.8	15.8	16.4	15.8	13.2	14.6	14.2	16	14.2	13.2	17	13.2
61	1171.2	0	956.8	0	848	777.6	1238.4	0	1273.6	937.6	1209.6	0
62	1267.2	0	1379.2	0	1273.6	1251.2	1251.2	0	960	1305.6	1052.8	0
63	1110.4	0	1555.2	0	1091.2	1283.2	1014.4	0	1398.4	1584	1174.4	0
64	1187.2	0	1619.2	0	1404.8	1574.4	1289.6	0	1363.2	1212.8	1075.2	0
65	1104	0	1523.2	0	1212.8	1481.6	1267.2	0	1113.6	848	1670.4	0
66	1443.2	0	1187.2	0	1612.8	1248	1139.2	0	1779.2	1478.4	857.6	0
67	931.2	0	1273.6	0	1404.8	1552	1302.4	0	1408	1126.4	1248	0
68	1174.4	0	1084.8	0	1145.6	1635.2	1401.6	0	1171.2	979.2	1408	0
69	1244.8	0	1331.2	0	1267.2	1001.6	1289.6	0	1641.6	1446.4	1254.4	0
70	1340.8	0	1200	0	1084.8	1536	1312	0	1465.6	1776	832	0
71	1241.6	0	1318.4	0	1203.2	1507.2	1046.4	0	1712	1686.4	860.8	0
72	1462.4	0	982.4	0	1193.6	1142.4	1232	0	1209.6	966.4	988.8	0
73	1273.6	0	1129.6	0	1417.6	1286.4	1206.4	0	1177.6	1139.2	892.8	0
74	1520	0	1580.8	0	1353.6	1388.8	688	0	1027.2	1020.8	1481.6	0
75	1206.4	0	1254.4	0	1379.2	918.4	1161.6	0	1436.8	1238.4	1302.4	0
76	1657.6	0	1110.4	0	1379.2	1388.8	1180.8	0	1292.8	1046.4	1155.2	0
77	1344	0	1577.6	0	1056	1046.4	1289.6	0	1152	1158.4	1414.4	0
78	1219.2	0	1126.4	0	1238.4	1232	1385.6	0	867.2	1222.4	1184	0
79	1094.4	0	1072	0	1065.6	832	1280	0	1632	1478.4	1286.4	0
80	681.6	0	732.8	0	1408	1267.2	1088	0	1340.8	1324.8	1139.2	0
81	732.8	0	1187.2	0	1027.2	1049.6	1222.4	0	1424	960	1196.8	0
82	1260.8	0	1158.4	0	1523.2	1603.2	1507.2	0	940.8	624	1456	0
83	1238.4	0	1392	0	1062.4	1273.6	1184	0	1126.4	1545.6	1088	0
84	1369.6	0	1331.2	0	1148.8	1366.4	1014.4	0	1427.2	1296	1123.2	0
85	1113.6	0	1449.6	0	1036.8	1129.6	1705.6	0	880	1481.6	1235.2	0
86	1292.8	0	1299.2	0	1148.8	1356.8	1404.8	0	1571.2	1296	819.2	0
87	1561.6	0	1216	0	1158.4	1123.2	1382.4	0	1283.2	1123.2	1340.8	0
88	1088	0	1369.6	0	1225.6	1203.2	1299.2	0	1747.2	1318.4	1152	0
89	1523.2	0	1523.2	0	1302.4	1366.4	1660.8	0	1363.2	886.4	1331.2	0
90	1350.4	0	928	0	1209.6	972.8	1651.2	0	940.8	1180.8	1577.6	0
(1,0)	(2,5628)	(3,2823)	(4,451)	
(1,0)	(2,1223)	(3,0)	(4,0)	
(1,0)	(2,0)	(3,0)	(4,0)	
(1,0)	(2,1242)	(3,0)	(4,0)	
(1,0)	(2,0)	(3,0)	(4,0)	
(1,0)	(2,0)	(3,0)	(4,0)	
(1,0)	(2,0)	(3,0)	(4,0)	
(1,0)	(2,0)	(3,0)	(4,0)	
(1,0)	(2,0)	(3,0)	(4,0)	
(1,0)	(2,0)	(3,0)	(4,0)	
(1,0)	(2,0)	(3,0)	(4,0)	
(1,0)	(2,0)	(3,0)	(4,0)	
(1,0)	(2,0)	(3,0)	(4,0)	
avg	1240.21	0	1261.65	0	1229.44	1259.84	1269.87	0	1304.21	1222.93	1193.6	0
delay	43.0568	0.126582	46.3783	0.0759494	68.0234	65.4509	59.6098	0.3625	60.0096	57.3502	50.8968	0.590909
loss	0	0	0	0	0	0	0	0	0	0	0	0
Command ['/home/ubuntu/ns-3.30-obss/build/scratch/simple-ofdma-adhoc6', '--ofdmaEnabled=true', '--startTime=60', '--totalTime=90', '--packetSize=4e3', '--dataMode=HeMcs4', '--datarate=20e6', '--ratio=0.375', '--RngRun=6', '--locationFile=locationtxt/locationFile42e1.txt', '--routingFile=locationtxt/routingFile42.txt', '--appFile=locationtxt/appFile.txt', '--tcp=0', '--randomTime=true', '--qosDisabled=true'] terminated with signal SIGSEGV. Run it under a debugger to get more information (./waf --run <program> --command-template="gdb --args %s <args>").
