Waf: Entering directory `/home/ubuntu/ns-3.30-obss/build'
Waf: Leaving directory `/home/ubuntu/ns-3.30-obss/build'
Build commands will be stored in build/compile_commands.json
'build' finished successfully (0.770s)
--------------------------Rate[Kbps]--------------------------
Time[s]	cl-1	cl-2	cl-3	cl-4	cl-5	cl-6	cl-7	cl-8	cl-9	cl-10	cl-11	cl-12
60	13.2	14.2	14	16	12.4	18.4	13.6	15	13	16	13.4	13.8
61	816	0	1488	0	1216	1382.4	956.8	0	1308.8	1193.6	1235.2	0
62	1644.8	0	1171.2	0	1353.6	1302.4	1344	0	1001.6	1388.8	1132.8	0
63	1059.2	0	1728	0	1305.6	1324.8	1481.6	0	1043.2	1891.2	896	0
64	1849.6	0	1446.4	0	1232	1353.6	1475.2	0	899.2	1059.2	1456	0
65	1590.4	0	1558.4	0	1344	966.4	1206.4	0	1337.6	992	1328	0
66	1158.4	0	684.8	0	707.2	819.2	1264	0	1065.6	1164.8	1267.2	0
67	668.8	0	1216	0	1043.2	1212.8	1040	0	1046.4	1081.6	1529.6	0
68	822.4	0	982.4	0	1222.4	1180.8	1555.2	0	1312	928	1107.2	0
69	1340.8	0	1280	0	899.2	1177.6	1372.8	0	816	1139.2	937.6	0
70	1052.8	0	940.8	0	598.4	553.6	1545.6	0	1228.8	934.4	1193.6	0
71	1200	0	1228.8	0	1593.6	1286.4	1136	0	1228.8	1059.2	694.4	0
72	1011.2	0	707.2	0	1248	1260.8	1488	0	966.4	1142.4	1353.6	0
73	1100.8	0	1222.4	0	1369.6	1152	1408	0	979.2	1040	1299.2	0
74	896	0	1168	0	1632	1094.4	1052.8	0	1212.8	963.2	1366.4	0
75	1126.4	0	1244.8	0	1184	1232	1072	0	1328	1510.4	1312	0
76	1292.8	0	1206.4	0	1235.2	1529.6	1324.8	0	787.2	800	1043.2	0
77	1049.6	0	1072	0	992	908.8	1456	0	960	1395.2	1020.8	0
78	934.4	0	1168	0	1011.2	716.8	1299.2	0	1692.8	1200	950.4	0
79	1040	0	992	0	1126.4	1219.2	1296	0	940.8	796.8	1164.8	0
80	681.6	0	1296	0	1088	1043.2	1011.2	0	896	1360	1715.2	0
81	1116.8	0	1440	0	1139.2	790.4	1180.8	0	950.4	819.2	1331.2	0
82	886.4	0	1068.8	0	944	748.8	1043.2	0	1177.6	928	1225.6	0
83	1001.6	0	1273.6	0	1152	1360	1318.4	0	950.4	848	1200	0
84	1280	0	1254.4	0	1382.4	912	796.8	0	1296	851.2	1267.2	0
85	758.4	0	1504	0	1350.4	1072	729.6	0	1318.4	867.2	1251.2	0
86	1465.6	0	1104	0	1235.2	963.2	1344	0	1548.8	1200	1305.6	0
87	1136	0	1411.2	0	1260.8	1251.2	1526.4	0	1334.4	1072	956.8	0
88	976	0	1708.8	0	1248	601.6	1225.6	0	1094.4	960	1388.8	0
89	960	0	1366.4	0	1203.2	1584	1155.2	0	1622.4	1100.8	1027.2	0
90	1196.8	0	1276.8	0	1187.2	1216	873.6	0	889.6	1200	1526.4	0
(1,0)	(2,6798)	(3,4383)	(4,960)	
(1,0)	(2,2137)	(3,0)	(4,0)	
(1,0)	(2,0)	(3,0)	(4,0)	
(1,0)	(2,1912)	(3,0)	(4,0)	
(1,0)	(2,0)	(3,0)	(4,0)	
(1,0)	(2,0)	(3,0)	(4,0)	
(1,0)	(2,0)	(3,0)	(4,0)	
(1,0)	(2,0)	(3,0)	(4,0)	
(1,0)	(2,0)	(3,0)	(4,0)	
(1,0)	(2,0)	(3,0)	(4,0)	
(1,0)	(2,0)	(3,0)	(4,0)	
(1,0)	(2,0)	(3,0)	(4,0)	
(1,0)	(2,0)	(3,0)	(4,0)	
avg	1103.79	0	1240.32	0	1183.47	1107.2	1232.64	0	1141.12	1096.21	1216.11	0
delay	460.241	0.0704225	460.783	0.075	514.422	501.701	513.34	0.56	497.753	495.656	507.716	0.449275
loss	0.103352	0	0.100642	0	0.122024	0.105263	0.202719	0	0.112161	0.244926	0.0405797	0
Command ['/home/ubuntu/ns-3.30-obss/build/scratch/simple-ofdma-adhoc6', '--ofdmaEnabled=true', '--startTime=60', '--totalTime=90', '--packetSize=4e3', '--dataMode=HeMcs4', '--datarate=25e6', '--ratio=0.375', '--RngRun=8', '--locationFile=locationtxt/locationFile42e1.txt', '--routingFile=locationtxt/routingFile42.txt', '--appFile=locationtxt/appFile.txt', '--tcp=0', '--randomTime=true', '--qosDisabled=true'] terminated with signal SIGSEGV. Run it under a debugger to get more information (./waf --run <program> --command-template="gdb --args %s <args>").
