Waf: Entering directory `/home/ubuntu/ns-3.30-obss/build'
Waf: Leaving directory `/home/ubuntu/ns-3.30-obss/build'
Build commands will be stored in build/compile_commands.json
'build' finished successfully (0.811s)
--------------------------Rate[Kbps]--------------------------
Time[s]	cl-1	cl-2	cl-3	cl-4	cl-5	cl-6	cl-7	cl-8	cl-9	cl-10	cl-11	cl-12
60	13	13.6	11.4	13.8	17.4	14.8	14.4	14.6	15.2	14.6	11.6	15.2
61	1513.6	0	1507.2	0	1235.2	1065.6	1369.6	0	1424	1590.4	1232	0
62	1344	0	1209.6	0	1628.8	1356.8	1379.2	0	1363.2	1078.4	1187.2	0
63	1094.4	0	1481.6	0	1481.6	1337.6	1280	0	870.4	1622.4	1376	0
64	1046.4	0	1459.2	0	841.6	1526.4	1024	0	1328	1187.2	1267.2	0
65	1187.2	0	924.8	0	1142.4	1267.2	988.8	0	1059.2	1091.2	1331.2	0
66	1264	0	1024	0	944	1222.4	1180.8	0	1491.2	1148.8	1318.4	0
67	1033.6	0	1424	0	1244.8	1072	1212.8	0	1088	1200	1494.4	0
68	1392	0	1232	0	822.4	1107.2	1488	0	1046.4	1235.2	1510.4	0
69	1020.8	0	1161.6	0	1388.8	1097.6	1177.6	0	979.2	1398.4	1030.4	0
70	1203.2	0	892.8	0	902.4	835.2	1238.4	0	1174.4	1148.8	1523.2	0
71	1347.2	0	1222.4	0	1161.6	1555.2	1107.2	0	1340.8	1488	1104	0
72	1161.6	0	704	0	1024	1462.4	732.8	0	956.8	1574.4	1568	0
73	1241.6	0	1488	0	1113.6	956.8	1292.8	0	1174.4	1472	1072	0
74	1129.6	0	1872	0	819.2	1232	1424	0	1059.2	1161.6	992	0
75	1139.2	0	848	0	1174.4	1440	838.4	0	976	1244.8	1404.8	0
76	1254.4	0	867.2	0	1315.2	982.4	854.4	0	1248	1129.6	1273.6	0
77	931.2	0	1104	0	1011.2	1168	1273.6	0	796.8	998.4	1248	0
78	1046.4	0	1136	0	1481.6	870.4	1056	0	1081.6	1107.2	1353.6	0
79	1388.8	0	1168	0	1302.4	886.4	1369.6	0	1289.6	1270.4	1331.2	0
80	985.6	0	1283.2	0	1017.6	742.4	1465.6	0	1200	921.6	1449.6	0
81	1088	0	1340.8	0	1238.4	1129.6	998.4	0	1168	1398.4	1366.4	0
82	803.2	0	1155.2	0	1174.4	1043.2	1315.2	0	1254.4	771.2	617.6	0
83	1158.4	0	1628.8	0	1462.4	880	1052.8	0	838.4	1504	1616	0
84	1436.8	0	1353.6	0	1088	1142.4	1478.4	0	899.2	982.4	1609.6	0
85	1417.6	0	1244.8	0	1145.6	1363.2	944	0	1142.4	1142.4	1059.2	0
86	844.8	0	1068.8	0	1273.6	908.8	1020.8	0	1318.4	1190.4	1155.2	0
87	995.2	0	969.6	0	844.8	1059.2	1408	0	1270.4	1190.4	1392	0
88	793.6	0	809.6	0	1385.6	1254.4	1299.2	0	1289.6	1139.2	828.8	0
89	892.8	0	1331.2	0	870.4	1235.2	1203.2	0	1622.4	716.8	1350.4	0
90	1148.8	0	963.2	0	1040	944	1292.8	0	947.2	1395.2	1238.4	0
(1,0)	(2,7013)	(3,4444)	(4,758)	
(1,0)	(2,1755)	(3,0)	(4,0)	
(1,0)	(2,0)	(3,0)	(4,0)	
(1,0)	(2,1990)	(3,0)	(4,0)	
(1,0)	(2,0)	(3,0)	(4,0)	
(1,0)	(2,0)	(3,0)	(4,0)	
(1,0)	(2,0)	(3,0)	(4,0)	
(1,0)	(2,0)	(3,0)	(4,0)	
(1,0)	(2,0)	(3,0)	(4,0)	
(1,0)	(2,0)	(3,0)	(4,0)	
(1,0)	(2,0)	(3,0)	(4,0)	
(1,0)	(2,0)	(3,0)	(4,0)	
(1,0)	(2,0)	(3,0)	(4,0)	
avg	1143.47	0	1195.84	0	1152.53	1138.13	1192.21	0	1156.59	1216.64	1276.69	0
delay	459.828	0.0735294	458.844	0.15942	491.48	494.517	481.045	0.534247	496.921	502.503	483.308	0.434211
loss	0.0902439	0	0.0672154	0	0.0988024	0.114815	0.185889	0	0.0783217	0.12098	0.181265	0
Command ['/home/ubuntu/ns-3.30-obss/build/scratch/simple-ofdma-adhoc6', '--ofdmaEnabled=true', '--startTime=60', '--totalTime=90', '--packetSize=4e3', '--dataMode=HeMcs4', '--datarate=25e6', '--ratio=0.375', '--RngRun=33', '--locationFile=locationtxt/locationFile42e1.txt', '--routingFile=locationtxt/routingFile42.txt', '--appFile=locationtxt/appFile.txt', '--tcp=0', '--randomTime=true', '--qosDisabled=true'] terminated with signal SIGSEGV. Run it under a debugger to get more information (./waf --run <program> --command-template="gdb --args %s <args>").
