Waf: Entering directory `/home/ubuntu/ns-3.30-obss/build'
Waf: Leaving directory `/home/ubuntu/ns-3.30-obss/build'
Build commands will be stored in build/compile_commands.json
'build' finished successfully (0.728s)
--------------------------Rate[Kbps]--------------------------
Time[s]	cl-1	cl-2	cl-3	cl-4	cl-5	cl-6	cl-7	cl-8	cl-9	cl-10	cl-11	cl-12
60	11	16.2	12.4	12.8	14.4	14.8	17.4	13.8	13.8	13	16	17.8
61	1072	0	2096	0	1264	1232	1465.6	0	1680	1433.6	1603.2	0
62	1657.6	0	1648	0	1036.8	1609.6	2006.4	0	1273.6	1529.6	1814.4	0
63	1484.8	0	1603.2	0	1235.2	1267.2	1593.6	0	1494.4	1638.4	1852.8	0
64	1251.2	0	1625.6	0	1347.2	1689.6	1555.2	0	1430.4	1737.6	1760	0
65	1500.8	0	2060.8	0	1200	1913.6	1664	0	2089.6	1017.6	1744	0
66	1516.8	0	1408	0	1456	1980.8	1670.4	0	1235.2	1740.8	2016	0
67	1344	0	1884.8	0	1772.8	1312	1356.8	0	1200	963.2	1680	0
68	1299.2	0	1100.8	0	1564.8	880	1612.8	0	2137.6	1897.6	1750.4	0
69	1379.2	0	1612.8	0	1478.4	1616	1622.4	0	1689.6	1731.2	1465.6	0
70	1715.2	0	1897.6	0	1532.8	1667.2	1395.2	0	1382.4	1804.8	2313.6	0
71	1606.4	0	1340.8	0	1142.4	1516.8	1801.6	0	1555.2	1443.2	1830.4	0
72	1363.2	0	1292.8	0	1680	1753.6	1641.6	0	1584	1257.6	1280	0
73	2051.2	0	1507.2	0	1462.4	803.2	1475.2	0	1500.8	1321.6	1763.2	0
74	1193.6	0	1782.4	0	1203.2	2278.4	1507.2	0	1372.8	1859.2	1139.2	0
75	1632	0	1747.2	0	1305.6	1302.4	1228.8	0	1372.8	1702.4	1475.2	0
76	1571.2	0	1161.6	0	1564.8	1574.4	1222.4	0	956.8	1766.4	1676.8	0
77	1184	0	1846.4	0	1667.2	1520	1324.8	0	2409.6	755.2	2009.6	0
78	1577.6	0	1795.2	0	1443.2	1763.2	1843.2	0	1894.4	1289.6	1081.6	0
79	1798.4	0	1331.2	0	1500.8	1155.2	1865.6	0	1875.2	1936	1590.4	0
80	1612.8	0	1868.8	0	1433.6	1689.6	1411.2	0	1862.4	1324.8	1872	0
81	1948.8	0	1507.2	0	1417.6	1283.2	1292.8	0	1363.2	1401.6	1676.8	0
82	1254.4	0	1404.8	0	1740.8	1420.8	1619.2	0	1651.2	1520	1712	0
83	1686.4	0	1526.4	0	1670.4	1718.4	1619.2	0	1545.6	1609.6	1676.8	0
84	1740.8	0	995.2	0	1702.4	1510.4	1795.2	0	1619.2	1731.2	1116.8	0
85	1561.6	0	1878.4	0	1404.8	2044.8	1347.2	0	1376	1545.6	2051.2	0
86	1372.8	0	1865.6	0	1625.6	1622.4	1548.8	0	1808	1427.2	1721.6	0
87	1129.6	0	1392	0	1808	1520	1616	0	1696	1526.4	1568	0
88	1680	0	1628.8	0	1456	1561.6	1270.4	0	1433.6	1840	1945.6	0
89	1715.2	0	1139.2	0	1603.2	1824	1644.8	0	1484.8	1600	1667.2	0
90	1216	0	1552	0	1408	1142.4	1945.6	0	1574.4	1763.2	1820.8	0
(1,0)	(2,7261)	(3,3985)	(4,563)	
(1,0)	(2,1592)	(3,0)	(4,0)	
(1,0)	(2,0)	(3,0)	(4,0)	
(1,0)	(2,1420)	(3,0)	(4,0)	
(1,0)	(2,0)	(3,0)	(4,0)	
(1,0)	(2,0)	(3,0)	(4,0)	
(1,0)	(2,0)	(3,0)	(4,0)	
(1,0)	(2,0)	(3,0)	(4,0)	
(1,0)	(2,0)	(3,0)	(4,0)	
(1,0)	(2,0)	(3,0)	(4,0)	
(1,0)	(2,0)	(3,0)	(4,0)	
(1,0)	(2,0)	(3,0)	(4,0)	
(1,0)	(2,0)	(3,0)	(4,0)	
avg	1503.89	0	1583.36	0	1470.93	1539.09	1565.44	0	1584.96	1537.17	1689.17	0
delay	50.2921	0.111111	50.4724	0.0625	67.1789	64.7718	60.0702	0.376812	54.874	63.8825	61.677	0.348315
loss	0	0	0	0	0.00487805	0	0	0	0.00135318	0.00115075	0	0
Command ['/home/ubuntu/ns-3.30-obss/build/scratch/simple-ofdma-adhoc6', '--ofdmaEnabled=true', '--startTime=60', '--totalTime=90', '--packetSize=4e3', '--dataMode=HeMcs5', '--datarate=25e6', '--ratio=0.375', '--RngRun=21', '--locationFile=locationtxt/locationFile42e1.txt', '--routingFile=locationtxt/routingFile42.txt', '--appFile=locationtxt/appFile.txt', '--tcp=0', '--randomTime=true', '--qosDisabled=true'] terminated with signal SIGSEGV. Run it under a debugger to get more information (./waf --run <program> --command-template="gdb --args %s <args>").
