Waf: Entering directory `/home/ubuntu/ns-3.30-obss/build'
Waf: Leaving directory `/home/ubuntu/ns-3.30-obss/build'
Build commands will be stored in build/compile_commands.json
'build' finished successfully (0.834s)
--------------------------Rate[Kbps]--------------------------
Time[s]	cl-1	cl-2	cl-3	cl-4	cl-5	cl-6	cl-7	cl-8	cl-9	cl-10	cl-11	cl-12
60	12.2	13.8	15	15.6	10.8	17.2	16.6	13.6	18	16.2	15.2	15.2
61	1942.4	0	1705.6	0	1932.8	1532.8	1411.2	0	1193.6	1756.8	1488	0
62	2134.4	0	1484.8	0	1632	1936	1324.8	0	1526.4	1280	1708.8	0
63	985.6	0	2070.4	0	1811.2	1238.4	1753.6	0	1747.2	2076.8	1404.8	0
64	1884.8	0	1600	0	1360	1875.2	1494.4	0	1692.8	1971.2	1414.4	0
65	1436.8	0	1600	0	1680	1244.8	1340.8	0	1382.4	1782.4	1788.8	0
66	1516.8	0	1100.8	0	1308.8	1008	1510.4	0	1459.2	1228.8	1520	0
67	1299.2	0	1152	0	1497.6	1161.6	1484.8	0	1564.8	1472	1820.8	0
68	1833.6	0	1702.4	0	1075.2	1440	1747.2	0	1628.8	1392	1724.8	0
69	1340.8	0	796.8	0	1462.4	1273.6	1641.6	0	1564.8	1344	1884.8	0
70	1113.6	0	1033.6	0	1292.8	1190.4	1449.6	0	1379.2	1587.2	1379.2	0
71	1596.8	0	1360	0	1782.4	1689.6	1520	0	1414.4	1718.4	1468.8	0
72	1414.4	0	1040	0	1654.4	1200	1158.4	0	1081.6	1667.2	1744	0
73	1481.6	0	1417.6	0	1379.2	1260.8	1753.6	0	1708.8	1059.2	1577.6	0
74	1507.2	0	979.2	0	1174.4	1350.4	1849.6	0	1580.8	1276.8	1824	0
75	1062.4	0	1072	0	1740.8	1120	1456	0	1616	1478.4	1888	0
76	1353.6	0	1942.4	0	1763.2	1686.4	1414.4	0	1740.8	1568	1657.6	0
77	1244.8	0	1209.6	0	1417.6	1462.4	1532.8	0	1401.6	1593.6	1510.4	0
78	1257.6	0	1404.8	0	1446.4	1126.4	1289.6	0	1273.6	1520	1590.4	0
79	1366.4	0	1616	0	1372.8	1548.8	1744	0	1705.6	1401.6	1366.4	0
80	1417.6	0	1465.6	0	1904	1193.6	1638.4	0	1718.4	1686.4	1449.6	0
81	1203.2	0	944	0	1411.2	1024	1683.2	0	1308.8	908.8	1475.2	0
82	1497.6	0	972.8	0	1161.6	1046.4	1929.6	0	1737.6	1577.6	1731.2	0
83	1584	0	1305.6	0	1043.2	1340.8	1296	0	1251.2	1702.4	1664	0
84	1331.2	0	1139.2	0	1568	1430.4	2144	0	1321.6	1292.8	1603.2	0
85	1276.8	0	1324.8	0	950.4	1244.8	1446.4	0	1475.2	1318.4	1961.6	0
86	1692.8	0	1164.8	0	1587.2	1033.6	1148.8	0	1235.2	1142.4	1875.2	0
87	1235.2	0	1363.2	0	1398.4	1388.8	1731.2	0	1267.2	1142.4	1804.8	0
88	1392	0	1356.8	0	1334.4	1155.2	1920	0	1193.6	1260.8	1587.2	0
89	1356.8	0	1193.6	0	1193.6	902.4	1721.6	0	1292.8	1430.4	1948.8	0
90	1651.2	0	1363.2	0	1177.6	1478.4	1756.8	0	1056	1312	1715.2	0
(1,0)	(2,8013)	(3,5470)	(4,876)	
(1,0)	(2,1763)	(3,0)	(4,0)	
(1,0)	(2,0)	(3,0)	(4,0)	
(1,0)	(2,1980)	(3,0)	(4,0)	
(1,0)	(2,0)	(3,0)	(4,0)	
(1,0)	(2,0)	(3,0)	(4,0)	
(1,0)	(2,0)	(3,0)	(4,0)	
(1,0)	(2,0)	(3,0)	(4,0)	
(1,0)	(2,0)	(3,0)	(4,0)	
(1,0)	(2,0)	(3,0)	(4,0)	
(1,0)	(2,0)	(3,0)	(4,0)	
(1,0)	(2,0)	(3,0)	(4,0)	
(1,0)	(2,0)	(3,0)	(4,0)	
avg	1447.04	0	1329.39	0	1450.45	1319.47	1576.43	0	1450.67	1464.96	1652.59	0
delay	466.742	0.057971	467.942	0.0512821	481.465	493.577	491.749	0.308824	489.794	485.06	500.127	0.473684
loss	0.204969	0	0.304671	0	0.107628	0.286929	0.0191388	0	0.206934	0.0440476	0.173007	0
Command ['/home/ubuntu/ns-3.30-obss/build/scratch/simple-ofdma-adhoc6', '--ofdmaEnabled=true', '--startTime=60', '--totalTime=90', '--packetSize=4e3', '--dataMode=HeMcs5', '--datarate=30e6', '--ratio=0.375', '--RngRun=19', '--locationFile=locationtxt/locationFile42e1.txt', '--routingFile=locationtxt/routingFile42.txt', '--appFile=locationtxt/appFile.txt', '--tcp=0', '--randomTime=true', '--qosDisabled=true'] terminated with signal SIGSEGV. Run it under a debugger to get more information (./waf --run <program> --command-template="gdb --args %s <args>").
