Waf: Entering directory `/home/ubuntu/ns-3.30-obss/build'
Waf: Leaving directory `/home/ubuntu/ns-3.30-obss/build'
Build commands will be stored in build/compile_commands.json
'build' finished successfully (0.737s)
--------------------------Rate[Kbps]--------------------------
Time[s]	cl-1	cl-2	cl-3	cl-4	cl-5	cl-6	cl-7	cl-8	cl-9	cl-10	cl-11	cl-12
60	17.2	15.2	15.4	16	16.8	15.4	16.4	14.6	12.6	13	16.6	12.2
61	246.4	0	339.2	0	249.6	256	355.2	0	268.8	265.6	243.2	0
62	355.2	0	288	0	377.6	428.8	310.4	0	320	444.8	288	0
63	281.6	0	425.6	0	265.6	345.6	275.2	0	297.6	390.4	342.4	0
64	233.6	0	320	0	368	230.4	336	0	380.8	304	259.2	0
65	348.8	0	384	0	297.6	313.6	233.6	0	275.2	336	297.6	0
66	339.2	0	249.6	0	278.4	342.4	428.8	0	240	233.6	294.4	0
67	192	0	396.8	0	352	262.4	291.2	0	310.4	390.4	409.6	0
68	342.4	0	339.2	0	243.2	233.6	179.2	0	297.6	256	272	0
69	252.8	0	304	0	358.4	352	329.6	0	304	326.4	393.6	0
70	217.6	0	201.6	0	288	329.6	332.8	0	345.6	476.8	272	0
71	300.8	0	332.8	0	390.4	355.2	339.2	0	374.4	256	272	0
72	336	0	252.8	0	316.8	153.6	384	0	320	240	297.6	0
73	288	0	188.8	0	368	361.6	352	0	288	284.8	409.6	0
74	336	0	377.6	0	390.4	272	240	0	288	342.4	275.2	0
75	291.2	0	300.8	0	297.6	201.6	336	0	368	368	284.8	0
76	256	0	297.6	0	297.6	393.6	371.2	0	288	246.4	288	0
77	288	0	377.6	0	224	256	368	0	345.6	425.6	416	0
78	393.6	0	217.6	0	364.8	320	297.6	0	339.2	297.6	214.4	0
79	240	0	368	0	297.6	297.6	393.6	0	422.4	278.4	320	0
80	262.4	0	329.6	0	384	316.8	320	0	256	243.2	368	0
81	396.8	0	403.2	0	275.2	345.6	352	0	355.2	256	278.4	0
82	265.6	0	281.6	0	310.4	310.4	224	0	393.6	403.2	256	0
83	336	0	288	0	329.6	291.2	336	0	236.8	284.8	316.8	0
84	304	0	400	0	403.2	281.6	268.8	0	361.6	377.6	288	0
85	352	0	313.6	0	345.6	364.8	291.2	0	294.4	272	428.8	0
86	201.6	0	230.4	0	326.4	390.4	403.2	0	281.6	352	208	0
87	358.4	0	352	0	313.6	307.2	329.6	0	326.4	352	374.4	0
88	217.6	0	310.4	0	304	246.4	272	0	256	291.2	342.4	0
89	300.8	0	294.4	0	297.6	339.2	352	0	233.6	361.6	339.2	0
90	323.2	0	294.4	0	281.6	224	304	0	313.6	393.6	364.8	0
(1,0)	(2,108)	(3,6)	(4,0)	
(1,0)	(2,12)	(3,0)	(4,0)	
(1,0)	(2,0)	(3,0)	(4,0)	
(1,0)	(2,7)	(3,0)	(4,0)	
(1,0)	(2,0)	(3,0)	(4,0)	
(1,0)	(2,0)	(3,0)	(4,0)	
(1,0)	(2,0)	(3,0)	(4,0)	
(1,0)	(2,0)	(3,0)	(4,0)	
(1,0)	(2,0)	(3,0)	(4,0)	
(1,0)	(2,0)	(3,0)	(4,0)	
(1,0)	(2,0)	(3,0)	(4,0)	
(1,0)	(2,0)	(3,0)	(4,0)	
(1,0)	(2,0)	(3,0)	(4,0)	
avg	295.253	0	315.307	0	319.893	304.107	320.213	0	312.747	325.013	313.813	0
delay	0.369128	0.0526316	0.414773	0.05	0.727891	2.18452	0.639706	0.39726	0.676471	0.655629	0.682119	0.311475
loss	0	0	0	0	0	0	0	0	0	0	0	0
Command ['/home/ubuntu/ns-3.30-obss/build/scratch/simple-ofdma-adhoc6', '--ofdmaEnabled=true', '--startTime=60', '--totalTime=90', '--packetSize=4e3', '--dataMode=HeMcs5', '--datarate=5e6', '--ratio=0.375', '--RngRun=15', '--locationFile=locationtxt/locationFile42e1.txt', '--routingFile=locationtxt/routingFile42.txt', '--appFile=locationtxt/appFile.txt', '--tcp=0', '--randomTime=true', '--qosDisabled=true'] terminated with signal SIGSEGV. Run it under a debugger to get more information (./waf --run <program> --command-template="gdb --args %s <args>").
