Waf: Entering directory `/home/ubuntu/ns-3.30-obss/build'
Waf: Leaving directory `/home/ubuntu/ns-3.30-obss/build'
Build commands will be stored in build/compile_commands.json
'build' finished successfully (1.203s)
--------------------------Rate[Kbps]--------------------------
Time[s]	cl-1	cl-2	cl-3	cl-4	cl-5	cl-6	cl-7	cl-8	cl-9	cl-10	cl-11	cl-12
60	13.4	16.4	13.2	14.8	17.2	13.2	15.2	15.4	16.8	12.6	14.8	15.6
61	0	0	0	1276.8	1481.6	1097.6	1139.2	1315.2	924.8	1011.2	1001.6	1446.4
62	0	0	0	697.6	688	838.4	979.2	1353.6	1120	1420.8	1008	1420.8
63	0	0	0	944	1043.2	592	940.8	710.4	934.4	713.6	947.2	921.6
64	0	0	0	784	835.2	604.8	908.8	1008	953.6	758.4	928	1036.8
65	0	0	0	1068.8	1184	649.6	643.2	956.8	883.2	1046.4	1046.4	908.8
66	0	0	0	838.4	902.4	784	953.6	1110.4	812.8	838.4	931.2	1196.8
67	0	0	0	924.8	950.4	563.2	796.8	918.4	963.2	918.4	1216	902.4
68	0	0	0	902.4	1152	489.6	1232	864	739.2	774.4	864	950.4
69	0	0	0	905.6	928	611.2	915.2	896	742.4	832	1052.8	1308.8
70	0	0	0	899.2	985.6	688	1062.4	1052.8	1014.4	963.2	1139.2	851.2
71	0	0	0	902.4	1052.8	569.6	1120	1024	819.2	979.2	1072	928
72	0	0	0	851.2	944	489.6	966.4	860.8	771.2	972.8	716.8	937.6
73	0	0	0	892.8	873.6	736	966.4	880	908.8	646.4	1062.4	876.8
74	0	0	0	649.6	902.4	569.6	771.2	761.6	912	908.8	1040	1248
75	0	0	0	796.8	992	438.4	697.6	1033.6	966.4	1014.4	921.6	988.8
76	0	0	0	1116.8	1081.6	582.4	844.8	812.8	915.2	617.6	931.2	649.6
77	0	0	0	953.6	1027.2	761.6	854.4	1148.8	784	1004.8	860.8	873.6
78	0	0	0	1017.6	1068.8	646.4	1094.4	982.4	886.4	889.6	995.2	988.8
79	0	0	0	838.4	1043.2	348.8	873.6	912	668.8	876.8	755.2	848
80	0	0	0	953.6	841.6	784	896	883.2	1094.4	796.8	819.2	617.6
81	0	0	0	915.2	1088	425.6	960	838.4	828.8	742.4	876.8	816
82	0	0	0	880	1142.4	611.2	1088	995.2	1017.6	860.8	1072	1116.8
83	0	0	0	912	1008	579.2	1200	953.6	880	739.2	1014.4	825.6
84	0	0	0	864	841.6	624	745.6	1059.2	1139.2	550.4	956.8	1168
85	0	0	0	880	915.2	636.8	915.2	784	809.6	841.6	924.8	777.6
86	0	0	0	787.2	832	377.6	950.4	931.2	963.2	876.8	1049.6	825.6
87	0	0	0	908.8	1036.8	531.2	1014.4	1094.4	1100.8	937.6	1065.6	883.2
88	0	0	0	940.8	947.2	617.6	915.2	694.4	841.6	940.8	886.4	1078.4
89	0	0	0	739.2	995.2	784	835.2	1014.4	928	864	912	1065.6
90	0	0	0	928	960	518.4	854.4	928	864	966.4	828.8	1184
(1,0)	(2,7839)	(3,5114)	(4,0)	
(1,0)	(2,2070)	(3,653)	(4,0)	
(1,0)	(2,1988)	(3,503)	(4,0)	
(1,0)	(2,1936)	(3,718)	(4,0)	
(1,0)	(2,0)	(3,0)	(4,0)	
(1,0)	(2,0)	(3,0)	(4,0)	
(1,0)	(2,0)	(3,0)	(4,0)	
(1,0)	(2,0)	(3,0)	(4,0)	
(1,0)	(2,0)	(3,0)	(4,0)	
(1,0)	(2,0)	(3,0)	(4,0)	
(1,0)	(2,0)	(3,0)	(4,0)	
(1,0)	(2,0)	(3,0)	(4,0)	
(1,0)	(2,0)	(3,0)	(4,0)	
avg	0	0	0	898.987	991.467	618.347	937.813	959.253	906.24	876.8	963.2	988.053
delay	0.0597015	0.0487805	0.0454545	520.795	526.663	626.483	563.854	553.892	569.521	567.461	579.593	559.095
loss	0	0	0	0.138776	0.123094	0.653815	0.437828	0.715459	0.421995	0.698225	0.685185	0.715
Command ['/home/ubuntu/ns-3.30-obss/build/scratch/simple-ofdma-adhoc6', '--ofdmaEnabled=true', '--startTime=60', '--totalTime=90', '--packetSize=4e3', '--dataMode=HeMcs5', '--datarate=40e6', '--ratio=0.375', '--RngRun=17', '--locationFile=locationtxt/locationFile33.txt', '--routingFile=locationtxt/routingFile33.txt', '--appFile=locationtxt/appFile.txt', '--tcp=0', '--randomTime=true', '--qosDisabled=true'] terminated with signal SIGSEGV. Run it under a debugger to get more information (./waf --run <program> --command-template="gdb --args %s <args>").
