Waf: Entering directory `/home/ubuntu/ns-3.30-obss/build'
Waf: Leaving directory `/home/ubuntu/ns-3.30-obss/build'
Build commands will be stored in build/compile_commands.json
'build' finished successfully (0.952s)
--------------------------Rate[Kbps]--------------------------
Time[s]	cl-1	cl-2	cl-3	cl-4	cl-5	cl-6	cl-7	cl-8	cl-9	cl-10	cl-11	cl-12
60	14.8	15.4	16	11.8	17.2	12.6	14.2	10.4	15	14.8	17.8	12.6
61	0	0	0	214.4	214.4	211.2	195.2	172.8	201.6	268.8	307.2	201.6
62	0	0	0	297.6	288	249.6	316.8	256	332.8	281.6	256	252.8
63	0	0	0	288	227.2	310.4	275.2	329.6	201.6	156.8	224	278.4
64	0	0	0	217.6	272	227.2	313.6	272	336	246.4	217.6	224
65	0	0	0	192	243.2	201.6	259.2	300.8	336	185.6	288	217.6
66	0	0	0	262.4	281.6	217.6	262.4	275.2	217.6	313.6	224	252.8
67	0	0	0	291.2	281.6	352	265.6	320	304	265.6	259.2	304
68	0	0	0	323.2	265.6	243.2	256	358.4	265.6	368	265.6	291.2
69	0	0	0	227.2	361.6	243.2	217.6	291.2	262.4	288	355.2	160
70	0	0	0	211.2	307.2	304	201.6	326.4	256	249.6	304	265.6
71	0	0	0	240	320	275.2	320	320	256	259.2	297.6	307.2
72	0	0	0	275.2	297.6	169.6	224	336	268.8	243.2	288	288
73	0	0	0	256	272	281.6	304	192	153.6	339.2	345.6	320
74	0	0	0	352	265.6	227.2	425.6	278.4	214.4	384	249.6	288
75	0	0	0	249.6	313.6	262.4	233.6	288	304	329.6	339.2	252.8
76	0	0	0	291.2	304	240	390.4	233.6	249.6	224	272	348.8
77	0	0	0	156.8	320	291.2	240	224	265.6	278.4	288	323.2
78	0	0	0	249.6	224	256	342.4	236.8	304	272	336	307.2
79	0	0	0	326.4	272	368	300.8	352	291.2	288	297.6	297.6
80	0	0	0	313.6	316.8	246.4	249.6	268.8	380.8	217.6	297.6	265.6
81	0	0	0	249.6	259.2	297.6	259.2	179.2	227.2	195.2	240	326.4
82	0	0	0	265.6	320	320	243.2	195.2	249.6	272	310.4	368
83	0	0	0	214.4	208	278.4	316.8	243.2	307.2	291.2	377.6	220.8
84	0	0	0	288	262.4	272	227.2	304	227.2	214.4	377.6	220.8
85	0	0	0	304	259.2	281.6	211.2	224	265.6	249.6	243.2	323.2
86	0	0	0	284.8	268.8	336	348.8	371.2	243.2	307.2	265.6	224
87	0	0	0	208	368	345.6	278.4	249.6	265.6	336	332.8	361.6
88	0	0	0	265.6	329.6	201.6	281.6	313.6	268.8	201.6	278.4	361.6
89	0	0	0	214.4	304	355.2	281.6	224	358.4	316.8	297.6	217.6
90	0	0	0	201.6	294.4	352	281.6	304	272	329.6	272	297.6
(1,0)	(2,142)	(3,2)	(4,0)	
(1,0)	(2,35)	(3,0)	(4,0)	
(1,0)	(2,22)	(3,0)	(4,0)	
(1,0)	(2,33)	(3,0)	(4,0)	
(1,0)	(2,0)	(3,0)	(4,0)	
(1,0)	(2,0)	(3,0)	(4,0)	
(1,0)	(2,0)	(3,0)	(4,0)	
(1,0)	(2,0)	(3,0)	(4,0)	
(1,0)	(2,0)	(3,0)	(4,0)	
(1,0)	(2,0)	(3,0)	(4,0)	
(1,0)	(2,0)	(3,0)	(4,0)	
(1,0)	(2,0)	(3,0)	(4,0)	
(1,0)	(2,0)	(3,0)	(4,0)	
avg	0	0	0	257.707	284.053	273.92	277.44	274.667	269.547	272.427	290.24	278.933
delay	0.0540541	0.0519481	0.0875	1.08333	0.643411	0.782946	0.737288	2.28846	1.02041	0.770492	0.857143	0.704348
loss	0	0	0	0	0	0	0	0	0	0	0	0
Command ['/home/ubuntu/ns-3.30-obss/build/scratch/simple-ofdma-adhoc6', '--ofdmaEnabled=true', '--startTime=60', '--totalTime=90', '--packetSize=4e3', '--dataMode=HeMcs5', '--datarate=5e6', '--ratio=0.375', '--RngRun=49', '--locationFile=locationtxt/locationFile33.txt', '--routingFile=locationtxt/routingFile33.txt', '--appFile=locationtxt/appFile.txt', '--tcp=0', '--randomTime=true', '--qosDisabled=true'] terminated with signal SIGSEGV. Run it under a debugger to get more information (./waf --run <program> --command-template="gdb --args %s <args>").
