Waf: Entering directory `/home/jiaming/Downloads/Mesh_NS3/ns-3.30-obss/build'
Waf: Leaving directory `/home/jiaming/Downloads/Mesh_NS3/ns-3.30-obss/build'
Build commands will be stored in build/compile_commands.json
'build' finished successfully (0.494s)
CreateVariables () DONE !!!
Creating 16 APs 35.00 and 35.00 m apart.
CreateApNodes () DONE !!!
Creating CL 10.00 m away from each AP.
CreateClNodes () DONE !!!
CreateNodes () DONE !!!
CreateMeshDevices () DONE !!!
CreateWifiDevices () DONE !!!
CreateCsmaDevices () DONE !!!
CreateDevices () DONE !!!
InstallInternetStack () DONE !!!
InstallApplications () DONE !!!
Starting simulation for 120.00 s ...
-------------------------------------------------
Time[s]	cl-0	cl-1	cl-2	cl-3	cl-4	cl-5	cl-6	cl-7	cl-8	cl-9	cl-10	cl-11	cl-12	cl-13	cl-14	cl-15
11.00	-1.00	-1.00	-1.00	0.59	-1.00	-1.00	-1.00	0.35	-1.00	-1.00	-1.00	0.77	-1.00	-1.00	-1.00	0.29
12.00	-1.00	-1.00	-1.00	0.29	-1.00	-1.00	-1.00	0.94	-1.00	-1.00	-1.00	0.59	-1.00	-1.00	-1.00	0.59
13.00	-1.00	-1.00	-1.00	0.47	-1.00	-1.00	-1.00	0.77	-1.00	-1.00	-1.00	0.53	-1.00	-1.00	-1.00	0.24
14.00	-1.00	-1.00	-1.00	0.00	-1.00	-1.00	-1.00	0.00	-1.00	-1.00	-1.00	0.00	-1.00	-1.00	-1.00	0.00
15.00	-1.00	-1.00	-1.00	0.00	-1.00	-1.00	-1.00	0.29	-1.00	-1.00	-1.00	0.00	-1.00	-1.00	-1.00	0.00
16.00	-1.00	-1.00	-1.00	0.00	-1.00	-1.00	-1.00	0.00	-1.00	-1.00	-1.00	0.00	-1.00	-1.00	-1.00	0.00
17.00	-1.00	-1.00	-1.00	0.00	-1.00	-1.00	-1.00	0.06	-1.00	-1.00	-1.00	0.12	-1.00	-1.00	-1.00	0.00
18.00	-1.00	-1.00	-1.00	0.06	-1.00	-1.00	-1.00	0.00	-1.00	-1.00	-1.00	0.00	-1.00	-1.00	-1.00	0.00
19.00	-1.00	-1.00	-1.00	0.00	-1.00	-1.00	-1.00	0.00	-1.00	-1.00	-1.00	0.00	-1.00	-1.00	-1.00	0.00
20.00	-1.00	-1.00	-1.00	0.00	-1.00	-1.00	-1.00	0.00	-1.00	-1.00	-1.00	0.00	-1.00	-1.00	-1.00	0.00
21.00	-1.00	-1.00	-1.00	0.00	-1.00	-1.00	-1.00	0.35	-1.00	-1.00	-1.00	0.12	-1.00	-1.00	-1.00	0.41
22.00	-1.00	-1.00	-1.00	0.24	-1.00	-1.00	-1.00	0.00	-1.00	-1.00	-1.00	0.06	-1.00	-1.00	-1.00	0.18
23.00	-1.00	-1.00	-1.00	0.00	-1.00	-1.00	-1.00	0.00	-1.00	-1.00	-1.00	0.00	-1.00	-1.00	-1.00	0.00
24.00	-1.00	-1.00	-1.00	0.29	-1.00	-1.00	-1.00	0.00	-1.00	-1.00	-1.00	0.06	-1.00	-1.00	-1.00	0.00
25.00	-1.00	-1.00	-1.00	0.00	-1.00	-1.00	-1.00	0.24	-1.00	-1.00	-1.00	0.41	-1.00	-1.00	-1.00	0.00
26.00	-1.00	-1.00	-1.00	0.06	-1.00	-1.00	-1.00	0.00	-1.00	-1.00	-1.00	0.35	-1.00	-1.00	-1.00	0.00
27.00	-1.00	-1.00	-1.00	0.00	-1.00	-1.00	-1.00	0.00	-1.00	-1.00	-1.00	0.00	-1.00	-1.00	-1.00	0.00
28.00	-1.00	-1.00	-1.00	0.00	-1.00	-1.00	-1.00	0.00	-1.00	-1.00	-1.00	0.00	-1.00	-1.00	-1.00	0.00
29.00	-1.00	-1.00	-1.00	0.00	-1.00	-1.00	-1.00	0.00	-1.00	-1.00	-1.00	0.47	-1.00	-1.00	-1.00	0.00
30.00	-1.00	-1.00	-1.00	0.00	-1.00	-1.00	-1.00	0.00	-1.00	-1.00	-1.00	0.00	-1.00	-1.00	-1.00	0.00
31.00	-1.00	-1.00	-1.00	0.00	-1.00	-1.00	-1.00	0.59	-1.00	-1.00	-1.00	0.59	-1.00	-1.00	-1.00	0.12
32.00	-1.00	-1.00	-1.00	0.71	-1.00	-1.00	-1.00	0.35	-1.00	-1.00	-1.00	0.59	-1.00	-1.00	-1.00	0.77
33.00	-1.00	-1.00	-1.00	0.12	-1.00	-1.00	-1.00	0.12	-1.00	-1.00	-1.00	0.24	-1.00	-1.00	-1.00	0.06
34.00	-1.00	-1.00	-1.00	0.00	-1.00	-1.00	-1.00	0.00	-1.00	-1.00	-1.00	0.00	-1.00	-1.00	-1.00	0.12
35.00	-1.00	-1.00	-1.00	0.00	-1.00	-1.00	-1.00	0.18	-1.00	-1.00	-1.00	0.71	-1.00	-1.00	-1.00	0.35
36.00	-1.00	-1.00	-1.00	0.41	-1.00	-1.00	-1.00	0.53	-1.00	-1.00	-1.00	0.59	-1.00	-1.00	-1.00	0.71
37.00	-1.00	-1.00	-1.00	0.29	-1.00	-1.00	-1.00	0.59	-1.00	-1.00	-1.00	0.18	-1.00	-1.00	-1.00	0.12
38.00	-1.00	-1.00	-1.00	0.41	-1.00	-1.00	-1.00	0.18	-1.00	-1.00	-1.00	0.47	-1.00	-1.00	-1.00	0.41
39.00	-1.00	-1.00	-1.00	0.65	-1.00	-1.00	-1.00	0.59	-1.00	-1.00	-1.00	0.41	-1.00	-1.00	-1.00	0.65
40.00	-1.00	-1.00	-1.00	0.94	-1.00	-1.00	-1.00	0.77	-1.00	-1.00	-1.00	0.41	-1.00	-1.00	-1.00	0.65
41.00	-1.00	-1.00	-1.00	0.71	-1.00	-1.00	-1.00	0.24	-1.00	-1.00	-1.00	0.65	-1.00	-1.00	-1.00	0.71
42.00	-1.00	-1.00	-1.00	0.59	-1.00	-1.00	-1.00	0.53	-1.00	-1.00	-1.00	0.06	-1.00	-1.00	-1.00	0.59
43.00	-1.00	-1.00	-1.00	0.47	-1.00	-1.00	-1.00	0.41	-1.00	-1.00	-1.00	0.65	-1.00	-1.00	-1.00	0.71
44.00	-1.00	-1.00	-1.00	0.41	-1.00	-1.00	-1.00	0.59	-1.00	-1.00	-1.00	0.35	-1.00	-1.00	-1.00	0.29
45.00	-1.00	-1.00	-1.00	0.41	-1.00	-1.00	-1.00	0.29	-1.00	-1.00	-1.00	0.53	-1.00	-1.00	-1.00	0.29
46.00	-1.00	-1.00	-1.00	0.94	-1.00	-1.00	-1.00	0.41	-1.00	-1.00	-1.00	0.71	-1.00	-1.00	-1.00	0.65
47.00	-1.00	-1.00	-1.00	0.71	-1.00	-1.00	-1.00	0.24	-1.00	-1.00	-1.00	0.53	-1.00	-1.00	-1.00	0.41
48.00	-1.00	-1.00	-1.00	0.71	-1.00	-1.00	-1.00	0.47	-1.00	-1.00	-1.00	0.47	-1.00	-1.00	-1.00	0.77
49.00	-1.00	-1.00	-1.00	0.82	-1.00	-1.00	-1.00	0.82	-1.00	-1.00	-1.00	0.82	-1.00	-1.00	-1.00	0.41
50.00	-1.00	-1.00	-1.00	0.59	-1.00	-1.00	-1.00	0.24	-1.00	-1.00	-1.00	0.12	-1.00	-1.00	-1.00	0.41
51.00	-1.00	-1.00	-1.00	0.47	-1.00	-1.00	-1.00	0.29	-1.00	-1.00	-1.00	0.47	-1.00	-1.00	-1.00	0.65
52.00	-1.00	-1.00	-1.00	0.41	-1.00	-1.00	-1.00	0.41	-1.00	-1.00	-1.00	0.71	-1.00	-1.00	-1.00	0.29
53.00	-1.00	-1.00	-1.00	0.65	-1.00	-1.00	-1.00	0.77	-1.00	-1.00	-1.00	0.71	-1.00	-1.00	-1.00	0.12
54.00	-1.00	-1.00	-1.00	0.47	-1.00	-1.00	-1.00	0.41	-1.00	-1.00	-1.00	0.35	-1.00	-1.00	-1.00	0.41
55.00	-1.00	-1.00	-1.00	0.41	-1.00	-1.00	-1.00	0.41	-1.00	-1.00	-1.00	0.71	-1.00	-1.00	-1.00	0.06
56.00	-1.00	-1.00	-1.00	0.06	-1.00	-1.00	-1.00	0.59	-1.00	-1.00	-1.00	0.06	-1.00	-1.00	-1.00	0.59
57.00	-1.00	-1.00	-1.00	0.00	-1.00	-1.00	-1.00	0.59	-1.00	-1.00	-1.00	0.29	-1.00	-1.00	-1.00	0.00
58.00	-1.00	-1.00	-1.00	0.00	-1.00	-1.00	-1.00	0.00	-1.00	-1.00	-1.00	0.00	-1.00	-1.00	-1.00	0.00
59.00	-1.00	-1.00	-1.00	0.47	-1.00	-1.00	-1.00	0.41	-1.00	-1.00	-1.00	0.77	-1.00	-1.00	-1.00	0.77
60.00	-1.00	-1.00	-1.00	0.47	-1.00	-1.00	-1.00	0.59	-1.00	-1.00	-1.00	0.53	-1.00	-1.00	-1.00	0.82
61.00	-1.00	-1.00	-1.00	0.82	-1.00	-1.00	-1.00	0.18	-1.00	-1.00	-1.00	0.35	-1.00	-1.00	-1.00	0.77
62.00	-1.00	-1.00	-1.00	0.29	-1.00	-1.00	-1.00	0.12	-1.00	-1.00	-1.00	0.24	-1.00	-1.00	-1.00	0.29
63.00	-1.00	-1.00	-1.00	0.00	-1.00	-1.00	-1.00	0.06	-1.00	-1.00	-1.00	0.77	-1.00	-1.00	-1.00	0.00
64.00	-1.00	-1.00	-1.00	0.65	-1.00	-1.00	-1.00	0.35	-1.00	-1.00	-1.00	0.82	-1.00	-1.00	-1.00	0.53
65.00	-1.00	-1.00	-1.00	0.82	-1.00	-1.00	-1.00	0.82	-1.00	-1.00	-1.00	0.35	-1.00	-1.00	-1.00	0.53
66.00	-1.00	-1.00	-1.00	0.71	-1.00	-1.00	-1.00	0.24	-1.00	-1.00	-1.00	0.71	-1.00	-1.00	-1.00	0.24
67.00	-1.00	-1.00	-1.00	0.41	-1.00	-1.00	-1.00	0.59	-1.00	-1.00	-1.00	0.29	-1.00	-1.00	-1.00	0.65
68.00	-1.00	-1.00	-1.00	0.47	-1.00	-1.00	-1.00	0.24	-1.00	-1.00	-1.00	0.29	-1.00	-1.00	-1.00	0.71
69.00	-1.00	-1.00	-1.00	0.47	-1.00	-1.00	-1.00	0.41	-1.00	-1.00	-1.00	0.41	-1.00	-1.00	-1.00	0.59
70.00	-1.00	-1.00	-1.00	0.29	-1.00	-1.00	-1.00	0.77	-1.00	-1.00	-1.00	0.77	-1.00	-1.00	-1.00	0.41
71.00	-1.00	-1.00	-1.00	0.41	-1.00	-1.00	-1.00	0.35	-1.00	-1.00	-1.00	0.53	-1.00	-1.00	-1.00	0.24
72.00	-1.00	-1.00	-1.00	0.00	-1.00	-1.00	-1.00	0.06	-1.00	-1.00	-1.00	0.53	-1.00	-1.00	-1.00	0.06
73.00	-1.00	-1.00	-1.00	0.00	-1.00	-1.00	-1.00	0.12	-1.00	-1.00	-1.00	0.47	-1.00	-1.00	-1.00	0.18
74.00	-1.00	-1.00	-1.00	0.47	-1.00	-1.00	-1.00	0.41	-1.00	-1.00	-1.00	0.41	-1.00	-1.00	-1.00	0.18
75.00	-1.00	-1.00	-1.00	0.00	-1.00	-1.00	-1.00	0.53	-1.00	-1.00	-1.00	0.00	-1.00	-1.00	-1.00	0.00
76.00	-1.00	-1.00	-1.00	0.12	-1.00	-1.00	-1.00	0.12	-1.00	-1.00	-1.00	0.12	-1.00	-1.00	-1.00	0.12
77.00	-1.00	-1.00	-1.00	0.59	-1.00	-1.00	-1.00	0.88	-1.00	-1.00	-1.00	0.24	-1.00	-1.00	-1.00	0.59
78.00	-1.00	-1.00	-1.00	0.00	-1.00	-1.00	-1.00	0.12	-1.00	-1.00	-1.00	0.29	-1.00	-1.00	-1.00	0.00
79.00	-1.00	-1.00	-1.00	0.00	-1.00	-1.00	-1.00	0.00	-1.00	-1.00	-1.00	0.00	-1.00	-1.00	-1.00	0.00
80.00	-1.00	-1.00	-1.00	0.00	-1.00	-1.00	-1.00	0.00	-1.00	-1.00	-1.00	0.00	-1.00	-1.00	-1.00	0.00
81.00	-1.00	-1.00	-1.00	0.00	-1.00	-1.00	-1.00	0.00	-1.00	-1.00	-1.00	0.00	-1.00	-1.00	-1.00	0.00
82.00	-1.00	-1.00	-1.00	0.82	-1.00	-1.00	-1.00	0.65	-1.00	-1.00	-1.00	0.41	-1.00	-1.00	-1.00	0.47
83.00	-1.00	-1.00	-1.00	0.47	-1.00	-1.00	-1.00	0.29	-1.00	-1.00	-1.00	0.59	-1.00	-1.00	-1.00	0.53
84.00	-1.00	-1.00	-1.00	0.00	-1.00	-1.00	-1.00	0.00	-1.00	-1.00	-1.00	0.00	-1.00	-1.00	-1.00	0.00
85.00	-1.00	-1.00	-1.00	0.00	-1.00	-1.00	-1.00	0.00	-1.00	-1.00	-1.00	0.00	-1.00	-1.00	-1.00	0.00
86.00	-1.00	-1.00	-1.00	0.00	-1.00	-1.00	-1.00	0.00	-1.00	-1.00	-1.00	0.00	-1.00	-1.00	-1.00	0.00
87.00	-1.00	-1.00	-1.00	0.24	-1.00	-1.00	-1.00	0.00	-1.00	-1.00	-1.00	0.00	-1.00	-1.00	-1.00	0.00
88.00	-1.00	-1.00	-1.00	0.00	-1.00	-1.00	-1.00	0.00	-1.00	-1.00	-1.00	0.24	-1.00	-1.00	-1.00	0.00
89.00	-1.00	-1.00	-1.00	0.00	-1.00	-1.00	-1.00	0.00	-1.00	-1.00	-1.00	0.53	-1.00	-1.00	-1.00	0.00
90.00	-1.00	-1.00	-1.00	0.00	-1.00	-1.00	-1.00	0.06	-1.00	-1.00	-1.00	0.00	-1.00	-1.00	-1.00	0.00
91.00	-1.00	-1.00	-1.00	0.00	-1.00	-1.00	-1.00	0.06	-1.00	-1.00	-1.00	0.00	-1.00	-1.00	-1.00	0.00
92.00	-1.00	-1.00	-1.00	0.53	-1.00	-1.00	-1.00	0.47	-1.00	-1.00	-1.00	0.29	-1.00	-1.00	-1.00	0.00
93.00	-1.00	-1.00	-1.00	0.12	-1.00	-1.00	-1.00	0.35	-1.00	-1.00	-1.00	0.41	-1.00	-1.00	-1.00	0.00
94.00	-1.00	-1.00	-1.00	0.94	-1.00	-1.00	-1.00	0.59	-1.00	-1.00	-1.00	0.65	-1.00	-1.00	-1.00	0.00
95.00	-1.00	-1.00	-1.00	0.29	-1.00	-1.00	-1.00	0.65	-1.00	-1.00	-1.00	0.47	-1.00	-1.00	-1.00	0.00
96.00	-1.00	-1.00	-1.00	0.35	-1.00	-1.00	-1.00	0.41	-1.00	-1.00	-1.00	0.59	-1.00	-1.00	-1.00	0.00
97.00	-1.00	-1.00	-1.00	0.47	-1.00	-1.00	-1.00	0.12	-1.00	-1.00	-1.00	0.53	-1.00	-1.00	-1.00	1.06
98.00	-1.00	-1.00	-1.00	0.53	-1.00	-1.00	-1.00	0.71	-1.00	-1.00	-1.00	0.65	-1.00	-1.00	-1.00	0.65
99.00	-1.00	-1.00	-1.00	0.77	-1.00	-1.00	-1.00	0.24	-1.00	-1.00	-1.00	0.77	-1.00	-1.00	-1.00	0.00
100.00	-1.00	-1.00	-1.00	0.18	-1.00	-1.00	-1.00	0.77	-1.00	-1.00	-1.00	0.12	-1.00	-1.00	-1.00	0.59
101.00	-1.00	-1.00	-1.00	0.06	-1.00	-1.00	-1.00	0.06	-1.00	-1.00	-1.00	0.00	-1.00	-1.00	-1.00	0.12
102.00	-1.00	-1.00	-1.00	0.00	-1.00	-1.00	-1.00	0.00	-1.00	-1.00	-1.00	0.12	-1.00	-1.00	-1.00	0.00
103.00	-1.00	-1.00	-1.00	0.00	-1.00	-1.00	-1.00	0.00	-1.00	-1.00	-1.00	0.00	-1.00	-1.00	-1.00	0.00
104.00	-1.00	-1.00	-1.00	0.53	-1.00	-1.00	-1.00	0.12	-1.00	-1.00	-1.00	0.00	-1.00	-1.00	-1.00	0.00
105.00	-1.00	-1.00	-1.00	0.00	-1.00	-1.00	-1.00	0.41	-1.00	-1.00	-1.00	0.00	-1.00	-1.00	-1.00	0.00
106.00	-1.00	-1.00	-1.00	0.06	-1.00	-1.00	-1.00	0.00	-1.00	-1.00	-1.00	0.00	-1.00	-1.00	-1.00	0.00
107.00	-1.00	-1.00	-1.00	0.06	-1.00	-1.00	-1.00	0.12	-1.00	-1.00	-1.00	0.00	-1.00	-1.00	-1.00	0.00
108.00	-1.00	-1.00	-1.00	0.00	-1.00	-1.00	-1.00	0.18	-1.00	-1.00	-1.00	0.00	-1.00	-1.00	-1.00	0.00
109.00	-1.00	-1.00	-1.00	0.00	-1.00	-1.00	-1.00	0.35	-1.00	-1.00	-1.00	0.00	-1.00	-1.00	-1.00	0.00
110.00	-1.00	-1.00	-1.00	0.00	-1.00	-1.00	-1.00	0.00	-1.00	-1.00	-1.00	0.00	-1.00	-1.00	-1.00	0.00
111.00	-1.00	-1.00	-1.00	0.29	-1.00	-1.00	-1.00	0.00	-1.00	-1.00	-1.00	0.06	-1.00	-1.00	-1.00	0.12
112.00	-1.00	-1.00	-1.00	0.77	-1.00	-1.00	-1.00	0.00	-1.00	-1.00	-1.00	0.18	-1.00	-1.00	-1.00	0.29
113.00	-1.00	-1.00	-1.00	0.29	-1.00	-1.00	-1.00	0.00	-1.00	-1.00	-1.00	0.18	-1.00	-1.00	-1.00	0.06
114.00	-1.00	-1.00	-1.00	1.00	-1.00	-1.00	-1.00	0.82	-1.00	-1.00	-1.00	0.00	-1.00	-1.00	-1.00	0.47
115.00	-1.00	-1.00	-1.00	0.18	-1.00	-1.00	-1.00	0.24	-1.00	-1.00	-1.00	0.00	-1.00	-1.00	-1.00	0.82
116.00	-1.00	-1.00	-1.00	0.53	-1.00	-1.00	-1.00	0.24	-1.00	-1.00	-1.00	1.35	-1.00	-1.00	-1.00	0.88
117.00	-1.00	-1.00	-1.00	0.18	-1.00	-1.00	-1.00	0.18	-1.00	-1.00	-1.00	0.06	-1.00	-1.00	-1.00	0.00
118.00	-1.00	-1.00	-1.00	0.00	-1.00	-1.00	-1.00	0.00	-1.00	-1.00	-1.00	0.00	-1.00	-1.00	-1.00	0.00
119.00	-1.00	-1.00	-1.00	0.29	-1.00	-1.00	-1.00	0.65	-1.00	-1.00	-1.00	0.77	-1.00	-1.00	-1.00	0.41
10.1.1.12	0.31	120523.92
10.1.1.8	0.29	146490.77
10.1.1.4	0.30	69176.83
10.1.1.16	0.26	84765.18
