Waf: Entering directory `/home/ubuntu/ns-3.30-obss/build'
Waf: Leaving directory `/home/ubuntu/ns-3.30-obss/build'
Build commands will be stored in build/compile_commands.json
'build' finished successfully (0.793s)
--------------------------Rate[Kbps]--------------------------
Time[s]	cl-1	cl-2	cl-3	cl-4	cl-5	cl-6	cl-7	cl-8	cl-9	cl-10	cl-11	cl-12
60	16.8	16.4	14.4	11	12.2	13.2	16.2	14	15.2	15	13	16.6
61	937.6	1001.6	758.4	0	1235.2	1180.8	1273.6	918.4	1084.8	1254.4	1331.2	835.2
62	1337.6	1110.4	1232	0	1251.2	1081.6	1008	1158.4	1017.6	1238.4	1241.6	1222.4
63	1116.8	1347.2	1280	0	1190.4	1068.8	1270.4	960	864	1276.8	1232	1264
64	1363.2	1209.6	950.4	0	988.8	921.6	1628.8	1065.6	979.2	1014.4	1174.4	1196.8
65	809.6	972.8	860.8	0	1052.8	812.8	998.4	1286.4	988.8	1068.8	1190.4	1078.4
66	832	944	1184	0	764.8	656	1296	1171.2	1123.2	755.2	1158.4	1139.2
67	979.2	1267.2	1225.6	0	1052.8	841.6	1065.6	1020.8	841.6	716.8	1046.4	787.2
68	1100.8	832	905.6	0	899.2	723.2	793.6	1379.2	1046.4	937.6	1046.4	787.2
69	1184	809.6	704	0	1190.4	873.6	928	883.2	835.2	822.4	1116.8	1136
70	1030.4	1059.2	1004.8	0	819.2	902.4	976	1216	700.8	694.4	979.2	1180.8
71	905.6	1081.6	796.8	0	969.6	688	1056	976	1142.4	1088	1126.4	851.2
72	1011.2	969.6	819.2	0	1075.2	784	1129.6	928	848	1033.6	1088	1209.6
73	1104	1177.6	780.8	0	1068.8	803.2	835.2	963.2	825.6	1011.2	1120	1164.8
74	1046.4	1228.8	822.4	0	745.6	806.4	1152	1059.2	931.2	780.8	1331.2	1164.8
75	908.8	921.6	1043.2	0	1107.2	793.6	1152	905.6	1372.8	803.2	736	1081.6
76	1161.6	886.4	960	0	972.8	1056	1411.2	678.4	752	1161.6	876.8	1116.8
77	1203.2	979.2	963.2	0	998.4	1110.4	1155.2	851.2	1363.2	905.6	1008	745.6
78	1168	1251.2	1660.8	0	1123.2	1129.6	883.2	1174.4	915.2	1376	1177.6	1139.2
79	1043.2	931.2	1091.2	0	896	848	1040	1334.4	985.6	979.2	988.8	1065.6
80	1161.6	1532.8	1049.6	0	1155.2	953.6	883.2	857.6	1305.6	963.2	1123.2	921.6
81	1209.6	630.4	841.6	0	921.6	624	1238.4	1305.6	1065.6	924.8	1052.8	1248
82	1043.2	940.8	694.4	0	1132.8	838.4	1158.4	729.6	1168	947.2	1049.6	1017.6
83	1225.6	963.2	924.8	0	1059.2	928	1228.8	1113.6	992	963.2	1091.2	972.8
84	966.4	1104	1324.8	0	931.2	1017.6	880	976	1059.2	633.6	1260.8	1196.8
85	876.8	1276.8	825.6	0	1081.6	1142.4	1273.6	758.4	873.6	988.8	1161.6	1286.4
86	1011.2	934.4	889.6	0	1033.6	1120	1232	1235.2	1081.6	896	956.8	928
87	1020.8	940.8	1094.4	0	1203.2	748.8	1161.6	755.2	1091.2	764.8	1225.6	1267.2
88	966.4	892.8	771.2	0	774.4	896	1161.6	1027.2	947.2	931.2	870.4	867.2
89	768	940.8	809.6	0	1340.8	1145.6	816	1068.8	1036.8	1020.8	1024	1033.6
90	1091.2	1084.8	918.4	0	1196.8	835.2	1056	1104	1155.2	1043.2	713.6	1084.8
(1,0)	(2,5567)	(3,6539)	(4,1518)	
(1,0)	(2,1301)	(3,0)	(4,0)	
(1,0)	(2,1462)	(3,0)	(4,0)	
(1,0)	(2,1323)	(3,0)	(4,0)	
(1,0)	(2,1346)	(3,0)	(4,0)	
(1,0)	(2,0)	(3,0)	(4,0)	
(1,0)	(2,0)	(3,0)	(4,0)	
(1,0)	(2,0)	(3,0)	(4,0)	
(1,0)	(2,0)	(3,0)	(4,0)	
(1,0)	(2,0)	(3,0)	(4,0)	
(1,0)	(2,0)	(3,0)	(4,0)	
(1,0)	(2,0)	(3,0)	(4,0)	
(1,0)	(2,0)	(3,0)	(4,0)	
avg	1052.8	1040.75	972.907	0	1041.07	911.04	1104.75	1028.69	1013.12	966.507	1083.31	1066.35
delay	491.077	471.24	487.653	0.0545455	508.234	482.566	488.117	514.335	509.523	510.935	506.593	496.205
loss	0.124493	0.0556369	0.120406	0	0.131429	0.046549	0.0402576	0.124302	0.252762	0.136182	0.102351	0.240591
Command ['/home/ubuntu/ns-3.30-obss/build/scratch/simple-ofdma-adhoc6', '--ofdmaEnabled=true', '--startTime=60', '--totalTime=90', '--packetSize=4e3', '--dataMode=HeMcs5', '--datarate=30e6', '--ratio=0.375', '--RngRun=14', '--locationFile=locationtxt/locationFile42c.txt', '--routingFile=locationtxt/routingFile42.txt', '--appFile=locationtxt/appFile.txt', '--tcp=0', '--randomTime=true', '--qosDisabled=true'] terminated with signal SIGSEGV. Run it under a debugger to get more information (./waf --run <program> --command-template="gdb --args %s <args>").
