Waf: Entering directory `/home/ubuntu/ns-3.30-obss/build'
Waf: Leaving directory `/home/ubuntu/ns-3.30-obss/build'
Build commands will be stored in build/compile_commands.json
'build' finished successfully (0.842s)
--------------------------Rate[Kbps]--------------------------
Time[s]	cl-1	cl-2	cl-3	cl-4	cl-5	cl-6	cl-7	cl-8	cl-9	cl-10	cl-11	cl-12
60	13.2	11	13.8	15.8	17	14.2	12	15.6	15.2	15.4	13.8	13
61	729.6	883.2	908.8	0	1059.2	1040	819.2	1228.8	1152	1011.2	1273.6	921.6
62	1094.4	953.6	1347.2	0	960	1081.6	1363.2	979.2	1088	1094.4	1360	1040
63	1251.2	1142.4	1168	0	1068.8	809.6	1206.4	1065.6	1196.8	1132.8	1395.2	1216
64	1187.2	1065.6	1232	0	940.8	1350.4	726.4	870.4	1027.2	1088	1017.6	937.6
65	1129.6	1152	1123.2	0	787.2	1107.2	787.2	1174.4	899.2	1270.4	1497.6	1363.2
66	988.8	1372.8	1097.6	0	1273.6	1110.4	1075.2	940.8	1164.8	1049.6	790.4	1552
67	867.2	1276.8	1046.4	0	1286.4	1126.4	1260.8	1148.8	1129.6	969.6	1209.6	915.2
68	1033.6	889.6	1222.4	0	1360	918.4	1164.8	1001.6	1225.6	1161.6	1257.6	1123.2
69	956.8	1267.2	1334.4	0	1200	1180.8	1222.4	1008	857.6	1436.8	1142.4	1257.6
70	1372.8	1273.6	924.8	0	864	864	1212.8	1100.8	1152	931.2	1148.8	899.2
71	1196.8	838.4	1174.4	0	688	1046.4	665.6	1168	1046.4	1264	1321.6	1312
72	1264	1132.8	1136	0	1228.8	1043.2	1203.2	972.8	1110.4	790.4	1059.2	784
73	1331.2	1360	1174.4	0	1078.4	1251.2	825.6	976	1014.4	1337.6	1305.6	1296
74	1248	1174.4	1116.8	0	982.4	1152	1126.4	905.6	1430.4	870.4	883.2	1004.8
75	963.2	1292.8	665.6	0	1312	953.6	896	1299.2	972.8	1043.2	1385.6	1296
76	931.2	1276.8	1040	0	844.8	716.8	1145.6	1424	944	1494.4	1120	1497.6
77	889.6	1107.2	1129.6	0	1382.4	1238.4	924.8	886.4	742.4	1536	1235.2	1276.8
78	1040	1225.6	1571.2	0	803.2	1392	1148.8	1161.6	1222.4	1155.2	1088	921.6
79	1369.6	1014.4	1260.8	0	1036.8	1353.6	1193.6	1091.2	1145.6	934.4	1129.6	1049.6
80	918.4	1049.6	915.2	0	1152	1084.8	764.8	886.4	1075.2	880	1484.8	921.6
81	1171.2	1084.8	1427.2	0	915.2	1091.2	1264	1308.8	1200	1267.2	947.2	726.4
82	1008	1440	1161.6	0	1136	1011.2	1030.4	1187.2	1014.4	614.4	819.2	1145.6
83	1126.4	963.2	1212.8	0	1145.6	1180.8	1155.2	1088	899.2	1184	1164.8	1078.4
84	1068.8	1136	1433.6	0	1507.2	1107.2	1206.4	806.4	1235.2	771.2	1113.6	976
85	800	864	1190.4	0	1206.4	1395.2	864	896	1107.2	1244.8	976	873.6
86	908.8	937.6	1449.6	0	905.6	1008	985.6	1196.8	947.2	832	976	1001.6
87	966.4	1091.2	1219.2	0	976	1094.4	950.4	1142.4	873.6	1014.4	1347.2	1542.4
88	1251.2	1366.4	1392	0	1337.6	953.6	972.8	1161.6	873.6	992	1289.6	1200
89	1321.6	1142.4	1478.4	0	1014.4	1120	1158.4	1468.8	1145.6	1011.2	905.6	1139.2
90	867.2	940.8	1302.4	0	1212.8	1043.2	1251.2	1465.6	1164.8	1203.2	1113.6	976
(1,0)	(2,5298)	(3,4420)	(4,934)	
(1,0)	(2,809)	(3,0)	(4,0)	
(1,0)	(2,863)	(3,0)	(4,0)	
(1,0)	(2,838)	(3,0)	(4,0)	
(1,0)	(2,883)	(3,0)	(4,0)	
(1,0)	(2,0)	(3,0)	(4,0)	
(1,0)	(2,0)	(3,0)	(4,0)	
(1,0)	(2,0)	(3,0)	(4,0)	
(1,0)	(2,0)	(3,0)	(4,0)	
(1,0)	(2,0)	(3,0)	(4,0)	
(1,0)	(2,0)	(3,0)	(4,0)	
(1,0)	(2,0)	(3,0)	(4,0)	
(1,0)	(2,0)	(3,0)	(4,0)	
avg	1075.09	1123.84	1195.2	0	1088.85	1094.19	1052.37	1100.37	1068.59	1086.19	1158.61	1108.16
delay	28.0955	24.7394	26.2431	0.0506329	37.7653	38.5841	40.0404	34.1297	36.1118	33.4267	34.4713	37.3877
loss	0	0	0	0	0	0	0.00350263	0.00163934	0.00195695	0	0	0
Command ['/home/ubuntu/ns-3.30-obss/build/scratch/simple-ofdma-adhoc6', '--ofdmaEnabled=true', '--startTime=60', '--totalTime=90', '--packetSize=4e3', '--dataMode=HeMcs5', '--datarate=25e6', '--ratio=0.375', '--RngRun=36', '--locationFile=locationtxt/locationFile42c.txt', '--routingFile=locationtxt/routingFile42.txt', '--appFile=locationtxt/appFile.txt', '--tcp=0', '--randomTime=true', '--qosDisabled=true'] terminated with signal SIGSEGV. Run it under a debugger to get more information (./waf --run <program> --command-template="gdb --args %s <args>").
