Waf: Entering directory `/home/ubuntu/ns-3.30-obss/build'
Waf: Leaving directory `/home/ubuntu/ns-3.30-obss/build'
Build commands will be stored in build/compile_commands.json
'build' finished successfully (0.724s)
--------------------------Rate[Kbps]--------------------------
Time[s]	cl-1	cl-2	cl-3	cl-4	cl-5	cl-6	cl-7	cl-8	cl-9	cl-10	cl-11	cl-12
60	15.4	17	15	15.2	12.2	13.4	16.8	15.8	15.8	16.6	16.8	12.4
61	921.6	1068.8	1286.4	0	816	1011.2	1161.6	880	723.2	1337.6	1024	1091.2
62	1161.6	825.6	1235.2	0	1155.2	1145.6	1408	1398.4	1036.8	1331.2	1024	950.4
63	1264	1100.8	1196.8	0	934.4	816	1123.2	889.6	1065.6	1081.6	1289.6	1270.4
64	915.2	1488	963.2	0	969.6	992	1196.8	1100.8	1120	1001.6	976	774.4
65	1059.2	1228.8	803.2	0	1369.6	1129.6	1142.4	1180.8	995.2	1129.6	1180.8	1001.6
66	1020.8	1344	1360	0	1536	953.6	1248	1190.4	1196.8	1158.4	1184	1068.8
67	940.8	1222.4	1126.4	0	912	995.2	1132.8	1369.6	998.4	1011.2	969.6	956.8
68	1548.8	835.2	777.6	0	1027.2	1315.2	1273.6	1360	816	972.8	1164.8	1411.2
69	1030.4	1056	1113.6	0	1078.4	1094.4	928	1187.2	1244.8	1043.2	1356.8	992
70	787.2	1097.6	1174.4	0	1273.6	1187.2	1052.8	988.8	1305.6	1347.2	1139.2	1235.2
71	985.6	1120	1200	0	1174.4	1318.4	966.4	870.4	969.6	1264	1657.6	1043.2
72	1072	729.6	1212.8	0	1244.8	889.6	1308.8	1020.8	988.8	1222.4	966.4	1350.4
73	1516.8	1174.4	1104	0	816	1401.6	1027.2	1046.4	1395.2	1113.6	1161.6	1283.2
74	1027.2	1340.8	1132.8	0	1216	1011.2	870.4	1308.8	1481.6	1385.6	1161.6	835.2
75	892.8	998.4	1411.2	0	1216	1203.2	1376	1142.4	915.2	1376	1168	1459.2
76	1414.4	1097.6	1235.2	0	1040	1468.8	1331.2	915.2	873.6	1238.4	1414.4	1276.8
77	1030.4	988.8	1401.6	0	1068.8	969.6	1180.8	1216	1257.6	1158.4	1363.2	972.8
78	940.8	1004.8	1075.2	0	1216	995.2	1187.2	1123.2	1017.6	1241.6	1196.8	1136
79	1203.2	921.6	1116.8	0	1267.2	1222.4	1248	1225.6	956.8	1190.4	662.4	1430.4
80	1264	1136	1001.6	0	1401.6	1129.6	1238.4	1299.2	1449.6	982.4	1200	1219.2
81	803.2	960	1443.2	0	1388.8	905.6	1369.6	1286.4	1356.8	966.4	1292.8	969.6
82	912	1302.4	889.6	0	1475.2	934.4	784	1475.2	1350.4	1180.8	1104	998.4
83	937.6	1385.6	1104	0	1440	1072	1072	1379.2	1104	1366.4	1004.8	1020.8
84	1264	937.6	992	0	1203.2	1180.8	1030.4	908.8	1200	1152	1280	1308.8
85	1443.2	1155.2	857.6	0	937.6	1372.8	1331.2	1200	1212.8	931.2	892.8	1388.8
86	1168	864	1376	0	1148.8	1344	1216	1270.4	1142.4	979.2	1081.6	998.4
87	1456	1104	1062.4	0	1654.4	902.4	1184	1308.8	860.8	1004.8	857.6	1161.6
88	1065.6	803.2	1411.2	0	1017.6	934.4	1203.2	1411.2	947.2	1123.2	1267.2	1244.8
89	1507.2	1196.8	1206.4	0	1011.2	1113.6	822.4	841.6	1286.4	912	1280	1084.8
90	771.2	931.2	1382.4	0	1299.2	1593.6	1072	774.4	1100.8	1014.4	1267.2	1062.4
(1,0)	(2,5797)	(3,5408)	(4,1095)	
(1,0)	(2,1097)	(3,0)	(4,0)	
(1,0)	(2,1028)	(3,0)	(4,0)	
(1,0)	(2,974)	(3,0)	(4,0)	
(1,0)	(2,1036)	(3,0)	(4,0)	
(1,0)	(2,0)	(3,0)	(4,0)	
(1,0)	(2,0)	(3,0)	(4,0)	
(1,0)	(2,0)	(3,0)	(4,0)	
(1,0)	(2,0)	(3,0)	(4,0)	
(1,0)	(2,0)	(3,0)	(4,0)	
(1,0)	(2,0)	(3,0)	(4,0)	
(1,0)	(2,0)	(3,0)	(4,0)	
(1,0)	(2,0)	(3,0)	(4,0)	
avg	1110.83	1080.64	1155.09	0	1176.96	1120.11	1149.55	1152.32	1112.32	1140.59	1152.96	1133.23
delay	118.185	121.333	120.959	0.131579	139.936	136.89	140.743	135.882	143.453	137.387	129.356	125.391
loss	0	0	0	0	0.0030303	0.00318471	0.0015015	0.00149701	0.00161551	0.00151976	0	0
Command ['/home/ubuntu/ns-3.30-obss/build/scratch/simple-ofdma-adhoc6', '--ofdmaEnabled=true', '--startTime=60', '--totalTime=90', '--packetSize=4e3', '--dataMode=HeMcs5', '--datarate=25e6', '--ratio=0.375', '--RngRun=24', '--locationFile=locationtxt/locationFile42c.txt', '--routingFile=locationtxt/routingFile42.txt', '--appFile=locationtxt/appFile.txt', '--tcp=0', '--randomTime=true', '--qosDisabled=true'] terminated with signal SIGSEGV. Run it under a debugger to get more information (./waf --run <program> --command-template="gdb --args %s <args>").
