Waf: Entering directory `/home/ubuntu/ns-3.30-obss/build'
Waf: Leaving directory `/home/ubuntu/ns-3.30-obss/build'
Build commands will be stored in build/compile_commands.json
'build' finished successfully (0.876s)
--------------------------Rate[Kbps]--------------------------
Time[s]	cl-1	cl-2	cl-3	cl-4	cl-5	cl-6	cl-7	cl-8	cl-9	cl-10	cl-11	cl-12
60	17.8	15.8	16.4	15.8	13.2	14.6	14.2	16	14.2	13.2	17	13.2
61	633.6	537.6	505.6	0	464	416	681.6	588.8	668.8	512	636.8	662.4
62	729.6	745.6	774.4	0	700.8	707.2	662.4	652.8	604.8	764.8	611.2	588.8
63	585.6	774.4	905.6	0	646.4	787.2	742.4	688	745.6	899.2	675.2	742.4
64	720	508.8	934.4	0	848	902.4	595.2	694.4	755.2	675.2	640	812.8
65	665.6	761.6	790.4	0	739.2	748.8	745.6	726.4	764.8	444.8	876.8	460.8
66	707.2	630.4	720	0	752	742.4	544	547.2	812.8	809.6	531.2	678.4
67	598.4	780.8	736	0	784	864	844.8	736	899.2	742.4	742.4	867.2
68	550.4	572.8	467.2	0	544	822.4	704	758.4	627.2	502.4	668.8	512
69	678.4	707.2	678.4	0	816	534.4	745.6	656	867.2	784	608	624
70	656	496	646.4	0	476.8	761.6	627.2	755.2	652.8	755.2	435.2	822.4
71	678.4	678.4	716.8	0	636.8	806.4	480	672	937.6	924.8	464	496
72	793.6	761.6	515.2	0	633.6	620.8	694.4	678.4	652.8	553.6	553.6	611.2
73	710.4	726.4	662.4	0	825.6	761.6	633.6	768	665.6	611.2	473.6	656
74	835.2	796.8	838.4	0	720	713.6	387.2	691.2	537.6	585.6	787.2	662.4
75	684.8	630.4	697.6	0	768	544	726.4	608	828.8	745.6	832	432
76	844.8	678.4	582.4	0	732.8	710.4	550.4	678.4	681.6	486.4	521.6	758.4
77	739.2	652.8	886.4	0	566.4	569.6	729.6	796.8	633.6	668.8	771.2	803.2
78	668.8	652.8	582.4	0	681.6	659.2	748.8	812.8	464	620.8	665.6	560
79	588.8	688	566.4	0	547.2	454.4	672	758.4	902.4	819.2	700.8	611.2
80	384	700.8	412.8	0	793.6	707.2	598.4	809.6	729.6	732.8	588.8	716.8
81	432	483.2	656	0	585.6	576	678.4	729.6	755.2	515.2	681.6	739.2
82	649.6	620.8	649.6	0	800	880	832	902.4	608	432	774.4	761.6
83	665.6	483.2	758.4	0	569.6	694.4	627.2	777.6	521.6	745.6	617.6	694.4
84	768	515.2	697.6	0	652.8	748.8	556.8	716.8	800	694.4	608	707.2
85	611.2	806.4	806.4	0	553.6	624	944	659.2	457.6	835.2	668.8	688
86	729.6	726.4	720	0	678.4	764.8	828.8	732.8	892.8	716.8	476.8	668.8
87	832	812.8	649.6	0	604.8	572.8	700.8	601.6	700.8	620.8	700.8	752
88	566.4	614.4	752	0	643.2	656	700.8	771.2	931.2	713.6	630.4	518.4
89	854.4	588.8	812.8	0	716.8	777.6	902.4	742.4	777.6	454.4	752	675.2
90	710.4	662.4	556.8	0	704	579.2	899.2	812.8	534.4	832	864	723.2
(1,0)	(2,1597)	(3,213)	(4,9)	
(1,0)	(2,57)	(3,0)	(4,0)	
(1,0)	(2,61)	(3,0)	(4,0)	
(1,0)	(2,78)	(3,0)	(4,0)	
(1,0)	(2,78)	(3,0)	(4,0)	
(1,0)	(2,0)	(3,0)	(4,0)	
(1,0)	(2,0)	(3,0)	(4,0)	
(1,0)	(2,0)	(3,0)	(4,0)	
(1,0)	(2,0)	(3,0)	(4,0)	
(1,0)	(2,0)	(3,0)	(4,0)	
(1,0)	(2,0)	(3,0)	(4,0)	
(1,0)	(2,0)	(3,0)	(4,0)	
(1,0)	(2,0)	(3,0)	(4,0)	
avg	675.733	659.84	689.28	0	672.853	690.24	692.8	717.44	713.707	673.28	651.947	666.88
delay	0.917808	1.71698	0.843137	0.0506329	2.94102	3.21013	3.09737	1.2327	1.61153	1.29464	1.73947	1.6875
loss	0	0	0	0	0	0	0	0	0	0	0	0
Command ['/home/ubuntu/ns-3.30-obss/build/scratch/simple-ofdma-adhoc6', '--ofdmaEnabled=true', '--startTime=60', '--totalTime=90', '--packetSize=4e3', '--dataMode=HeMcs5', '--datarate=15e6', '--ratio=0.375', '--RngRun=6', '--locationFile=locationtxt/locationFile42c.txt', '--routingFile=locationtxt/routingFile42.txt', '--appFile=locationtxt/appFile.txt', '--tcp=0', '--randomTime=true', '--qosDisabled=true'] terminated with signal SIGSEGV. Run it under a debugger to get more information (./waf --run <program> --command-template="gdb --args %s <args>").
