Waf: Entering directory `/home/ubuntu/ns-3.30-obss/build'
Waf: Leaving directory `/home/ubuntu/ns-3.30-obss/build'
Build commands will be stored in build/compile_commands.json
'build' finished successfully (0.708s)
--------------------------Rate[Kbps]--------------------------
Time[s]	cl-1	cl-2	cl-3	cl-4	cl-5	cl-6	cl-7	cl-8	cl-9	cl-10	cl-11	cl-12
60	15.6	16.8	17	15.2	14	16.4	17	13.4	14	15.6	15.4	15
61	1065.6	892.8	1200	0	742.4	1043.2	1420.8	985.6	1203.2	931.2	1072	675.2
62	1036.8	771.2	953.6	0	1094.4	1459.2	784	1004.8	915.2	844.8	1235.2	1292.8
63	1289.6	1052.8	768	0	899.2	1305.6	1075.2	1241.6	1504	1500.8	700.8	1273.6
64	1171.2	1212.8	1177.6	0	1008	1139.2	998.4	1337.6	1097.6	1184	1084.8	1219.2
65	1145.6	1113.6	979.2	0	937.6	1347.2	1129.6	1401.6	1222.4	1184	995.2	1081.6
66	1225.6	1120	1136	0	1097.6	1139.2	1267.2	1161.6	1155.2	1193.6	774.4	1052.8
67	1120	1107.2	1104	0	1331.2	1168	1132.8	1462.4	1168	1235.2	870.4	988.8
68	1196.8	1184	1232	0	921.6	1040	908.8	1251.2	1379.2	1369.6	995.2	1296
69	1091.2	915.2	1068.8	0	931.2	864	1027.2	1100.8	912	1280	1600	777.6
70	1347.2	1036.8	1001.6	0	848	1369.6	915.2	912	1222.4	1324.8	1081.6	915.2
71	729.6	1254.4	1366.4	0	774.4	1305.6	1152	1305.6	985.6	947.2	928	1123.2
72	1075.2	918.4	1113.6	0	1104	1145.6	1481.6	1296	1040	1283.2	960	1363.2
73	1408	1532.8	1097.6	0	1161.6	969.6	1187.2	1017.6	1110.4	1225.6	1046.4	1491.2
74	1417.6	1238.4	1033.6	0	1100.8	1097.6	1113.6	1232	1203.2	924.8	1116.8	1126.4
75	1283.2	937.6	1043.2	0	1152	1120	1379.2	1084.8	1366.4	924.8	1097.6	892.8
76	1244.8	1270.4	1212.8	0	953.6	1161.6	1107.2	1030.4	886.4	1059.2	1382.4	1360
77	1360	1020.8	940.8	0	1136	1059.2	969.6	1212.8	1257.6	1142.4	1539.2	1171.2
78	950.4	867.2	992	0	1238.4	1107.2	572.8	1545.6	940.8	1116.8	1017.6	1065.6
79	1433.6	1126.4	1001.6	0	1404.8	1260.8	1228.8	1132.8	1257.6	1033.6	985.6	988.8
80	1008	883.2	1107.2	0	1040	1046.4	1136	1161.6	1289.6	876.8	1267.2	1401.6
81	1296	1011.2	876.8	0	835.2	1180.8	1075.2	867.2	1180.8	1360	1315.2	1139.2
82	1014.4	1180.8	1097.6	0	1417.6	1478.4	1203.2	1113.6	1168	1052.8	1254.4	854.4
83	1084.8	1356.8	1177.6	0	1052.8	1161.6	1168	953.6	1328	1110.4	1216	876.8
84	1104	1104	1174.4	0	1225.6	985.6	1142.4	864	1011.2	1168	1667.2	1328
85	1315.2	1052.8	1382.4	0	1120	1385.6	1024	912	1260.8	1100.8	768	1161.6
86	1136	1052.8	620.8	0	800	1081.6	1120	1164.8	1078.4	1395.2	1049.6	1011.2
87	1084.8	944	1267.2	0	963.2	1001.6	1078.4	1251.2	1238.4	1091.2	1392	1129.6
88	992	1356.8	1264	0	1094.4	1443.2	963.2	761.6	1273.6	1164.8	1321.6	976
89	1587.2	1040	1097.6	0	1235.2	806.4	944	1033.6	1257.6	1011.2	1478.4	1337.6
90	806.4	1305.6	1155.2	0	1321.6	1062.4	1190.4	777.6	1116.8	1347.2	1222.4	828.8
(1,0)	(2,5633)	(3,5490)	(4,1145)	
(1,0)	(2,1054)	(3,0)	(4,0)	
(1,0)	(2,1011)	(3,0)	(4,0)	
(1,0)	(2,1117)	(3,0)	(4,0)	
(1,0)	(2,979)	(3,0)	(4,0)	
(1,0)	(2,0)	(3,0)	(4,0)	
(1,0)	(2,0)	(3,0)	(4,0)	
(1,0)	(2,0)	(3,0)	(4,0)	
(1,0)	(2,0)	(3,0)	(4,0)	
(1,0)	(2,0)	(3,0)	(4,0)	
(1,0)	(2,0)	(3,0)	(4,0)	
(1,0)	(2,0)	(3,0)	(4,0)	
(1,0)	(2,0)	(3,0)	(4,0)	
avg	1167.36	1095.36	1088.11	0	1064.75	1157.87	1096.53	1119.25	1167.68	1146.13	1147.84	1106.67
delay	44.5124	47.4783	43.0801	0.144737	59.2164	56.4399	57.7172	56.0079	61.1064	57.4664	48.5985	53.8473
loss	0	0	0	0	0	0	0	0	0.00453858	0.0015625	0	0.00152439
Command ['/home/ubuntu/ns-3.30-obss/build/scratch/simple-ofdma-adhoc6', '--ofdmaEnabled=true', '--startTime=60', '--totalTime=90', '--packetSize=4e3', '--dataMode=HeMcs5', '--datarate=25e6', '--ratio=0.375', '--RngRun=27', '--locationFile=locationtxt/locationFile42c.txt', '--routingFile=locationtxt/routingFile42.txt', '--appFile=locationtxt/appFile.txt', '--tcp=0', '--randomTime=true', '--qosDisabled=true'] terminated with signal SIGSEGV. Run it under a debugger to get more information (./waf --run <program> --command-template="gdb --args %s <args>").
