Waf: Entering directory `/home/ubuntu/ns-3.30-obss/build'
Waf: Leaving directory `/home/ubuntu/ns-3.30-obss/build'
Build commands will be stored in build/compile_commands.json
'build' finished successfully (0.739s)
--------------------------Rate[Kbps]--------------------------
Time[s]	cl-1	cl-2	cl-3	cl-4	cl-5	cl-6	cl-7	cl-8	cl-9	cl-10	cl-11	cl-12
60	14.6	13	14.8	14.2	14.6	14.4	14.4	13.6	13.8	11.6	15.6	16.8
61	816	636.8	566.4	694.4	476.8	492.8	576	448	566.4	505.6	425.6	489.6
62	713.6	614.4	483.2	614.4	892.8	921.6	633.6	521.6	646.4	611.2	601.6	777.6
63	803.2	713.6	636.8	649.6	662.4	550.4	624	665.6	508.8	707.2	678.4	819.2
64	944	707.2	713.6	908.8	480	409.6	742.4	467.2	668.8	707.2	563.2	483.2
65	672	515.2	550.4	556.8	697.6	576	595.2	569.6	505.6	403.2	492.8	364.8
66	486.4	515.2	694.4	358.4	697.6	451.2	467.2	796.8	691.2	713.6	675.2	675.2
67	492.8	476.8	627.2	524.8	435.2	428.8	585.6	409.6	662.4	832	380.8	659.2
68	508.8	960	550.4	432	531.2	489.6	499.2	806.4	464	627.2	700.8	582.4
69	371.2	649.6	790.4	784	428.8	828.8	492.8	489.6	508.8	611.2	707.2	448
70	361.6	540.8	736	854.4	732.8	374.4	646.4	592	499.2	480	473.6	499.2
71	678.4	828.8	486.4	528	739.2	422.4	672	377.6	576	438.4	745.6	409.6
72	649.6	608	780.8	604.8	508.8	310.4	716.8	803.2	508.8	627.2	387.2	448
73	432	579.2	540.8	406.4	294.4	470.4	572.8	572.8	688	905.6	470.4	560
74	473.6	540.8	409.6	460.8	480	803.2	364.8	188.8	556.8	499.2	563.2	316.8
75	320	627.2	412.8	540.8	563.2	502.4	790.4	822.4	438.4	451.2	585.6	451.2
76	566.4	691.2	672	556.8	537.6	528	224	400	473.6	800	454.4	380.8
77	531.2	560	771.2	921.6	518.4	329.6	976	854.4	521.6	502.4	819.2	614.4
78	656	611.2	416	547.2	313.6	662.4	364.8	617.6	601.6	595.2	425.6	560
79	406.4	784	585.6	656	64	83.2	668.8	646.4	617.6	428.8	486.4	886.4
80	448	512	297.6	492.8	892.8	870.4	425.6	425.6	540.8	736	556.8	313.6
81	662.4	489.6	288	540.8	704	576	438.4	806.4	502.4	425.6	486.4	435.2
82	553.6	448	352	614.4	448	342.4	438.4	780.8	668.8	489.6	726.4	643.2
83	454.4	876.8	585.6	508.8	659.2	595.2	819.2	371.2	384	300.8	390.4	640
84	588.8	537.6	592	563.2	492.8	412.8	672	640	505.6	828.8	579.2	473.6
85	726.4	419.2	604.8	649.6	480	579.2	467.2	771.2	633.6	521.6	358.4	396.8
86	694.4	406.4	672	486.4	374.4	598.4	675.2	803.2	428.8	515.2	553.6	841.6
87	521.6	441.6	371.2	448	633.6	838.4	448	537.6	665.6	348.8	611.2	611.2
88	473.6	534.4	624	502.4	419.2	608	672	345.6	640	668.8	377.6	432
89	451.2	675.2	643.2	467.2	528	412.8	675.2	572.8	608	396.8	758.4	499.2
90	787.2	806.4	569.6	588.8	643.2	601.6	281.6	537.6	956.8	569.6	435.2	380.8
(1,0)	(2,3815)	(3,4072)	(4,1157)	
(1,0)	(2,1174)	(3,0)	(4,0)	
(1,0)	(2,1264)	(3,0)	(4,0)	
(1,0)	(2,1180)	(3,0)	(4,0)	
(1,0)	(2,1221)	(3,0)	(4,0)	
(1,0)	(2,0)	(3,0)	(4,0)	
(1,0)	(2,0)	(3,0)	(4,0)	
(1,0)	(2,0)	(3,0)	(4,0)	
(1,0)	(2,0)	(3,0)	(4,0)	
(1,0)	(2,0)	(3,0)	(4,0)	
(1,0)	(2,0)	(3,0)	(4,0)	
(1,0)	(2,0)	(3,0)	(4,0)	
(1,0)	(2,0)	(3,0)	(4,0)	
avg	574.827	610.24	567.467	582.08	544.32	535.68	574.187	588.053	574.613	574.933	549.013	536.427
delay	471.292	462.604	478.527	465.644	556.332	555.751	556.044	547.812	553.657	541.1	568.516	558.463
loss	0.107226	0.254762	0.113772	0.12069	0.103365	0.132565	0.10307	0.255422	0.103211	0.114286	0.109661	0.297814
Command ['/home/ubuntu/ns-3.30-obss/build/scratch/simple-ofdma-adhoc6', '--ofdmaEnabled=true', '--startTime=60', '--totalTime=90', '--packetSize=4e3', '--dataMode=HeMcs3', '--datarate=20e6', '--ratio=0.375', '--RngRun=12', '--locationFile=locationtxt/locationFile42d.txt', '--routingFile=locationtxt/routingFile42.txt', '--appFile=locationtxt/appFile.txt', '--tcp=0', '--randomTime=true', '--qosDisabled=true'] terminated with signal SIGSEGV. Run it under a debugger to get more information (./waf --run <program> --command-template="gdb --args %s <args>").
