Waf: Entering directory `/home/ubuntu/ns-3.30-obss/build'
Waf: Leaving directory `/home/ubuntu/ns-3.30-obss/build'
Build commands will be stored in build/compile_commands.json
'build' finished successfully (0.779s)
--------------------------Rate[Kbps]--------------------------
Time[s]	cl-1	cl-2	cl-3	cl-4	cl-5	cl-6	cl-7	cl-8	cl-9	cl-10	cl-11	cl-12
60	12.2	13.8	15	15.6	10.8	17.2	16.6	13.6	18	16.2	15.2	15.2
61	1020.8	899.2	899.2	806.4	185.6	86.4	681.6	739.2	460.8	851.2	345.6	502.4
62	528	336	364.8	582.4	838.4	800	457.6	432	540.8	550.4	870.4	713.6
63	310.4	358.4	569.6	694.4	521.6	336	377.6	713.6	595.2	604.8	505.6	361.6
64	457.6	595.2	496	304	432	630.4	345.6	432	409.6	428.8	224	428.8
65	396.8	300.8	531.2	396.8	502.4	403.2	406.4	323.2	604.8	336	502.4	448
66	694.4	374.4	336	556.8	435.2	220.8	659.2	560	508.8	329.6	348.8	502.4
67	470.4	448	451.2	486.4	531.2	416	201.6	406.4	528	467.2	595.2	556.8
68	560	470.4	460.8	492.8	320	451.2	662.4	473.6	547.2	412.8	457.6	377.6
69	473.6	451.2	233.6	252.8	368	195.2	518.4	537.6	553.6	265.6	540.8	502.4
70	380.8	454.4	288	752	640	483.2	524.8	355.2	300.8	403.2	396.8	441.6
71	403.2	537.6	326.4	185.6	361.6	368	361.6	528	435.2	368	604.8	358.4
72	505.6	486.4	361.6	585.6	368	342.4	515.2	512	400	595.2	371.2	403.2
73	380.8	342.4	307.2	505.6	355.2	406.4	512	563.2	608	435.2	556.8	406.4
74	547.2	739.2	412.8	416	483.2	368	608	524.8	371.2	224	608	515.2
75	387.2	608	480	633.6	544	313.6	176	121.6	643.2	467.2	547.2	483.2
76	505.6	684.8	550.4	422.4	460.8	480	563.2	518.4	217.6	294.4	544	521.6
77	521.6	560	467.2	339.2	304	201.6	499.2	544	617.6	505.6	278.4	240
78	304	348.8	307.2	371.2	425.6	492.8	380.8	483.2	364.8	524.8	384	508.8
79	457.6	716.8	537.6	624	313.6	470.4	364.8	252.8	531.2	323.2	480	550.4
80	432	515.2	547.2	406.4	323.2	288	576	611.2	422.4	291.2	441.6	441.6
81	249.6	275.2	393.6	432	604.8	553.6	473.6	454.4	620.8	393.6	521.6	508.8
82	681.6	496	400	416	483.2	403.2	457.6	566.4	675.2	681.6	163.2	96
83	502.4	489.6	451.2	710.4	406.4	374.4	560	537.6	374.4	246.4	598.4	361.6
84	454.4	422.4	419.2	572.8	147.2	185.6	512	294.4	630.4	617.6	460.8	480
85	313.6	377.6	419.2	323.2	691.2	598.4	268.8	246.4	515.2	393.6	697.6	723.2
86	592	537.6	518.4	508.8	432	348.8	524.8	595.2	224	291.2	518.4	400
87	422.4	518.4	409.6	272	579.2	246.4	403.2	464	480	377.6	473.6	467.2
88	403.2	563.2	457.6	505.6	361.6	188.8	569.6	428.8	435.2	419.2	345.6	380.8
89	508.8	595.2	400	608	396.8	457.6	585.6	512	304	380.8	512	352
90	358.4	428.8	406.4	345.6	528	374.4	422.4	521.6	297.6	307.2	508.8	489.6
(1,0)	(2,3289)	(3,4181)	(4,1413)	
(1,0)	(2,1272)	(3,0)	(4,0)	
(1,0)	(2,1401)	(3,0)	(4,0)	
(1,0)	(2,1466)	(3,0)	(4,0)	
(1,0)	(2,1471)	(3,0)	(4,0)	
(1,0)	(2,0)	(3,0)	(4,0)	
(1,0)	(2,0)	(3,0)	(4,0)	
(1,0)	(2,0)	(3,0)	(4,0)	
(1,0)	(2,0)	(3,0)	(4,0)	
(1,0)	(2,0)	(3,0)	(4,0)	
(1,0)	(2,0)	(3,0)	(4,0)	
(1,0)	(2,0)	(3,0)	(4,0)	
(1,0)	(2,0)	(3,0)	(4,0)	
avg	474.133	497.707	440.107	483.627	444.8	382.827	472.32	475.093	473.92	426.24	480.107	450.773
delay	495.69	493.929	512.851	515.043	598.421	618.409	596.211	613.225	604.324	640.894	624.743	605.889
loss	0.662385	0.25	0.73494	0.391447	0.443103	0.772021	0.266802	0.380952	0.6742	0.416335	0.673139	0.230909
Command ['/home/ubuntu/ns-3.30-obss/build/scratch/simple-ofdma-adhoc6', '--ofdmaEnabled=true', '--startTime=60', '--totalTime=90', '--packetSize=4e3', '--dataMode=HeMcs3', '--datarate=30e6', '--ratio=0.375', '--RngRun=19', '--locationFile=locationtxt/locationFile42d.txt', '--routingFile=locationtxt/routingFile42.txt', '--appFile=locationtxt/appFile.txt', '--tcp=0', '--randomTime=true', '--qosDisabled=true'] terminated with signal SIGSEGV. Run it under a debugger to get more information (./waf --run <program> --command-template="gdb --args %s <args>").
