Waf: Entering directory `/home/ubuntu/ns-3.30-obss/build'
Waf: Leaving directory `/home/ubuntu/ns-3.30-obss/build'
Build commands will be stored in build/compile_commands.json
'build' finished successfully (0.695s)
--------------------------Rate[Kbps]--------------------------
Time[s]	cl-1	cl-2	cl-3	cl-4	cl-5	cl-6	cl-7	cl-8	cl-9	cl-10	cl-11	cl-12
60	15.4	13.2	17.4	14	16.6	11.2	15.2	12.6	15.4	15.6	17.6	14.8
61	470.4	422.4	700.8	752	537.6	508.8	777.6	787.2	460.8	627.2	752	505.6
62	556.8	582.4	457.6	508.8	284.8	320	406.4	284.8	409.6	752	473.6	403.2
63	473.6	515.2	694.4	598.4	416	307.2	416	697.6	284.8	243.2	435.2	422.4
64	598.4	451.2	336	454.4	387.2	425.6	492.8	448	598.4	569.6	201.6	208
65	406.4	380.8	422.4	489.6	339.2	348.8	428.8	464	419.2	476.8	771.2	649.6
66	694.4	812.8	470.4	585.6	553.6	448	451.2	569.6	54.4	137.6	537.6	566.4
67	553.6	537.6	505.6	604.8	524.8	268.8	483.2	508.8	188.8	137.6	499.2	403.2
68	483.2	339.2	582.4	518.4	457.6	316.8	508.8	518.4	496	604.8	297.6	323.2
69	422.4	448	368	438.4	489.6	377.6	361.6	419.2	428.8	374.4	310.4	608
70	483.2	550.4	396.8	364.8	592	320	448	412.8	659.2	444.8	320	582.4
71	300.8	521.6	384	470.4	566.4	291.2	742.4	272	601.6	390.4	336	361.6
72	518.4	499.2	374.4	579.2	448	371.2	432	572.8	464	480	416	476.8
73	608	524.8	432	483.2	492.8	601.6	412.8	470.4	304	310.4	576	646.4
74	464	412.8	396.8	700.8	531.2	243.2	531.2	371.2	656	585.6	444.8	358.4
75	422.4	396.8	515.2	547.2	460.8	380.8	432	240	406.4	409.6	489.6	480
76	371.2	406.4	486.4	592	617.6	409.6	560	531.2	508.8	368	393.6	387.2
77	425.6	339.2	374.4	524.8	259.2	390.4	492.8	480	460.8	208	470.4	528
78	480	496	432	483.2	585.6	384	422.4	364.8	406.4	345.6	412.8	432
79	448	480	499.2	332.8	467.2	332.8	284.8	377.6	800	582.4	531.2	636.8
80	691.2	553.6	432	476.8	384	499.2	444.8	502.4	352	473.6	313.6	502.4
81	393.6	601.6	524.8	352	297.6	217.6	668.8	601.6	489.6	627.2	528	332.8
82	518.4	457.6	457.6	460.8	214.4	198.4	560	355.2	540.8	476.8	451.2	521.6
83	486.4	300.8	438.4	329.6	681.6	486.4	393.6	451.2	476.8	489.6	438.4	384
84	467.2	252.8	412.8	409.6	534.4	432	387.2	540.8	489.6	425.6	320	310.4
85	464	480	345.6	304	422.4	316.8	646.4	473.6	390.4	294.4	819.2	508.8
86	569.6	390.4	700.8	457.6	227.2	272	592	355.2	518.4	723.2	188.8	169.6
87	374.4	400	272	416	588.8	537.6	355.2	569.6	457.6	396.8	707.2	656
88	492.8	467.2	332.8	588.8	320	409.6	464	425.6	582.4	521.6	284.8	582.4
89	451.2	505.6	521.6	540.8	444.8	467.2	406.4	480	297.6	454.4	480	496
90	489.6	396.8	425.6	326.4	400	467.2	518.4	470.4	425.6	537.6	403.2	470.4
(1,0)	(2,3300)	(3,4287)	(4,1320)	
(1,0)	(2,1063)	(3,0)	(4,0)	
(1,0)	(2,1285)	(3,0)	(4,0)	
(1,0)	(2,1332)	(3,0)	(4,0)	
(1,0)	(2,1429)	(3,0)	(4,0)	
(1,0)	(2,0)	(3,0)	(4,0)	
(1,0)	(2,0)	(3,0)	(4,0)	
(1,0)	(2,0)	(3,0)	(4,0)	
(1,0)	(2,0)	(3,0)	(4,0)	
(1,0)	(2,0)	(3,0)	(4,0)	
(1,0)	(2,0)	(3,0)	(4,0)	
(1,0)	(2,0)	(3,0)	(4,0)	
(1,0)	(2,0)	(3,0)	(4,0)	
avg	485.973	464.107	456.427	489.707	450.88	378.347	484.053	467.2	454.293	448.96	453.44	463.787
delay	514.623	516.978	539.858	511.995	579.78	618.963	566.147	573.745	607.368	611.784	599.572	607.703
loss	0.667826	0.383333	0.780328	0.672269	0.707317	0.592346	0.238636	0.251004	0.664825	0.7552	0.429508	0.710924
Command ['/home/ubuntu/ns-3.30-obss/build/scratch/simple-ofdma-adhoc6', '--ofdmaEnabled=true', '--startTime=60', '--totalTime=90', '--packetSize=4e3', '--dataMode=HeMcs3', '--datarate=30e6', '--ratio=0.375', '--RngRun=10', '--locationFile=locationtxt/locationFile42d.txt', '--routingFile=locationtxt/routingFile42.txt', '--appFile=locationtxt/appFile.txt', '--tcp=0', '--randomTime=true', '--qosDisabled=true'] terminated with signal SIGSEGV. Run it under a debugger to get more information (./waf --run <program> --command-template="gdb --args %s <args>").
