Waf: Entering directory `/home/ubuntu/ns-3.30-obss/build'
Waf: Leaving directory `/home/ubuntu/ns-3.30-obss/build'
Build commands will be stored in build/compile_commands.json
'build' finished successfully (0.344s)
--------------------------Rate[Kbps]--------------------------
Time[s]	cl-1	cl-2	cl-3	cl-4	cl-5	cl-6	cl-7	cl-8	cl-9	cl-10	cl-11	cl-12
60	13.6	14.8	16.6	16	14.2	17.8	16.8	14.2	15.4	13	14.4	16.6
61	345.6	339.2	422.4	480	265.6	416	400	361.6	384	352	361.6	348.8
62	396.8	396.8	403.2	390.4	547.2	332.8	524.8	518.4	652.8	400	380.8	268.8
63	291.2	396.8	364.8	483.2	505.6	419.2	412.8	310.4	486.4	438.4	454.4	400
64	464	444.8	400	352	403.2	512	508.8	339.2	419.2	364.8	425.6	374.4
65	396.8	345.6	441.6	454.4	300.8	416	371.2	358.4	457.6	508.8	512	508.8
66	473.6	336	460.8	460.8	352	444.8	464	384	400	438.4	444.8	332.8
67	361.6	438.4	460.8	585.6	332.8	329.6	499.2	444.8	489.6	326.4	476.8	342.4
68	422.4	473.6	387.2	486.4	435.2	342.4	348.8	435.2	438.4	569.6	454.4	323.2
69	377.6	476.8	412.8	217.6	332.8	192	448	438.4	384	403.2	432	384
70	476.8	457.6	348.8	451.2	422.4	464	412.8	486.4	524.8	441.6	371.2	425.6
71	406.4	310.4	406.4	550.4	528	387.2	425.6	428.8	454.4	460.8	416	470.4
72	326.4	444.8	556.8	467.2	524.8	438.4	438.4	515.2	393.6	419.2	390.4	464
73	355.2	374.4	505.6	560	467.2	409.6	521.6	419.2	396.8	393.6	518.4	403.2
74	390.4	396.8	332.8	419.2	358.4	432	537.6	441.6	502.4	326.4	540.8	451.2
75	412.8	448	326.4	512	502.4	448	358.4	412.8	310.4	457.6	326.4	406.4
76	320	348.8	489.6	464	400	412.8	649.6	448	374.4	435.2	332.8	307.2
77	406.4	377.6	496	384	326.4	556.8	406.4	339.2	531.2	390.4	457.6	540.8
78	438.4	396.8	256	441.6	374.4	384	451.2	358.4	428.8	428.8	380.8	387.2
79	352	361.6	281.6	291.2	320	348.8	467.2	425.6	384	486.4	432	454.4
80	444.8	412.8	502.4	342.4	364.8	454.4	448	467.2	496	467.2	499.2	342.4
81	374.4	448	537.6	515.2	502.4	483.2	380.8	390.4	492.8	380.8	387.2	454.4
82	464	464	444.8	534.4	454.4	595.2	489.6	432	467.2	393.6	457.6	470.4
83	387.2	358.4	531.2	476.8	435.2	326.4	563.2	489.6	579.2	387.2	416	406.4
84	358.4	387.2	454.4	502.4	384	464	281.6	297.6	422.4	483.2	332.8	275.2
85	323.2	400	451.2	400	393.6	492.8	326.4	467.2	396.8	483.2	451.2	422.4
86	441.6	470.4	336	451.2	416	393.6	499.2	550.4	486.4	371.2	374.4	310.4
87	396.8	470.4	486.4	352	352	384	384	377.6	492.8	393.6	467.2	502.4
88	470.4	323.2	390.4	403.2	489.6	492.8	448	448	476.8	409.6	342.4	329.6
89	342.4	563.2	403.2	483.2	390.4	377.6	355.2	390.4	438.4	361.6	448	422.4
90	297.6	521.6	448	464	361.6	457.6	412.8	384	467.2	505.6	377.6	323.2
(1,0)	(2,1187)	(3,237)	(4,32)	
(1,0)	(2,48)	(3,0)	(4,0)	
(1,0)	(2,42)	(3,0)	(4,0)	
(1,0)	(2,60)	(3,0)	(4,0)	
(1,0)	(2,29)	(3,0)	(4,0)	
(1,0)	(2,0)	(3,0)	(4,0)	
(1,0)	(2,0)	(3,0)	(4,0)	
(1,0)	(2,0)	(3,0)	(4,0)	
(1,0)	(2,0)	(3,0)	(4,0)	
(1,0)	(2,0)	(3,0)	(4,0)	
(1,0)	(2,0)	(3,0)	(4,0)	
(1,0)	(2,0)	(3,0)	(4,0)	
(1,0)	(2,0)	(3,0)	(4,0)	
avg	390.507	412.8	424.64	445.867	408.107	420.267	441.173	418.667	454.293	422.613	422.08	395.093
delay	2.7907	1.21053	3.06224	1.61463	5.69957	2.47805	2.32212	5.82174	2.34225	5.83333	5.61134	1.95939
loss	0	0	0	0	0	0	0	0	0	0	0	0
Command ['/home/ubuntu/ns-3.30-obss/build/scratch/simple-ofdma-adhoc6', '--ofdmaEnabled=true', '--startTime=60', '--totalTime=90', '--packetSize=4e3', '--dataMode=HeMcs3', '--datarate=10e6', '--ratio=0.375', '--RngRun=3', '--locationFile=locationtxt/locationFile42d.txt', '--routingFile=locationtxt/routingFile42.txt', '--appFile=locationtxt/appFile.txt', '--tcp=0', '--randomTime=true', '--qosDisabled=true'] terminated with signal SIGSEGV. Run it under a debugger to get more information (./waf --run <program> --command-template="gdb --args %s <args>").
