Waf: Entering directory `/home/ubuntu/ns-3.30-obss/build'
Waf: Leaving directory `/home/ubuntu/ns-3.30-obss/build'
Build commands will be stored in build/compile_commands.json
'build' finished successfully (0.625s)
--------------------------Rate[Kbps]--------------------------
Time[s]	cl-1	cl-2	cl-3	cl-4	cl-5	cl-6	cl-7	cl-8	cl-9	cl-10	cl-11	cl-12
60	17.8	15.8	16.4	15.8	13.2	14.6	14.2	16	14.2	13.2	17	13.2
61	700.8	524.8	688	835.2	412.8	531.2	764.8	707.2	396.8	358.4	704	646.4
62	694.4	652.8	566.4	601.6	624	438.4	339.2	320	864	771.2	547.2	809.6
63	528	579.2	646.4	502.4	467.2	297.6	566.4	624	473.6	627.2	416	419.2
64	531.2	419.2	438.4	323.2	582.4	582.4	534.4	384	425.6	473.6	307.2	393.6
65	496	256	720	368	579.2	595.2	652.8	412.8	425.6	406.4	601.6	550.4
66	432	576	537.6	377.6	534.4	403.2	483.2	364.8	569.6	428.8	595.2	268.8
67	435.2	560	547.2	387.2	480	444.8	387.2	518.4	662.4	480	454.4	547.2
68	435.2	633.6	419.2	627.2	473.6	870.4	656	492.8	428.8	380.8	435.2	243.2
69	508.8	537.6	665.6	470.4	505.6	672	454.4	486.4	195.2	185.6	537.6	659.2
70	582.4	336	396.8	531.2	355.2	352	294.4	502.4	441.6	550.4	339.2	416
71	390.4	512	473.6	467.2	323.2	576	582.4	400	502.4	819.2	323.2	716.8
72	595.2	707.2	400	448	726.4	390.4	547.2	320	912	572.8	515.2	502.4
73	550.4	547.2	531.2	614.4	313.6	332.8	550.4	774.4	444.8	566.4	281.6	380.8
74	665.6	544	576	438.4	742.4	841.6	448	252.8	422.4	448	345.6	467.2
75	576	569.6	524.8	556.8	496	284.8	316.8	403.2	566.4	432	764.8	454.4
76	646.4	454.4	396.8	556.8	739.2	700.8	393.6	678.4	483.2	556.8	528	246.4
77	796.8	611.2	649.6	563.2	540.8	697.6	307.2	464	768	483.2	329.6	499.2
78	384	540.8	489.6	345.6	115.2	57.6	659.2	652.8	368	528	822.4	1072
79	505.6	486.4	489.6	512	646.4	768	553.6	694.4	265.6	256	531.2	236.8
80	358.4	316.8	406.4	371.2	691.2	409.6	486.4	361.6	624	608	710.4	524.8
81	476.8	377.6	425.6	502.4	576	534.4	464	697.6	489.6	704	211.2	220.8
82	390.4	281.6	608	454.4	371.2	352	729.6	540.8	582.4	288	844.8	748.8
83	496	393.6	627.2	659.2	832	729.6	358.4	521.6	444.8	393.6	281.6	486.4
84	540.8	444.8	646.4	556.8	553.6	499.2	358.4	364.8	464	604.8	265.6	278.4
85	531.2	441.6	352	492.8	339.2	540.8	396.8	617.6	390.4	684.8	496	649.6
86	636.8	598.4	512	560	332.8	348.8	560	451.2	336	499.2	355.2	390.4
87	374.4	400	371.2	352	336	502.4	604.8	460.8	492.8	332.8	278.4	348.8
88	547.2	620.8	556.8	604.8	512	438.4	592	540.8	544	416	739.2	755.2
89	361.6	307.2	681.6	467.2	624	492.8	560	777.6	438.4	409.6	384	576
90	505.6	336	579.2	441.6	598.4	425.6	697.6	403.2	432	521.6	492.8	444.8
(1,0)	(2,3769)	(3,4093)	(4,1179)	
(1,0)	(2,1359)	(3,0)	(4,0)	
(1,0)	(2,1294)	(3,0)	(4,0)	
(1,0)	(2,1205)	(3,0)	(4,0)	
(1,0)	(2,1110)	(3,0)	(4,0)	
(1,0)	(2,0)	(3,0)	(4,0)	
(1,0)	(2,0)	(3,0)	(4,0)	
(1,0)	(2,0)	(3,0)	(4,0)	
(1,0)	(2,0)	(3,0)	(4,0)	
(1,0)	(2,0)	(3,0)	(4,0)	
(1,0)	(2,0)	(3,0)	(4,0)	
(1,0)	(2,0)	(3,0)	(4,0)	
(1,0)	(2,0)	(3,0)	(4,0)	
avg	522.453	485.547	530.773	499.627	514.133	503.68	509.973	506.347	495.147	492.907	481.28	498.453
delay	493.244	486.465	484.561	481.394	580.702	590.516	565.101	585.752	561.554	576.892	554.111	571.382
loss	0.212302	0.550562	0.233151	0.208	0.545852	0.540598	0.560465	0.206089	0.219885	0.247807	0.182254	0.202652
Command ['/home/ubuntu/ns-3.30-obss/build/scratch/simple-ofdma-adhoc6', '--ofdmaEnabled=true', '--startTime=60', '--totalTime=90', '--packetSize=4e3', '--dataMode=HeMcs3', '--datarate=25e6', '--ratio=0.375', '--RngRun=6', '--locationFile=locationtxt/locationFile42d.txt', '--routingFile=locationtxt/routingFile42.txt', '--appFile=locationtxt/appFile.txt', '--tcp=0', '--randomTime=true', '--qosDisabled=true'] terminated with signal SIGSEGV. Run it under a debugger to get more information (./waf --run <program> --command-template="gdb --args %s <args>").
