Waf: Entering directory `/home/ubuntu/ns-3.30-obss/build'
Waf: Leaving directory `/home/ubuntu/ns-3.30-obss/build'
Build commands will be stored in build/compile_commands.json
'build' finished successfully (0.628s)
--------------------------Rate[Kbps]--------------------------
Time[s]	cl-1	cl-2	cl-3	cl-4	cl-5	cl-6	cl-7	cl-8	cl-9	cl-10	cl-11	cl-12
60	15	16.6	16	13.6	14.8	13.6	15	18.6	16.4	14.4	12.8	14.8
61	646.4	700.8	473.6	617.6	396.8	524.8	537.6	678.4	672	662.4	553.6	755.2
62	544	467.2	348.8	518.4	576	595.2	569.6	384	720	636.8	435.2	368
63	620.8	396.8	662.4	499.2	780.8	217.6	556.8	547.2	300.8	470.4	438.4	556.8
64	505.6	297.6	454.4	470.4	678.4	592	288	236.8	422.4	489.6	329.6	531.2
65	595.2	595.2	470.4	528	339.2	537.6	630.4	566.4	515.2	348.8	643.2	729.6
66	579.2	620.8	633.6	512	678.4	614.4	624	371.2	374.4	275.2	512	489.6
67	329.6	572.8	323.2	633.6	524.8	454.4	601.6	368	777.6	412.8	547.2	323.2
68	531.2	528	416	428.8	416	496	585.6	374.4	585.6	313.6	515.2	489.6
69	720	326.4	515.2	739.2	460.8	502.4	528	537.6	598.4	598.4	403.2	432
70	662.4	323.2	614.4	403.2	294.4	444.8	547.2	704	483.2	272	534.4	582.4
71	304	467.2	422.4	480	483.2	563.2	278.4	339.2	598.4	428.8	697.6	496
72	636.8	492.8	592	454.4	656	489.6	400	540.8	428.8	425.6	576	332.8
73	656	550.4	528	576	665.6	560	323.2	323.2	435.2	396.8	681.6	528
74	470.4	672	531.2	460.8	643.2	313.6	489.6	656	393.6	416	492.8	412.8
75	505.6	377.6	521.6	627.2	617.6	310.4	688	662.4	547.2	300.8	448	342.4
76	406.4	329.6	393.6	419.2	582.4	348.8	496	451.2	512	659.2	678.4	348.8
77	496	688	480	400	371.2	547.2	598.4	537.6	380.8	374.4	595.2	508.8
78	406.4	470.4	604.8	358.4	563.2	451.2	329.6	313.6	406.4	316.8	656	608
79	460.8	588.8	457.6	448	419.2	556.8	508.8	345.6	467.2	345.6	515.2	428.8
80	467.2	422.4	396.8	521.6	339.2	460.8	294.4	326.4	668.8	457.6	608	489.6
81	508.8	403.2	419.2	563.2	457.6	396.8	521.6	502.4	473.6	313.6	396.8	412.8
82	521.6	521.6	627.2	300.8	688	659.2	547.2	544	540.8	515.2	473.6	569.6
83	515.2	499.2	489.6	432	406.4	524.8	377.6	377.6	448	460.8	518.4	521.6
84	473.6	492.8	803.2	320	521.6	630.4	531.2	608	428.8	512	348.8	342.4
85	419.2	678.4	579.2	496	316.8	534.4	505.6	569.6	432	297.6	739.2	662.4
86	489.6	668.8	588.8	521.6	569.6	384	592	576	464	355.2	339.2	492.8
87	720	627.2	681.6	608	307.2	384	572.8	540.8	416	572.8	361.6	476.8
88	396.8	505.6	409.6	460.8	784	742.4	521.6	780.8	304	528	371.2	201.6
89	646.4	528	364.8	512	352	406.4	208	377.6	457.6	656	396.8	537.6
90	601.6	435.2	508.8	608	464	483.2	489.6	675.2	316.8	473.6	281.6	476.8
(1,0)	(2,3682)	(3,4148)	(4,1182)	
(1,0)	(2,1254)	(3,0)	(4,0)	
(1,0)	(2,1116)	(3,0)	(4,0)	
(1,0)	(2,1247)	(3,0)	(4,0)	
(1,0)	(2,1322)	(3,0)	(4,0)	
(1,0)	(2,0)	(3,0)	(4,0)	
(1,0)	(2,0)	(3,0)	(4,0)	
(1,0)	(2,0)	(3,0)	(4,0)	
(1,0)	(2,0)	(3,0)	(4,0)	
(1,0)	(2,0)	(3,0)	(4,0)	
(1,0)	(2,0)	(3,0)	(4,0)	
(1,0)	(2,0)	(3,0)	(4,0)	
(1,0)	(2,0)	(3,0)	(4,0)	
avg	527.893	508.267	510.4	497.28	511.787	490.88	491.413	493.867	485.653	442.88	502.933	481.6
delay	482.517	478.109	486.678	475.434	579.45	583.163	545.671	549.185	579.682	573.683	586.912	571.687
loss	0.199588	0.558242	0.223881	0.528571	0.566735	0.550538	0.256236	0.214724	0.203196	0.208889	0.175781	0.587738
Command ['/home/ubuntu/ns-3.30-obss/build/scratch/simple-ofdma-adhoc6', '--ofdmaEnabled=true', '--startTime=60', '--totalTime=90', '--packetSize=4e3', '--dataMode=HeMcs3', '--datarate=25e6', '--ratio=0.375', '--RngRun=20', '--locationFile=locationtxt/locationFile42d.txt', '--routingFile=locationtxt/routingFile42.txt', '--appFile=locationtxt/appFile.txt', '--tcp=0', '--randomTime=true', '--qosDisabled=true'] terminated with signal SIGSEGV. Run it under a debugger to get more information (./waf --run <program> --command-template="gdb --args %s <args>").
