Waf: Entering directory `/home/ubuntu/ns-3.30-obss/build'
Waf: Leaving directory `/home/ubuntu/ns-3.30-obss/build'
Build commands will be stored in build/compile_commands.json
'build' finished successfully (0.876s)
--------------------------Rate[Kbps]--------------------------
Time[s]	cl-1	cl-2	cl-3	cl-4	cl-5	cl-6	cl-7	cl-8	cl-9	cl-10	cl-11	cl-12
60	16	13.6	12.8	14.6	15	11.2	10.8	12.4	13.6	15	14.4	12.8
61	550.4	608	672	592	688	547.2	480	515.2	659.2	624	563.2	598.4
62	646.4	627.2	470.4	528	531.2	518.4	659.2	700.8	707.2	576	400	563.2
63	678.4	723.2	576	755.2	464	649.6	828.8	515.2	630.4	681.6	838.4	774.4
64	598.4	665.6	688	547.2	470.4	582.4	752	608	659.2	745.6	640	547.2
65	694.4	480	428.8	441.6	726.4	483.2	710.4	502.4	784	828.8	793.6	640
66	800	665.6	620.8	656	563.2	640	838.4	540.8	473.6	601.6	499.2	620.8
67	675.2	595.2	560	531.2	694.4	736	630.4	518.4	758.4	710.4	739.2	531.2
68	662.4	720	729.6	563.2	537.6	598.4	908.8	662.4	352	336	976	812.8
69	604.8	620.8	579.2	691.2	720	515.2	832	643.2	774.4	880	678.4	537.6
70	534.4	777.6	524.8	588.8	620.8	691.2	544	643.2	841.6	505.6	499.2	697.6
71	736	528	467.2	518.4	816	524.8	576	377.6	409.6	656	576	630.4
72	672	668.8	617.6	531.2	473.6	409.6	624	515.2	697.6	416	579.2	691.2
73	563.2	566.4	768	444.8	665.6	659.2	649.6	726.4	1024	748.8	566.4	492.8
74	457.6	697.6	563.2	835.2	569.6	476.8	704	601.6	537.6	726.4	761.6	598.4
75	601.6	556.8	662.4	710.4	617.6	595.2	608	620.8	774.4	496	694.4	451.2
76	563.2	473.6	592	505.6	825.6	633.6	560	617.6	681.6	480	758.4	748.8
77	572.8	512	672	457.6	604.8	764.8	633.6	444.8	505.6	736	729.6	512
78	617.6	787.2	640	534.4	684.8	656	553.6	544	761.6	480	656	940.8
79	540.8	428.8	675.2	688	624	822.4	761.6	662.4	579.2	582.4	400	361.6
80	627.2	636.8	627.2	649.6	524.8	713.6	483.2	844.8	572.8	841.6	675.2	809.6
81	368	553.6	614.4	630.4	585.6	643.2	659.2	678.4	796.8	876.8	995.2	608
82	512	566.4	652.8	636.8	627.2	640	768	588.8	550.4	796.8	688	598.4
83	633.6	697.6	771.2	748.8	601.6	624	771.2	691.2	736	604.8	534.4	576
84	598.4	451.2	832	748.8	665.6	544	688	665.6	633.6	748.8	467.2	512
85	656	492.8	684.8	726.4	534.4	592	592	633.6	716.8	611.2	428.8	668.8
86	521.6	688	588.8	528	534.4	672	518.4	835.2	742.4	406.4	633.6	787.2
87	707.2	553.6	515.2	678.4	636.8	764.8	611.2	524.8	627.2	694.4	636.8	729.6
88	633.6	835.2	662.4	832	729.6	560	710.4	643.2	604.8	563.2	697.6	579.2
89	576	656	659.2	851.2	678.4	665.6	672	588.8	656	707.2	672	505.6
90	649.6	640	649.6	598.4	822.4	556.8	755.2	704	764.8	656	524.8	524.8
(1,0)	(2,3388)	(3,2880)	(4,702)	
(1,0)	(2,576)	(3,0)	(4,0)	
(1,0)	(2,518)	(3,0)	(4,0)	
(1,0)	(2,548)	(3,0)	(4,0)	
(1,0)	(2,757)	(3,0)	(4,0)	
(1,0)	(2,0)	(3,0)	(4,0)	
(1,0)	(2,0)	(3,0)	(4,0)	
(1,0)	(2,0)	(3,0)	(4,0)	
(1,0)	(2,0)	(3,0)	(4,0)	
(1,0)	(2,0)	(3,0)	(4,0)	
(1,0)	(2,0)	(3,0)	(4,0)	
(1,0)	(2,0)	(3,0)	(4,0)	
(1,0)	(2,0)	(3,0)	(4,0)	
avg	608.427	615.787	625.493	624.96	627.947	616	669.44	611.947	667.093	643.947	643.413	621.653
delay	17.809	18.8267	18.1751	18.878	34.703	28.6387	39.8901	36.8076	36.8513	38.5467	46.5131	48.049
loss	0	0	0	0	0.00542005	0	0	0	0.00510204	0.0108696	0.00649351	0.00287356
Command ['/home/ubuntu/ns-3.30-obss/build/scratch/simple-ofdma-adhoc6', '--ofdmaEnabled=true', '--startTime=60', '--totalTime=90', '--packetSize=4e3', '--dataMode=HeMcs3', '--datarate=15e6', '--ratio=0.375', '--RngRun=46', '--locationFile=locationtxt/locationFile42d.txt', '--routingFile=locationtxt/routingFile42.txt', '--appFile=locationtxt/appFile.txt', '--tcp=0', '--randomTime=true', '--qosDisabled=true'] terminated with signal SIGSEGV. Run it under a debugger to get more information (./waf --run <program> --command-template="gdb --args %s <args>").
