Waf: Entering directory `/home/ubuntu/ns-3.30-obss/build'
Waf: Leaving directory `/home/ubuntu/ns-3.30-obss/build'
Build commands will be stored in build/compile_commands.json
'build' finished successfully (0.929s)
--------------------------Rate[Kbps]--------------------------
Time[s]	cl-1	cl-2	cl-3	cl-4	cl-5	cl-6	cl-7	cl-8	cl-9	cl-10	cl-11	cl-12
60	13.2	13	17.2	13.6	17.2	15.2	16.4	12.2	16.8	16	15.2	15.8
61	1171.2	1212.8	1321.6	0	1046.4	1308.8	1024	1273.6	851.2	1420.8	1014.4	1081.6
62	1408	1376	1235.2	0	1040	1625.6	1145.6	1020.8	1129.6	1574.4	1136	1158.4
63	1388.8	1196.8	1302.4	0	1491.2	1030.4	1344	1152	1142.4	1356.8	912	729.6
64	940.8	1152	1139.2	0	1155.2	972.8	1264	1292.8	1443.2	956.8	1638.4	1852.8
65	1417.6	1388.8	1222.4	0	1065.6	1302.4	1270.4	1161.6	1593.6	1270.4	1043.2	892.8
66	889.6	1164.8	1312	0	1497.6	1241.6	1196.8	1174.4	1152	995.2	1036.8	985.6
67	761.6	1529.6	1539.2	0	1030.4	1132.8	1148.8	1206.4	899.2	1337.6	1312	1350.4
68	1081.6	1046.4	976	0	1504	899.2	1353.6	1126.4	1168	851.2	1225.6	1315.2
69	1158.4	1206.4	755.2	0	956.8	992	1155.2	982.4	1206.4	1001.6	1232	1046.4
70	1123.2	1180.8	1040	0	1014.4	819.2	1200	1286.4	1273.6	1068.8	1171.2	1280
71	796.8	1209.6	998.4	0	1283.2	1020.8	1299.2	1014.4	1296	979.2	1200	915.2
72	1481.6	1059.2	1155.2	0	1043.2	1049.6	899.2	896	1174.4	1062.4	1190.4	1232
73	992	1180.8	982.4	0	1238.4	880	1257.6	1241.6	979.2	908.8	1001.6	1177.6
74	1296	1232	1056	0	1142.4	1097.6	1411.2	1308.8	1404.8	1187.2	1392	924.8
75	956.8	1116.8	1180.8	0	1324.8	652.8	992	988.8	1120	844.8	1331.2	1142.4
76	1065.6	1235.2	976	0	873.6	1209.6	1260.8	1123.2	1315.2	985.6	1462.4	1203.2
77	1504	1568	1216	0	1043.2	1248	1129.6	1126.4	691.2	972.8	1638.4	1180.8
78	1024	966.4	870.4	0	1030.4	790.4	1052.8	1427.2	1161.6	1340.8	1187.2	1305.6
79	1152	896	1328	0	806.4	934.4	1337.6	1174.4	960	1062.4	1344	1049.6
80	1398.4	1065.6	793.6	0	1094.4	1161.6	947.2	1049.6	1011.2	1056	1318.4	1443.2
81	1056	1008	1331.2	0	1603.2	1363.2	1004.8	633.6	1148.8	1254.4	1388.8	1216
82	1296	1200	1065.6	0	1328	915.2	1139.2	867.2	1180.8	806.4	1318.4	944
83	1283.2	1251.2	944	0	979.2	1011.2	1529.6	1532.8	1113.6	1225.6	1168	1145.6
84	1171.2	1241.6	1136	0	1056	908.8	1065.6	1174.4	1046.4	1385.6	956.8	1337.6
85	1552	1148.8	1120	0	1152	1033.6	963.2	1308.8	1539.2	1513.6	1606.4	928
86	1145.6	1216	809.6	0	1305.6	748.8	1129.6	1273.6	1148.8	1123.2	1068.8	1209.6
87	1059.2	1209.6	1142.4	0	1340.8	1084.8	1251.2	1664	915.2	864	1324.8	934.4
88	1203.2	1238.4	940.8	0	1040	915.2	873.6	1264	1123.2	1286.4	1123.2	1094.4
89	1059.2	1174.4	944	0	1120	924.8	1267.2	1123.2	1296	1152	1264	1241.6
90	1171.2	1222.4	1004.8	0	995.2	870.4	902.4	1251.2	777.6	876.8	1136	1145.6
(1,0)	(2,5871)	(3,6966)	(4,1612)	
(1,0)	(2,1378)	(3,0)	(4,0)	
(1,0)	(2,1391)	(3,0)	(4,0)	
(1,0)	(2,1392)	(3,0)	(4,0)	
(1,0)	(2,1561)	(3,0)	(4,0)	
(1,0)	(2,0)	(3,0)	(4,0)	
(1,0)	(2,0)	(3,0)	(4,0)	
(1,0)	(2,0)	(3,0)	(4,0)	
(1,0)	(2,0)	(3,0)	(4,0)	
(1,0)	(2,0)	(3,0)	(4,0)	
(1,0)	(2,0)	(3,0)	(4,0)	
(1,0)	(2,0)	(3,0)	(4,0)	
(1,0)	(2,0)	(3,0)	(4,0)	
avg	1166.83	1196.48	1094.61	0	1153.39	1038.19	1160.53	1170.67	1142.08	1124.05	1238.08	1148.8
delay	475.841	473.426	468.461	0.205882	475.485	476.538	482.745	490.079	499.563	492.231	492.809	500.06
loss	0.0813793	0.123457	0.015544	0	0.0165017	0.0256849	0.0218855	0.0695187	0.0714286	0.0306748	0.068268	0.146893
Command ['/home/ubuntu/ns-3.30-obss/build/scratch/simple-ofdma-adhoc6', '--ofdmaEnabled=true', '--startTime=60', '--totalTime=90', '--packetSize=4e3', '--dataMode=HeMcs6', '--datarate=30e6', '--ratio=0.375', '--RngRun=30', '--locationFile=locationtxt/locationFile42c.txt', '--routingFile=locationtxt/routingFile42.txt', '--appFile=locationtxt/appFile.txt', '--tcp=0', '--randomTime=true', '--qosDisabled=true'] terminated with signal SIGSEGV. Run it under a debugger to get more information (./waf --run <program> --command-template="gdb --args %s <args>").
