Waf: Entering directory `/home/jiaming/Downloads/Mesh_NS3/ns-3.30-obss/build'
Waf: Leaving directory `/home/jiaming/Downloads/Mesh_NS3/ns-3.30-obss/build'
Build commands will be stored in build/compile_commands.json
'build' finished successfully (0.435s)
-------------------------------------------------
Time[s]	ap-0	ap-1	ap-2	ap-3	ap-4	ap-5	ap-6	ap-7	ap-8	ap-9	ap-10	ap-11	ap-12	ap-13	ap-14	ap-15	ap-16	ap-17	ap-18	ap-19	ap-20	ap-21	ap-22	ap-23	ap-24	ap-25	ap-26	ap-27	ap-28	ap-29	ap-30	ap-31	ap-32	ap-33	ap-34	ap-35
61.000	0.000	0.000	0.141	0.047	0.012	0.012	0.035	0.141	0.989	0.094	0.000	0.000	0.035	0.047	0.247	0.024	0.000	0.000	0.000	0.000	0.000	0.306	0.024	0.000	0.000	0.000	0.200	0.989	0.188	0.200	0.000	0.000	0.000	0.671	0.000	0.000
62.000	0.012	0.012	0.012	0.000	0.000	0.000	0.024	0.389	1.001	0.165	0.000	0.000	0.024	0.047	0.177	0.024	0.000	0.000	0.000	0.000	0.000	0.565	0.165	0.012	0.000	0.000	0.294	1.001	0.177	0.012	0.000	0.000	0.000	0.495	0.000	0.000
63.000	0.000	0.094	0.188	0.000	0.000	0.000	0.000	0.071	1.001	0.377	0.000	0.000	0.000	0.000	0.353	0.024	0.000	0.000	0.000	0.000	0.024	0.707	0.071	0.106	0.000	0.000	0.483	1.001	0.188	0.012	0.000	0.000	0.000	0.824	0.094	0.000
64.000	0.000	0.012	0.188	0.047	0.024	0.012	0.047	0.082	1.001	0.059	0.000	0.000	0.000	0.094	0.271	0.000	0.000	0.000	0.000	0.000	0.071	0.153	0.082	0.153	0.000	0.000	0.259	1.001	0.342	0.047	0.000	0.000	0.000	0.294	0.059	0.035
65.000	0.047	0.000	0.200	0.130	0.000	0.000	0.012	0.012	1.001	0.389	0.000	0.000	0.000	0.000	0.153	0.000	0.000	0.000	0.000	0.012	0.141	0.024	0.000	0.012	0.000	0.000	0.353	1.001	0.518	0.012	0.000	0.000	0.000	0.224	0.000	0.118
66.000	0.024	0.035	0.342	0.247	0.177	0.059	0.071	0.047	1.001	0.094	0.000	0.000	0.000	0.000	0.141	0.000	0.000	0.000	0.012	0.024	0.106	0.236	0.000	0.000	0.000	0.000	0.071	1.001	0.224	0.141	0.000	0.000	0.000	0.471	0.118	0.000
67.000	0.000	0.071	0.271	0.012	0.059	0.035	0.071	0.130	1.001	0.094	0.000	0.000	0.000	0.000	0.047	0.012	0.000	0.000	0.000	0.000	0.000	0.141	0.012	0.000	0.000	0.000	0.271	1.001	0.212	0.130	0.000	0.000	0.000	0.459	0.094	0.024
68.000	0.188	0.247	0.424	0.000	0.000	0.000	0.000	0.000	1.001	0.389	0.071	0.000	0.000	0.000	0.000	0.047	0.000	0.012	0.000	0.000	0.000	0.530	0.177	0.000	0.000	0.000	0.141	1.001	0.212	0.000	0.000	0.000	0.000	0.353	0.047	0.071
69.000	0.000	0.000	0.177	0.118	0.000	0.000	0.118	0.059	1.001	0.094	0.000	0.000	0.000	0.012	0.047	0.000	0.000	0.000	0.000	0.024	0.035	0.118	0.000	0.000	0.000	0.000	0.012	1.001	0.212	0.130	0.000	0.000	0.000	0.565	0.000	0.012
70.000	0.000	0.000	0.153	0.071	0.047	0.024	0.059	0.047	1.001	0.165	0.071	0.000	0.000	0.000	0.200	0.000	0.000	0.000	0.000	0.000	0.012	0.624	0.012	0.000	0.000	0.000	0.353	1.001	0.200	0.153	0.000	0.000	0.000	0.389	0.000	0.000
71.000	0.035	0.047	0.165	0.012	0.012	0.000	0.047	0.330	1.001	0.118	0.012	0.000	0.071	0.071	0.000	0.000	0.000	0.012	0.000	0.000	0.000	0.188	0.059	0.000	0.000	0.000	0.106	1.001	0.483	0.141	0.000	0.000	0.000	0.506	0.106	0.118
72.000	0.012	0.000	0.247	0.035	0.000	0.000	0.047	0.094	1.001	0.306	0.000	0.000	0.000	0.059	0.106	0.012	0.012	0.000	0.000	0.000	0.059	0.424	0.082	0.035	0.000	0.000	0.377	1.001	0.188	0.000	0.000	0.000	0.000	0.424	0.035	0.082
73.000	0.000	0.035	0.130	0.071	0.024	0.035	0.047	0.141	0.989	0.035	0.012	0.000	0.071	0.035	0.342	0.000	0.000	0.000	0.000	0.000	0.059	0.283	0.047	0.000	0.000	0.000	0.082	0.989	0.106	0.035	0.000	0.000	0.000	0.459	0.012	0.047
74.000	0.000	0.012	0.318	0.165	0.071	0.012	0.000	0.000	1.001	0.188	0.000	0.000	0.000	0.000	0.130	0.000	0.000	0.000	0.000	0.012	0.000	0.589	0.012	0.000	0.000	0.000	0.412	1.001	0.259	0.118	0.000	0.000	0.000	0.294	0.094	0.082
75.000	0.000	0.000	0.283	0.106	0.000	0.000	0.000	0.059	1.001	0.365	0.000	0.000	0.000	0.000	0.153	0.000	0.000	0.000	0.012	0.012	0.000	0.506	0.082	0.000	0.000	0.000	0.483	1.001	0.071	0.000	0.000	0.000	0.000	0.577	0.000	0.000
76.000	0.000	0.000	0.200	0.165	0.047	0.000	0.000	0.200	1.001	0.247	0.094	0.012	0.000	0.000	0.094	0.024	0.000	0.000	0.000	0.000	0.035	0.318	0.000	0.000	0.000	0.000	0.153	1.001	0.106	0.059	0.000	0.000	0.000	0.553	0.059	0.000
77.000	0.059	0.059	0.271	0.035	0.024	0.000	0.000	0.082	1.001	0.212	0.047	0.024	0.000	0.000	0.000	0.012	0.000	0.000	0.000	0.000	0.000	0.495	0.047	0.012	0.000	0.000	0.082	1.001	0.106	0.000	0.000	0.000	0.000	0.082	0.082	0.012
78.000	0.000	0.024	0.294	0.047	0.024	0.047	0.024	0.283	1.001	0.224	0.000	0.000	0.035	0.000	0.330	0.059	0.024	0.000	0.000	0.000	0.024	0.306	0.200	0.000	0.000	0.000	0.459	1.001	0.047	0.035	0.000	0.000	0.000	0.495	0.000	0.000
79.000	0.000	0.082	0.188	0.035	0.024	0.000	0.094	0.624	1.001	0.094	0.012	0.000	0.000	0.000	0.082	0.000	0.000	0.000	0.000	0.000	0.000	0.200	0.000	0.000	0.000	0.000	0.188	1.001	0.236	0.106	0.000	0.000	0.000	0.506	0.118	0.118
80.000	0.024	0.071	0.047	0.000	0.000	0.000	0.094	0.236	1.001	0.047	0.000	0.000	0.000	0.012	0.130	0.000	0.000	0.000	0.000	0.000	0.012	0.259	0.000	0.000	0.000	0.000	0.236	1.001	0.294	0.118	0.000	0.000	0.000	0.212	0.012	0.000
81.000	0.165	0.165	0.259	0.118	0.012	0.012	0.024	0.259	1.001	0.236	0.000	0.000	0.000	0.000	0.024	0.000	0.000	0.024	0.000	0.000	0.000	0.106	0.024	0.012	0.000	0.000	0.389	1.001	0.259	0.141	0.000	0.000	0.000	0.400	0.047	0.012
82.000	0.000	0.200	0.412	0.177	0.118	0.024	0.000	0.259	1.001	0.153	0.024	0.000	0.012	0.012	0.188	0.012	0.000	0.000	0.000	0.000	0.000	0.118	0.024	0.000	0.000	0.000	0.141	1.001	0.177	0.165	0.000	0.000	0.000	0.577	0.000	0.000
83.000	0.024	0.082	0.271	0.082	0.000	0.000	0.000	0.236	1.001	0.094	0.000	0.000	0.000	0.000	0.342	0.059	0.000	0.000	0.000	0.000	0.000	0.365	0.012	0.024	0.000	0.000	0.082	1.001	0.130	0.035	0.000	0.000	0.000	0.130	0.035	0.024
84.000	0.012	0.047	0.271	0.059	0.000	0.000	0.024	0.047	1.001	0.094	0.012	0.000	0.000	0.000	0.047	0.000	0.000	0.000	0.000	0.012	0.047	0.506	0.012	0.000	0.000	0.000	0.224	1.001	0.188	0.000	0.000	0.000	0.000	0.436	0.000	0.000
85.000	0.094	0.177	0.400	0.024	0.024	0.024	0.035	0.436	0.989	0.071	0.000	0.000	0.000	0.141	0.059	0.000	0.000	0.000	0.000	0.000	0.106	0.365	0.153	0.130	0.000	0.000	0.059	0.989	0.094	0.024	0.000	0.000	0.000	0.424	0.035	0.024
86.000	0.082	0.082	0.224	0.130	0.059	0.024	0.059	0.024	1.001	0.118	0.000	0.000	0.000	0.000	0.412	0.000	0.000	0.000	0.000	0.000	0.106	0.236	0.000	0.000	0.000	0.000	0.224	1.001	0.283	0.082	0.000	0.000	0.000	0.518	0.035	0.000
87.000	0.035	0.082	0.271	0.130	0.000	0.012	0.035	0.212	1.001	0.130	0.012	0.000	0.000	0.000	0.024	0.000	0.000	0.000	0.000	0.000	0.000	0.165	0.000	0.000	0.000	0.000	0.047	1.001	0.318	0.082	0.000	0.000	0.000	0.777	0.106	0.035
88.000	0.165	0.059	0.424	0.024	0.000	0.012	0.165	0.553	1.001	0.118	0.000	0.000	0.000	0.000	0.165	0.059	0.012	0.000	0.000	0.000	0.000	0.106	0.071	0.000	0.000	0.000	0.271	1.001	0.082	0.000	0.000	0.000	0.000	0.636	0.000	0.000
89.000	0.082	0.035	0.177	0.106	0.000	0.000	0.000	0.035	1.001	0.012	0.000	0.000	0.000	0.000	0.389	0.000	0.000	0.000	0.012	0.000	0.082	0.153	0.000	0.000	0.000	0.000	0.071	1.001	0.424	0.094	0.000	0.000	0.000	0.236	0.106	0.082
90.000	0.012	0.059	0.365	0.071	0.071	0.012	0.000	0.353	1.001	0.000	0.000	0.000	0.000	0.094	0.236	0.000	0.000	0.000	0.000	0.000	0.047	0.082	0.000	0.000	0.000	0.000	0.389	1.001	0.212	0.000	0.000	0.000	0.000	0.342	0.000	0.000
91.000	0.047	0.071	0.495	0.012	0.012	0.035	0.035	0.047	1.001	0.141	0.012	0.024	0.000	0.000	0.188	0.177	0.000	0.000	0.000	0.012	0.130	0.389	0.071	0.035	0.000	0.000	0.389	1.001	0.118	0.000	0.000	0.000	0.000	0.224	0.047	0.000
92.000	0.082	0.071	0.742	0.106	0.012	0.024	0.000	0.200	1.001	0.153	0.000	0.000	0.000	0.000	0.165	0.000	0.000	0.000	0.000	0.000	0.012	0.153	0.059	0.000	0.000	0.000	0.224	1.001	0.271	0.024	0.000	0.000	0.000	0.365	0.141	0.094
93.000	0.047	0.047	0.130	0.047	0.000	0.012	0.000	0.047	1.001	0.024	0.000	0.000	0.000	0.000	0.530	0.000	0.000	0.000	0.000	0.000	0.047	0.342	0.000	0.000	0.000	0.000	0.342	1.001	0.342	0.165	0.000	0.000	0.000	0.542	0.012	0.000
94.000	0.047	0.153	0.506	0.071	0.000	0.000	0.071	0.165	1.001	0.047	0.035	0.024	0.000	0.000	0.035	0.000	0.000	0.000	0.000	0.000	0.000	0.082	0.000	0.000	0.000	0.000	0.271	1.001	0.188	0.094	0.000	0.000	0.000	0.071	0.200	0.000
95.000	0.000	0.012	0.212	0.330	0.059	0.082	0.024	0.224	1.001	0.212	0.000	0.000	0.047	0.059	0.024	0.012	0.000	0.024	0.000	0.000	0.000	0.271	0.059	0.094	0.000	0.000	0.436	1.001	0.342	0.047	0.000	0.000	0.000	0.436	0.130	0.035
96.000	0.024	0.035	0.224	0.012	0.000	0.000	0.024	0.447	1.001	0.047	0.059	0.035	0.035	0.035	0.094	0.000	0.000	0.000	0.000	0.012	0.000	0.188	0.141	0.000	0.000	0.000	0.530	1.001	0.224	0.047	0.000	0.000	0.000	0.294	0.012	0.082
97.000	0.130	0.106	0.365	0.094	0.035	0.024	0.000	0.071	0.989	0.188	0.047	0.047	0.000	0.000	0.000	0.012	0.000	0.000	0.000	0.000	0.000	0.130	0.106	0.000	0.000	0.000	0.153	0.989	0.424	0.153	0.000	0.000	0.000	0.577	0.024	0.000
98.000	0.012	0.024	0.165	0.012	0.000	0.000	0.000	0.353	1.001	0.071	0.000	0.000	0.000	0.035	0.118	0.000	0.000	0.000	0.000	0.000	0.000	0.212	0.000	0.000	0.000	0.000	0.212	1.001	0.283	0.306	0.000	0.000	0.000	0.330	0.141	0.094
99.000	0.118	0.259	0.483	0.082	0.047	0.024	0.000	0.118	1.001	0.047	0.000	0.000	0.000	0.071	0.024	0.012	0.000	0.000	0.000	0.000	0.000	0.224	0.047	0.000	0.000	0.000	0.412	1.001	0.224	0.094	0.000	0.000	0.000	0.412	0.071	0.035
100.000	0.047	0.071	0.330	0.059	0.012	0.012	0.035	0.236	1.001	0.071	0.000	0.000	0.000	0.012	0.259	0.000	0.000	0.000	0.000	0.000	0.000	0.118	0.000	0.000	0.000	0.000	0.200	1.001	0.177	0.000	0.000	0.000	0.000	0.412	0.094	0.047
101.000	0.024	0.000	0.271	0.071	0.059	0.012	0.153	0.294	1.001	0.000	0.000	0.000	0.047	0.082	0.177	0.000	0.000	0.000	0.000	0.000	0.059	0.412	0.153	0.035	0.000	0.000	0.483	1.001	0.106	0.012	0.000	0.000	0.000	0.824	0.000	0.000
102.000	0.000	0.012	0.188	0.024	0.000	0.000	0.012	0.118	1.001	0.365	0.012	0.000	0.012	0.047	0.247	0.024	0.000	0.000	0.000	0.000	0.047	0.330	0.000	0.024	0.000	0.000	0.318	1.001	0.012	0.000	0.000	0.000	0.000	0.518	0.000	0.000
103.000	0.024	0.035	0.130	0.094	0.047	0.024	0.094	0.177	1.001	0.236	0.035	0.012	0.000	0.000	0.000	0.000	0.000	0.000	0.000	0.000	0.000	0.259	0.000	0.000	0.000	0.000	0.212	1.001	0.365	0.047	0.000	0.000	0.000	0.130	0.094	0.012
104.000	0.035	0.047	0.024	0.000	0.000	0.000	0.000	0.094	1.001	0.106	0.000	0.000	0.000	0.000	0.094	0.000	0.000	0.000	0.000	0.000	0.071	0.259	0.000	0.000	0.000	0.000	0.071	1.001	0.012	0.012	0.000	0.000	0.000	0.624	0.000	0.000
105.000	0.106	0.236	0.342	0.047	0.024	0.000	0.082	0.094	1.001	0.306	0.000	0.000	0.000	0.000	0.047	0.035	0.000	0.000	0.000	0.000	0.071	0.283	0.000	0.000	0.000	0.000	0.601	1.001	0.353	0.000	0.000	0.000	0.012	0.553	0.106	0.000
106.000	0.000	0.000	0.106	0.012	0.012	0.000	0.000	0.059	1.001	0.000	0.012	0.000	0.000	0.000	0.094	0.000	0.000	0.000	0.000	0.000	0.012	0.106	0.000	0.000	0.000	0.000	0.165	1.001	0.071	0.000	0.000	0.000	0.012	0.424	0.047	0.000
107.000	0.094	0.059	0.353	0.059	0.000	0.000	0.024	0.035	1.001	0.118	0.024	0.000	0.000	0.000	0.071	0.012	0.000	0.000	0.000	0.000	0.012	0.012	0.000	0.000	0.000	0.000	0.082	1.001	0.035	0.000	0.024	0.012	0.094	0.648	0.000	0.000
108.000	0.000	0.012	0.000	0.000	0.000	0.000	0.177	0.153	1.001	0.188	0.000	0.000	0.000	0.059	0.188	0.012	0.000	0.000	0.000	0.000	0.012	0.000	0.000	0.000	0.000	0.000	0.400	1.001	0.259	0.000	0.024	0.024	0.024	0.718	0.153	0.047
109.000	0.000	0.000	0.106	0.141	0.024	0.012	0.012	0.094	1.001	0.365	0.012	0.000	0.000	0.000	0.047	0.000	0.012	0.000	0.000	0.000	0.000	0.141	0.000	0.000	0.000	0.000	0.047	0.989	0.106	0.024	0.000	0.012	0.035	0.318	0.047	0.024
110.000	0.000	0.012	0.165	0.130	0.012	0.000	0.024	0.153	0.989	0.106	0.000	0.000	0.000	0.000	0.471	0.000	0.000	0.000	0.000	0.000	0.024	0.330	0.059	0.000	0.000	0.000	0.153	1.001	0.165	0.177	0.000	0.000	0.000	0.283	0.000	0.000
111.000	0.000	0.024	0.283	0.094	0.024	0.024	0.047	0.106	1.001	0.106	0.000	0.000	0.000	0.012	0.071	0.000	0.000	0.000	0.035	0.012	0.047	0.130	0.035	0.000	0.000	0.000	0.094	1.001	0.024	0.000	0.000	0.000	0.000	0.271	0.012	0.024
112.000	0.035	0.059	0.071	0.000	0.000	0.047	0.000	0.012	1.001	0.106	0.000	0.000	0.000	0.000	0.612	0.000	0.012	0.012	0.000	0.000	0.106	0.000	0.000	0.000	0.000	0.000	0.082	1.001	0.130	0.024	0.000	0.012	0.035	0.648	0.212	0.000
113.000	0.024	0.082	0.236	0.024	0.059	0.000	0.024	0.212	1.001	0.047	0.000	0.000	0.000	0.000	0.035	0.000	0.000	0.000	0.000	0.000	0.012	0.094	0.000	0.035	0.000	0.000	0.118	1.001	0.059	0.000	0.000	0.000	0.000	0.765	0.024	0.000
114.000	0.082	0.106	0.247	0.094	0.000	0.000	0.000	0.059	1.001	0.047	0.024	0.000	0.000	0.000	0.259	0.035	0.082	0.000	0.000	0.000	0.012	0.283	0.024	0.000	0.000	0.000	0.094	1.001	0.118	0.000	0.000	0.000	0.012	0.342	0.047	0.000
115.000	0.000	0.024	0.271	0.283	0.000	0.000	0.047	0.177	1.001	0.000	0.000	0.000	0.000	0.000	0.424	0.000	0.000	0.000	0.000	0.012	0.012	0.130	0.000	0.000	0.000	0.000	0.106	1.001	0.188	0.012	0.000	0.012	0.012	0.436	0.012	0.000
116.000	0.177	0.082	0.271	0.035	0.024	0.000	0.130	0.377	1.001	0.059	0.047	0.000	0.035	0.012	0.106	0.035	0.000	0.000	0.000	0.012	0.000	0.648	0.130	0.012	0.000	0.000	0.106	1.001	0.082	0.024	0.000	0.000	0.000	0.247	0.059	0.000
117.000	0.024	0.118	0.330	0.035	0.000	0.000	0.000	0.047	1.001	0.342	0.000	0.000	0.000	0.000	0.153	0.000	0.000	0.000	0.000	0.000	0.035	0.236	0.047	0.000	0.000	0.000	0.259	1.001	0.035	0.024	0.000	0.024	0.071	0.659	0.000	0.000
118.000	0.000	0.035	0.200	0.000	0.000	0.000	0.082	0.224	1.001	0.024	0.000	0.000	0.000	0.000	0.400	0.059	0.000	0.012	0.000	0.000	0.071	0.012	0.000	0.000	0.000	0.000	0.200	1.001	0.177	0.035	0.000	0.012	0.082	0.377	0.000	0.000
119.000	0.035	0.024	0.353	0.047	0.094	0.059	0.012	0.024	1.001	0.082	0.035	0.000	0.000	0.000	0.094	0.000	0.000	0.000	0.035	0.024	0.024	0.471	0.012	0.024	0.000	0.000	0.212	1.001	0.035	0.071	0.035	0.000	0.071	0.247	0.000	0.000
120.000	0.000	0.000	0.188	0.165	0.059	0.024	0.000	0.271	1.001	0.141	0.000	0.000	0.012	0.000	0.106	0.071	0.000	0.000	0.000	0.000	0.024	0.000	0.000	0.000	0.000	0.000	0.188	1.001	0.012	0.000	0.000	0.000	0.000	0.636	0.000	0.000
