Waf: Entering directory `/home/synrg/ns-3.30-obss/build'
Waf: Leaving directory `/home/synrg/ns-3.30-obss/build'
Build commands will be stored in build/compile_commands.json
'build' finished successfully (0.326s)
CreateVariables () DONE !!!
Creating 16 APs 30.00 and 30.00 m apart.
CreateApNodes () DONE !!!
Creating CL 10.00 m away from each AP.
CreateClNodes () DONE !!!
CreateNodes () DONE !!!
CreateMeshDevices () DONE !!!
CreateWifiDevices () DONE !!!
CreateCsmaDevices () DONE !!!
CreateDevices () DONE !!!
InstallInternetStack () DONE !!!
InstallApplications () DONE !!!
Starting simulation for 40.00 s ...
-------------------------------------------------
Time[s]	cl-0	cl-1	cl-2	cl-3	cl-4	cl-5	cl-6	cl-7	cl-8	cl-9	cl-10	cl-11	cl-12	cl-13	cl-14	cl-15
11.00	-1.00	-1.00	-1.00	0.23	-1.00	-1.00	-1.00	0.52	-1.00	-1.00	-1.00	0.00	-1.00	-1.00	-1.00	0.75
12.00	-1.00	-1.00	-1.00	0.00	-1.00	-1.00	-1.00	0.35	-1.00	-1.00	-1.00	1.10	-1.00	-1.00	-1.00	0.12
13.00	-1.00	-1.00	-1.00	0.46	-1.00	-1.00	-1.00	0.46	-1.00	-1.00	-1.00	0.70	-1.00	-1.00	-1.00	0.35
14.00	-1.00	-1.00	-1.00	0.52	-1.00	-1.00	-1.00	0.29	-1.00	-1.00	-1.00	0.46	-1.00	-1.00	-1.00	0.23
15.00	-1.00	-1.00	-1.00	0.00	-1.00	-1.00	-1.00	0.46	-1.00	-1.00	-1.00	0.98	-1.00	-1.00	-1.00	0.70
16.00	-1.00	-1.00	-1.00	0.46	-1.00	-1.00	-1.00	0.29	-1.00	-1.00	-1.00	0.46	-1.00	-1.00	-1.00	0.17
17.00	-1.00	-1.00	-1.00	0.54	-1.00	-1.00	-1.00	0.39	-1.00	-1.00	-1.00	0.86	-1.00	-1.00	-1.00	0.87
18.00	-1.00	-1.00	-1.00	0.44	-1.00	-1.00	-1.00	0.94	-1.00	-1.00	-1.00	0.71	-1.00	-1.00	-1.00	0.40
19.00	-1.00	-1.00	-1.00	0.64	-1.00	-1.00	-1.00	0.52	-1.00	-1.00	-1.00	0.23	-1.00	-1.00	-1.00	0.46
20.00	-1.00	-1.00	-1.00	0.23	-1.00	-1.00	-1.00	0.64	-1.00	-1.00	-1.00	0.23	-1.00	-1.00	-1.00	0.23
21.00	-1.00	-1.00	-1.00	0.35	-1.00	-1.00	-1.00	0.17	-1.00	-1.00	-1.00	0.64	-1.00	-1.00	-1.00	0.87
22.00	-1.00	-1.00	-1.00	0.87	-1.00	-1.00	-1.00	0.17	-1.00	-1.00	-1.00	0.46	-1.00	-1.00	-1.00	0.41
23.00	-1.00	-1.00	-1.00	0.46	-1.00	-1.00	-1.00	0.58	-1.00	-1.00	-1.00	0.58	-1.00	-1.00	-1.00	0.86
24.00	-1.00	-1.00	-1.00	0.06	-1.00	-1.00	-1.00	0.70	-1.00	-1.00	-1.00	0.75	-1.00	-1.00	-1.00	0.17
25.00	-1.00	-1.00	-1.00	0.46	-1.00	-1.00	-1.00	0.29	-1.00	-1.00	-1.00	0.38	-1.00	-1.00	-1.00	0.75
26.00	-1.00	-1.00	-1.00	0.35	-1.00	-1.00	-1.00	0.75	-1.00	-1.00	-1.00	1.01	-1.00	-1.00	-1.00	0.29
27.00	-1.00	-1.00	-1.00	0.41	-1.00	-1.00	-1.00	0.41	-1.00	-1.00	-1.00	0.70	-1.00	-1.00	-1.00	0.64
28.00	-1.00	-1.00	-1.00	0.41	-1.00	-1.00	-1.00	0.46	-1.00	-1.00	-1.00	0.79	-1.00	-1.00	-1.00	0.70
29.00	-1.00	-1.00	-1.00	0.64	-1.00	-1.00	-1.00	0.46	-1.00	-1.00	-1.00	0.42	-1.00	-1.00	-1.00	0.64
30.00	-1.00	-1.00	-1.00	0.35	-1.00	-1.00	-1.00	0.29	-1.00	-1.00	-1.00	0.41	-1.00	-1.00	-1.00	0.35
31.00	-1.00	-1.00	-1.00	0.46	-1.00	-1.00	-1.00	0.70	-1.00	-1.00	-1.00	0.70	-1.00	-1.00	-1.00	0.87
32.00	-1.00	-1.00	-1.00	0.93	-1.00	-1.00	-1.00	0.23	-1.00	-1.00	-1.00	0.52	-1.00	-1.00	-1.00	0.64
33.00	-1.00	-1.00	-1.00	0.35	-1.00	-1.00	-1.00	0.75	-1.00	-1.00	-1.00	0.29	-1.00	-1.00	-1.00	0.52
34.00	-1.00	-1.00	-1.00	0.75	-1.00	-1.00	-1.00	0.52	-1.00	-1.00	-1.00	0.70	-1.00	-1.00	-1.00	0.46
35.00	-1.00	-1.00	-1.00	0.12	-1.00	-1.00	-1.00	0.29	-1.00	-1.00	-1.00	0.81	-1.00	-1.00	-1.00	0.12
36.00	-1.00	-1.00	-1.00	0.98	-1.00	-1.00	-1.00	0.52	-1.00	-1.00	-1.00	0.81	-1.00	-1.00	-1.00	0.46
37.00	-1.00	-1.00	-1.00	0.23	-1.00	-1.00	-1.00	0.75	-1.00	-1.00	-1.00	0.70	-1.00	-1.00	-1.00	0.17
38.00	-1.00	-1.00	-1.00	0.98	-1.00	-1.00	-1.00	0.52	-1.00	-1.00	-1.00	0.23	-1.00	-1.00	-1.00	0.12
39.00	-1.00	-1.00	-1.00	0.29	-1.00	-1.00	-1.00	0.87	-1.00	-1.00	-1.00	0.58	-1.00	-1.00	-1.00	0.87
10.1.1.12	0.66	7087.10
10.1.1.8	0.54	6794.52
10.1.1.16	0.54	6008.43
10.1.1.4	0.50	7005.02
