Waf: Entering directory `/home/synrg/ns-3.30-obss/build'
Waf: Leaving directory `/home/synrg/ns-3.30-obss/build'
Build commands will be stored in build/compile_commands.json
'build' finished successfully (0.356s)
CreateVariables () DONE !!!
Creating 16 APs 30.00 and 30.00 m apart.
CreateApNodes () DONE !!!
Creating CL 10.00 m away from each AP.
CreateClNodes () DONE !!!
CreateNodes () DONE !!!
CreateMeshDevices () DONE !!!
CreateWifiDevices () DONE !!!
CreateCsmaDevices () DONE !!!
CreateDevices () DONE !!!
InstallInternetStack () DONE !!!
InstallApplications () DONE !!!
Starting simulation for 40.00 s ...
-------------------------------------------------
Time[s]	cl-0	cl-1	cl-2	cl-3	cl-4	cl-5	cl-6	cl-7	cl-8	cl-9	cl-10	cl-11	cl-12	cl-13	cl-14	cl-15
11.00	-1.00	-1.00	-1.00	0.35	-1.00	-1.00	-1.00	0.12	-1.00	-1.00	-1.00	0.35	-1.00	-1.00	-1.00	0.00
12.00	-1.00	-1.00	-1.00	0.52	-1.00	-1.00	-1.00	0.52	-1.00	-1.00	-1.00	0.06	-1.00	-1.00	-1.00	1.27
13.00	-1.00	-1.00	-1.00	1.16	-1.00	-1.00	-1.00	0.75	-1.00	-1.00	-1.00	0.93	-1.00	-1.00	-1.00	0.17
14.00	-1.00	-1.00	-1.00	0.93	-1.00	-1.00	-1.00	0.46	-1.00	-1.00	-1.00	0.46	-1.00	-1.00	-1.00	0.93
15.00	-1.00	-1.00	-1.00	0.46	-1.00	-1.00	-1.00	0.52	-1.00	-1.00	-1.00	0.64	-1.00	-1.00	-1.00	0.75
16.00	-1.00	-1.00	-1.00	0.75	-1.00	-1.00	-1.00	0.46	-1.00	-1.00	-1.00	1.04	-1.00	-1.00	-1.00	0.52
17.00	-1.00	-1.00	-1.00	0.58	-1.00	-1.00	-1.00	0.70	-1.00	-1.00	-1.00	0.29	-1.00	-1.00	-1.00	0.81
18.00	-1.00	-1.00	-1.00	0.30	-1.00	-1.00	-1.00	0.58	-1.00	-1.00	-1.00	0.98	-1.00	-1.00	-1.00	0.93
19.00	-1.00	-1.00	-1.00	1.04	-1.00	-1.00	-1.00	0.29	-1.00	-1.00	-1.00	0.52	-1.00	-1.00	-1.00	0.81
20.00	-1.00	-1.00	-1.00	0.17	-1.00	-1.00	-1.00	0.64	-1.00	-1.00	-1.00	0.41	-1.00	-1.00	-1.00	1.10
21.00	-1.00	-1.00	-1.00	0.70	-1.00	-1.00	-1.00	0.46	-1.00	-1.00	-1.00	0.75	-1.00	-1.00	-1.00	0.52
22.00	-1.00	-1.00	-1.00	0.52	-1.00	-1.00	-1.00	0.41	-1.00	-1.00	-1.00	0.41	-1.00	-1.00	-1.00	0.76
23.00	-1.00	-1.00	-1.00	0.75	-1.00	-1.00	-1.00	0.58	-1.00	-1.00	-1.00	0.52	-1.00	-1.00	-1.00	0.39
24.00	-1.00	-1.00	-1.00	0.80	-1.00	-1.00	-1.00	0.93	-1.00	-1.00	-1.00	0.70	-1.00	-1.00	-1.00	0.71
25.00	-1.00	-1.00	-1.00	0.70	-1.00	-1.00	-1.00	0.23	-1.00	-1.00	-1.00	0.23	-1.00	-1.00	-1.00	0.52
26.00	-1.00	-1.00	-1.00	0.98	-1.00	-1.00	-1.00	0.81	-1.00	-1.00	-1.00	0.17	-1.00	-1.00	-1.00	0.72
27.00	-1.00	-1.00	-1.00	0.12	-1.00	-1.00	-1.00	0.29	-1.00	-1.00	-1.00	0.87	-1.00	-1.00	-1.00	0.55
28.00	-1.00	-1.00	-1.00	0.46	-1.00	-1.00	-1.00	0.70	-1.00	-1.00	-1.00	0.06	-1.00	-1.00	-1.00	0.87
29.00	-1.00	-1.00	-1.00	0.29	-1.00	-1.00	-1.00	0.46	-1.00	-1.00	-1.00	0.98	-1.00	-1.00	-1.00	0.52
30.00	-1.00	-1.00	-1.00	0.58	-1.00	-1.00	-1.00	0.98	-1.00	-1.00	-1.00	0.06	-1.00	-1.00	-1.00	1.09
31.00	-1.00	-1.00	-1.00	1.10	-1.00	-1.00	-1.00	0.46	-1.00	-1.00	-1.00	0.52	-1.00	-1.00	-1.00	0.65
32.00	-1.00	-1.00	-1.00	1.04	-1.00	-1.00	-1.00	0.41	-1.00	-1.00	-1.00	0.06	-1.00	-1.00	-1.00	1.04
33.00	-1.00	-1.00	-1.00	0.93	-1.00	-1.00	-1.00	0.52	-1.00	-1.00	-1.00	0.75	-1.00	-1.00	-1.00	0.81
34.00	-1.00	-1.00	-1.00	0.60	-1.00	-1.00	-1.00	0.68	-1.00	-1.00	-1.00	0.32	-1.00	-1.00	-1.00	0.25
35.00	-1.00	-1.00	-1.00	0.11	-1.00	-1.00	-1.00	0.54	-1.00	-1.00	-1.00	0.49	-1.00	-1.00	-1.00	1.08
36.00	-1.00	-1.00	-1.00	1.20	-1.00	-1.00	-1.00	0.87	-1.00	-1.00	-1.00	0.87	-1.00	-1.00	-1.00	0.35
37.00	-1.00	-1.00	-1.00	0.23	-1.00	-1.00	-1.00	0.70	-1.00	-1.00	-1.00	0.58	-1.00	-1.00	-1.00	0.52
38.00	-1.00	-1.00	-1.00	0.30	-1.00	-1.00	-1.00	0.29	-1.00	-1.00	-1.00	1.04	-1.00	-1.00	-1.00	0.12
39.00	-1.00	-1.00	-1.00	0.00	-1.00	-1.00	-1.00	0.98	-1.00	-1.00	-1.00	0.64	-1.00	-1.00	-1.00	0.52
10.1.1.12	0.60	9893.55
10.1.1.4	0.71	7525.46
10.1.1.16	0.75	7936.41
10.1.1.8	0.63	9907.76
