Waf: Entering directory `/home/synrg/ns-3.30-obss/build'
Waf: Leaving directory `/home/synrg/ns-3.30-obss/build'
Build commands will be stored in build/compile_commands.json
'build' finished successfully (0.344s)
CreateVariables () DONE !!!
Creating 16 APs 30.00 and 30.00 m apart.
CreateApNodes () DONE !!!
Creating CL 10.00 m away from each AP.
CreateClNodes () DONE !!!
CreateNodes () DONE !!!
CreateMeshDevices () DONE !!!
CreateWifiDevices () DONE !!!
CreateCsmaDevices () DONE !!!
CreateDevices () DONE !!!
InstallInternetStack () DONE !!!
InstallApplications () DONE !!!
Starting simulation for 40.00 s ...
-------------------------------------------------
Time[s]	cl-0	cl-1	cl-2	cl-3	cl-4	cl-5	cl-6	cl-7	cl-8	cl-9	cl-10	cl-11	cl-12	cl-13	cl-14	cl-15
11.00	-1.00	-1.00	-1.00	0.52	-1.00	-1.00	-1.00	0.23	-1.00	-1.00	-1.00	0.52	-1.00	-1.00	-1.00	0.87
12.00	-1.00	-1.00	-1.00	0.70	-1.00	-1.00	-1.00	0.81	-1.00	-1.00	-1.00	0.64	-1.00	-1.00	-1.00	0.64
13.00	-1.00	-1.00	-1.00	0.98	-1.00	-1.00	-1.00	0.75	-1.00	-1.00	-1.00	0.64	-1.00	-1.00	-1.00	0.64
14.00	-1.00	-1.00	-1.00	0.35	-1.00	-1.00	-1.00	0.65	-1.00	-1.00	-1.00	0.46	-1.00	-1.00	-1.00	0.57
15.00	-1.00	-1.00	-1.00	0.58	-1.00	-1.00	-1.00	0.62	-1.00	-1.00	-1.00	0.64	-1.00	-1.00	-1.00	0.00
16.00	-1.00	-1.00	-1.00	0.54	-1.00	-1.00	-1.00	0.19	-1.00	-1.00	-1.00	0.93	-1.00	-1.00	-1.00	1.05
17.00	-1.00	-1.00	-1.00	0.39	-1.00	-1.00	-1.00	0.85	-1.00	-1.00	-1.00	0.64	-1.00	-1.00	-1.00	0.17
18.00	-1.00	-1.00	-1.00	0.81	-1.00	-1.00	-1.00	0.52	-1.00	-1.00	-1.00	0.46	-1.00	-1.00	-1.00	0.17
19.00	-1.00	-1.00	-1.00	0.70	-1.00	-1.00	-1.00	0.64	-1.00	-1.00	-1.00	0.98	-1.00	-1.00	-1.00	1.10
20.00	-1.00	-1.00	-1.00	0.58	-1.00	-1.00	-1.00	0.75	-1.00	-1.00	-1.00	0.87	-1.00	-1.00	-1.00	0.29
21.00	-1.00	-1.00	-1.00	0.46	-1.00	-1.00	-1.00	0.52	-1.00	-1.00	-1.00	0.35	-1.00	-1.00	-1.00	0.46
22.00	-1.00	-1.00	-1.00	0.64	-1.00	-1.00	-1.00	0.93	-1.00	-1.00	-1.00	0.64	-1.00	-1.00	-1.00	0.81
23.00	-1.00	-1.00	-1.00	1.04	-1.00	-1.00	-1.00	0.35	-1.00	-1.00	-1.00	0.41	-1.00	-1.00	-1.00	1.03
24.00	-1.00	-1.00	-1.00	0.64	-1.00	-1.00	-1.00	0.52	-1.00	-1.00	-1.00	0.23	-1.00	-1.00	-1.00	0.42
25.00	-1.00	-1.00	-1.00	0.98	-1.00	-1.00	-1.00	0.35	-1.00	-1.00	-1.00	0.41	-1.00	-1.00	-1.00	0.41
26.00	-1.00	-1.00	-1.00	0.41	-1.00	-1.00	-1.00	0.93	-1.00	-1.00	-1.00	1.10	-1.00	-1.00	-1.00	0.98
27.00	-1.00	-1.00	-1.00	0.58	-1.00	-1.00	-1.00	0.98	-1.00	-1.00	-1.00	0.52	-1.00	-1.00	-1.00	0.75
28.00	-1.00	-1.00	-1.00	0.98	-1.00	-1.00	-1.00	0.52	-1.00	-1.00	-1.00	0.23	-1.00	-1.00	-1.00	0.29
29.00	-1.00	-1.00	-1.00	0.17	-1.00	-1.00	-1.00	0.35	-1.00	-1.00	-1.00	1.04	-1.00	-1.00	-1.00	0.35
30.00	-1.00	-1.00	-1.00	1.10	-1.00	-1.00	-1.00	0.00	-1.00	-1.00	-1.00	0.23	-1.00	-1.00	-1.00	0.06
31.00	-1.00	-1.00	-1.00	0.46	-1.00	-1.00	-1.00	0.52	-1.00	-1.00	-1.00	1.10	-1.00	-1.00	-1.00	1.04
32.00	-1.00	-1.00	-1.00	0.41	-1.00	-1.00	-1.00	0.93	-1.00	-1.00	-1.00	0.35	-1.00	-1.00	-1.00	0.58
33.00	-1.00	-1.00	-1.00	0.46	-1.00	-1.00	-1.00	0.87	-1.00	-1.00	-1.00	0.64	-1.00	-1.00	-1.00	0.93
34.00	-1.00	-1.00	-1.00	0.98	-1.00	-1.00	-1.00	0.81	-1.00	-1.00	-1.00	0.64	-1.00	-1.00	-1.00	0.52
35.00	-1.00	-1.00	-1.00	0.46	-1.00	-1.00	-1.00	0.23	-1.00	-1.00	-1.00	0.46	-1.00	-1.00	-1.00	0.98
36.00	-1.00	-1.00	-1.00	0.58	-1.00	-1.00	-1.00	0.70	-1.00	-1.00	-1.00	0.98	-1.00	-1.00	-1.00	0.23
37.00	-1.00	-1.00	-1.00	0.52	-1.00	-1.00	-1.00	0.23	-1.00	-1.00	-1.00	0.70	-1.00	-1.00	-1.00	0.41
38.00	-1.00	-1.00	-1.00	0.58	-1.00	-1.00	-1.00	0.84	-1.00	-1.00	-1.00	0.57	-1.00	-1.00	-1.00	0.35
39.00	-1.00	-1.00	-1.00	0.00	-1.00	-1.00	-1.00	0.90	-1.00	-1.00	-1.00	0.58	-1.00	-1.00	-1.00	0.87
10.1.1.8	0.66	5662.94
10.1.1.12	0.68	5681.26
10.1.1.4	0.68	5252.00
10.1.1.16	0.64	5475.54
