Waf: Entering directory `/home/synrg/ns-3.30-obss/build'
Waf: Leaving directory `/home/synrg/ns-3.30-obss/build'
Build commands will be stored in build/compile_commands.json
'build' finished successfully (0.520s)
CreateVariables () DONE !!!
Creating 16 APs 30.00 and 30.00 m apart.
CreateApNodes () DONE !!!
Creating CL 10.00 m away from each AP.
CreateClNodes () DONE !!!
CreateNodes () DONE !!!
CreateMeshDevices () DONE !!!
CreateWifiDevices () DONE !!!
CreateCsmaDevices () DONE !!!
CreateDevices () DONE !!!
InstallInternetStack () DONE !!!
InstallApplications () DONE !!!
Starting simulation for 40.00 s ...
-------------------------------------------------
Time[s]	cl-0	cl-1	cl-2	cl-3	cl-4	cl-5	cl-6	cl-7	cl-8	cl-9	cl-10	cl-11	cl-12	cl-13	cl-14	cl-15
11.00	-1.00	-1.00	-1.00	0.52	-1.00	-1.00	-1.00	0.35	-1.00	-1.00	-1.00	0.41	-1.00	-1.00	-1.00	0.52
12.00	-1.00	-1.00	-1.00	0.35	-1.00	-1.00	-1.00	0.35	-1.00	-1.00	-1.00	0.12	-1.00	-1.00	-1.00	0.23
13.00	-1.00	-1.00	-1.00	0.29	-1.00	-1.00	-1.00	0.35	-1.00	-1.00	-1.00	0.17	-1.00	-1.00	-1.00	0.12
14.00	-1.00	-1.00	-1.00	0.23	-1.00	-1.00	-1.00	0.17	-1.00	-1.00	-1.00	0.46	-1.00	-1.00	-1.00	0.35
15.00	-1.00	-1.00	-1.00	0.06	-1.00	-1.00	-1.00	0.17	-1.00	-1.00	-1.00	0.23	-1.00	-1.00	-1.00	0.41
16.00	-1.00	-1.00	-1.00	0.35	-1.00	-1.00	-1.00	0.12	-1.00	-1.00	-1.00	0.52	-1.00	-1.00	-1.00	0.46
17.00	-1.00	-1.00	-1.00	0.17	-1.00	-1.00	-1.00	0.58	-1.00	-1.00	-1.00	0.23	-1.00	-1.00	-1.00	0.12
18.00	-1.00	-1.00	-1.00	0.46	-1.00	-1.00	-1.00	0.41	-1.00	-1.00	-1.00	0.35	-1.00	-1.00	-1.00	0.41
19.00	-1.00	-1.00	-1.00	0.29	-1.00	-1.00	-1.00	0.23	-1.00	-1.00	-1.00	0.17	-1.00	-1.00	-1.00	0.46
20.00	-1.00	-1.00	-1.00	0.41	-1.00	-1.00	-1.00	0.29	-1.00	-1.00	-1.00	0.46	-1.00	-1.00	-1.00	0.35
21.00	-1.00	-1.00	-1.00	0.12	-1.00	-1.00	-1.00	0.29	-1.00	-1.00	-1.00	0.29	-1.00	-1.00	-1.00	0.35
22.00	-1.00	-1.00	-1.00	0.23	-1.00	-1.00	-1.00	0.35	-1.00	-1.00	-1.00	0.29	-1.00	-1.00	-1.00	0.12
23.00	-1.00	-1.00	-1.00	0.35	-1.00	-1.00	-1.00	0.17	-1.00	-1.00	-1.00	0.35	-1.00	-1.00	-1.00	0.46
24.00	-1.00	-1.00	-1.00	0.35	-1.00	-1.00	-1.00	0.46	-1.00	-1.00	-1.00	0.12	-1.00	-1.00	-1.00	0.23
25.00	-1.00	-1.00	-1.00	0.35	-1.00	-1.00	-1.00	0.46	-1.00	-1.00	-1.00	0.17	-1.00	-1.00	-1.00	0.41
26.00	-1.00	-1.00	-1.00	0.29	-1.00	-1.00	-1.00	0.12	-1.00	-1.00	-1.00	0.12	-1.00	-1.00	-1.00	0.17
27.00	-1.00	-1.00	-1.00	0.23	-1.00	-1.00	-1.00	0.06	-1.00	-1.00	-1.00	0.23	-1.00	-1.00	-1.00	0.35
28.00	-1.00	-1.00	-1.00	0.52	-1.00	-1.00	-1.00	0.58	-1.00	-1.00	-1.00	0.52	-1.00	-1.00	-1.00	0.06
29.00	-1.00	-1.00	-1.00	0.46	-1.00	-1.00	-1.00	0.23	-1.00	-1.00	-1.00	0.29	-1.00	-1.00	-1.00	0.23
30.00	-1.00	-1.00	-1.00	0.46	-1.00	-1.00	-1.00	0.29	-1.00	-1.00	-1.00	0.46	-1.00	-1.00	-1.00	0.41
31.00	-1.00	-1.00	-1.00	0.23	-1.00	-1.00	-1.00	0.06	-1.00	-1.00	-1.00	0.17	-1.00	-1.00	-1.00	0.23
32.00	-1.00	-1.00	-1.00	0.52	-1.00	-1.00	-1.00	0.52	-1.00	-1.00	-1.00	0.46	-1.00	-1.00	-1.00	0.46
33.00	-1.00	-1.00	-1.00	0.35	-1.00	-1.00	-1.00	0.17	-1.00	-1.00	-1.00	0.12	-1.00	-1.00	-1.00	0.12
34.00	-1.00	-1.00	-1.00	0.29	-1.00	-1.00	-1.00	0.35	-1.00	-1.00	-1.00	0.12	-1.00	-1.00	-1.00	0.46
35.00	-1.00	-1.00	-1.00	0.18	-1.00	-1.00	-1.00	0.29	-1.00	-1.00	-1.00	0.29	-1.00	-1.00	-1.00	0.46
36.00	-1.00	-1.00	-1.00	0.63	-1.00	-1.00	-1.00	0.52	-1.00	-1.00	-1.00	0.12	-1.00	-1.00	-1.00	0.29
37.00	-1.00	-1.00	-1.00	0.41	-1.00	-1.00	-1.00	0.29	-1.00	-1.00	-1.00	0.35	-1.00	-1.00	-1.00	0.46
38.00	-1.00	-1.00	-1.00	0.12	-1.00	-1.00	-1.00	0.12	-1.00	-1.00	-1.00	0.29	-1.00	-1.00	-1.00	0.29
39.00	-1.00	-1.00	-1.00	0.41	-1.00	-1.00	-1.00	0.41	-1.00	-1.00	-1.00	0.12	-1.00	-1.00	-1.00	0.12
10.1.1.8	0.33	3865.59
10.1.1.12	0.30	3920.36
10.1.1.4	0.37	3796.34
10.1.1.16	0.35	3603.08
