Waf: Entering directory `/home/ubuntu/ns-3.30-obss/build'
Waf: Leaving directory `/home/ubuntu/ns-3.30-obss/build'
Build commands will be stored in build/compile_commands.json
'build' finished successfully (0.760s)
--------------------------Rate[Kbps]--------------------------
Time[s]	cl-1	cl-2	cl-3	cl-4	cl-5	cl-6	cl-7	cl-8	cl-9	cl-10	cl-11	cl-12
60	14	14	14.4	15.4	13.6	13.4	14.8	13	15.8	12.8	11	15.6
61	716.8	896	697.6	0	668.8	560	451.2	656	659.2	752	608	678.4
62	873.6	825.6	512	0	684.8	544	416	841.6	825.6	704	560	467.2
63	614.4	985.6	889.6	0	230.4	412.8	556.8	710.4	691.2	444.8	761.6	812.8
64	451.2	454.4	416	0	659.2	928	912	748.8	416	467.2	444.8	464
65	678.4	601.6	838.4	0	272	409.6	460.8	739.2	713.6	643.2	483.2	499.2
66	563.2	294.4	428.8	0	553.6	326.4	515.2	652.8	592	400	588.8	569.6
67	700.8	579.2	540.8	0	524.8	624	649.6	355.2	604.8	566.4	656	364.8
68	368	684.8	534.4	0	579.2	544	521.6	700.8	521.6	569.6	400	480
69	534.4	537.6	524.8	0	572.8	614.4	246.4	201.6	473.6	432	710.4	992
70	966.4	652.8	780.8	0	684.8	595.2	352	579.2	409.6	489.6	611.2	569.6
71	515.2	448	428.8	0	518.4	662.4	790.4	748.8	476.8	377.6	681.6	576
72	371.2	707.2	422.4	0	342.4	377.6	620.8	617.6	739.2	534.4	681.6	620.8
73	646.4	534.4	432	0	611.2	806.4	672	406.4	758.4	464	700.8	473.6
74	259.2	841.6	492.8	0	793.6	508.8	460.8	598.4	499.2	486.4	723.2	643.2
75	444.8	345.6	534.4	0	387.2	902.4	787.2	505.6	112	208	585.6	278.4
76	457.6	400	211.2	0	307.2	201.6	473.6	534.4	985.6	816	851.2	723.2
77	464	486.4	576	0	700.8	889.6	630.4	771.2	540.8	524.8	528	643.2
78	368	595.2	672	0	691.2	627.2	272	633.6	208	278.4	515.2	774.4
79	544	380.8	515.2	0	540.8	688	480	585.6	569.6	678.4	473.6	438.4
80	627.2	524.8	832	0	796.8	800	633.6	435.2	390.4	630.4	646.4	544
81	486.4	694.4	694.4	0	553.6	460.8	422.4	502.4	995.2	713.6	524.8	524.8
82	729.6	505.6	454.4	0	496	553.6	1052.8	880	281.6	192	448	656
83	691.2	492.8	739.2	0	716.8	473.6	649.6	460.8	499.2	393.6	486.4	505.6
84	400	720	572.8	0	499.2	422.4	563.2	451.2	860.8	816	742.4	726.4
85	425.6	432	544	0	624	579.2	611.2	441.6	588.8	1088	601.6	499.2
86	582.4	566.4	800	0	585.6	617.6	524.8	556.8	611.2	438.4	566.4	278.4
87	675.2	710.4	492.8	0	627.2	678.4	569.6	697.6	179.2	156.8	995.2	716.8
88	784	588.8	640	0	537.6	601.6	678.4	476.8	627.2	880	499.2	499.2
89	496	406.4	668.8	0	483.2	726.4	547.2	505.6	556.8	755.2	569.6	521.6
90	320	403.2	611.2	0	646.4	636.8	377.6	316.8	547.2	496	579.2	678.4
(1,0)	(2,3694)	(3,3978)	(4,1100)	
(1,0)	(2,1201)	(3,0)	(4,0)	
(1,0)	(2,1268)	(3,0)	(4,0)	
(1,0)	(2,1521)	(3,0)	(4,0)	
(1,0)	(2,1326)	(3,0)	(4,0)	
(1,0)	(2,0)	(3,0)	(4,0)	
(1,0)	(2,0)	(3,0)	(4,0)	
(1,0)	(2,0)	(3,0)	(4,0)	
(1,0)	(2,0)	(3,0)	(4,0)	
(1,0)	(2,0)	(3,0)	(4,0)	
(1,0)	(2,0)	(3,0)	(4,0)	
(1,0)	(2,0)	(3,0)	(4,0)	
(1,0)	(2,0)	(3,0)	(4,0)	
avg	558.507	576.533	583.253	0	562.987	592.427	563.307	577.067	564.48	546.56	607.467	573.973
delay	469.209	467.834	469.324	0.0649351	542.696	552.79	543.152	534.662	601.108	610.813	549.232	547.735
loss	0.169421	0.139896	0.137577	0	0.157434	0.368298	0.151515	0.353712	0.193277	0.402913	0.1002	0.36643
Command ['/home/ubuntu/ns-3.30-obss/build/scratch/simple-ofdma-adhoc6', '--ofdmaEnabled=true', '--startTime=60', '--totalTime=90', '--packetSize=4e3', '--dataMode=HeMcs3', '--datarate=20e6', '--ratio=0.375', '--RngRun=39', '--locationFile=locationtxt/locationFile42c.txt', '--routingFile=locationtxt/routingFile42.txt', '--appFile=locationtxt/appFile.txt', '--tcp=0', '--randomTime=true', '--qosDisabled=true'] terminated with signal SIGSEGV. Run it under a debugger to get more information (./waf --run <program> --command-template="gdb --args %s <args>").
