Waf: Entering directory `/home/ubuntu/ns-3.30-obss/build'
Waf: Leaving directory `/home/ubuntu/ns-3.30-obss/build'
Build commands will be stored in build/compile_commands.json
'build' finished successfully (1.005s)
--------------------------Rate[Kbps]--------------------------
Time[s]	cl-1	cl-2	cl-3	cl-4	cl-5	cl-6	cl-7	cl-8	cl-9	cl-10	cl-11	cl-12
60	13.2	16.2	15.6	13.4	15.2	15.4	13.8	12.6	14.8	18.8	12.4	16.4
61	745.6	358.4	630.4	0	764.8	620.8	595.2	576	681.6	675.2	665.6	364.8
62	643.2	467.2	617.6	0	908.8	691.2	790.4	768	777.6	652.8	566.4	835.2
63	563.2	857.6	665.6	0	604.8	620.8	633.6	451.2	790.4	556.8	748.8	614.4
64	643.2	947.2	652.8	0	592	803.2	678.4	582.4	736	617.6	694.4	739.2
65	611.2	758.4	710.4	0	524.8	364.8	723.2	931.2	720	710.4	512	672
66	710.4	592	617.6	0	950.4	886.4	620.8	419.2	678.4	550.4	633.6	758.4
67	822.4	659.2	806.4	0	524.8	809.6	796.8	611.2	745.6	624	812.8	624
68	726.4	640	601.6	0	544	816	777.6	854.4	585.6	569.6	636.8	668.8
69	908.8	614.4	534.4	0	790.4	614.4	787.2	592	761.6	841.6	627.2	604.8
70	809.6	617.6	694.4	0	860.8	697.6	425.6	828.8	659.2	691.2	675.2	470.4
71	617.6	707.2	732.8	0	480	585.6	656	492.8	614.4	745.6	908.8	550.4
72	620.8	627.2	502.4	0	569.6	604.8	921.6	864	332.8	406.4	716.8	694.4
73	585.6	790.4	643.2	0	620.8	912	553.6	643.2	803.2	864	739.2	713.6
74	624	630.4	880	0	828.8	659.2	435.2	608	499.2	844.8	934.4	534.4
75	681.6	521.6	780.8	0	809.6	675.2	428.8	566.4	688	601.6	508.8	560
76	678.4	652.8	796.8	0	729.6	627.2	579.2	976	694.4	566.4	403.2	499.2
77	704	675.2	531.2	0	604.8	726.4	864	614.4	518.4	633.6	931.2	857.6
78	483.2	662.4	742.4	0	704	777.6	627.2	694.4	764.8	880	515.2	752
79	646.4	435.2	640	0	604.8	585.6	432	710.4	748.8	585.6	777.6	688
80	784	678.4	691.2	0	659.2	768	521.6	739.2	662.4	700.8	838.4	681.6
81	688	668.8	534.4	0	953.6	825.6	784	502.4	723.2	748.8	249.6	464
82	633.6	540.8	790.4	0	505.6	672	720	720	464	454.4	656	800
83	736	691.2	688	0	812.8	982.4	569.6	681.6	732.8	748.8	492.8	665.6
84	838.4	656	716.8	0	812.8	899.2	550.4	364.8	838.4	595.2	643.2	630.4
85	742.4	803.2	777.6	0	486.4	486.4	643.2	934.4	636.8	464	633.6	828.8
86	502.4	668.8	492.8	0	848	870.4	726.4	982.4	620.8	643.2	684.8	694.4
87	697.6	633.6	633.6	0	470.4	582.4	787.2	608	742.4	608	630.4	739.2
88	592	563.2	784	0	976	963.2	611.2	604.8	755.2	553.6	576	550.4
89	748.8	678.4	774.4	0	684.8	556.8	643.2	902.4	800	707.2	512	249.6
90	697.6	713.6	659.2	0	784	777.6	838.4	480	681.6	774.4	896	742.4
(1,0)	(2,3732)	(3,3617)	(4,935)	
(1,0)	(2,1056)	(3,0)	(4,0)	
(1,0)	(2,1122)	(3,0)	(4,0)	
(1,0)	(2,1070)	(3,0)	(4,0)	
(1,0)	(2,754)	(3,0)	(4,0)	
(1,0)	(2,0)	(3,0)	(4,0)	
(1,0)	(2,0)	(3,0)	(4,0)	
(1,0)	(2,0)	(3,0)	(4,0)	
(1,0)	(2,0)	(3,0)	(4,0)	
(1,0)	(2,0)	(3,0)	(4,0)	
(1,0)	(2,0)	(3,0)	(4,0)	
(1,0)	(2,0)	(3,0)	(4,0)	
(1,0)	(2,0)	(3,0)	(4,0)	
avg	682.88	650.347	677.44	0	700.373	715.413	657.387	676.8	681.92	653.867	660.693	641.6
delay	99.4055	97.2749	95.95	0.0895522	139.619	138.718	163.604	165.725	150.795	150.504	125.105	132.478
loss	0	0.00268817	0	0	0.0025	0.00609756	0.0108108	0.0104712	0.0144231	0.00872093	0	0.0159574
Command ['/home/ubuntu/ns-3.30-obss/build/scratch/simple-ofdma-adhoc6', '--ofdmaEnabled=true', '--startTime=60', '--totalTime=90', '--packetSize=4e3', '--dataMode=HeMcs3', '--datarate=15e6', '--ratio=0.375', '--RngRun=44', '--locationFile=locationtxt/locationFile42c.txt', '--routingFile=locationtxt/routingFile42.txt', '--appFile=locationtxt/appFile.txt', '--tcp=0', '--randomTime=true', '--qosDisabled=true'] terminated with signal SIGSEGV. Run it under a debugger to get more information (./waf --run <program> --command-template="gdb --args %s <args>").
