Waf: Entering directory `/home/ubuntu/ns-3.30-obss/build'
Waf: Leaving directory `/home/ubuntu/ns-3.30-obss/build'
Build commands will be stored in build/compile_commands.json
'build' finished successfully (0.764s)
--------------------------Rate[Kbps]--------------------------
Time[s]	cl-1	cl-2	cl-3	cl-4	cl-5	cl-6	cl-7	cl-8	cl-9	cl-10	cl-11	cl-12
60	17	13	15.6	12.2	14.6	12.8	15.4	16.2	14	14	15.6	12.2
61	547.2	588.8	668.8	0	422.4	384	713.6	496	828.8	646.4	896	729.6
62	627.2	787.2	761.6	0	579.2	761.6	832	761.6	556.8	492.8	742.4	451.2
63	448	787.2	544	0	652.8	652.8	416	780.8	598.4	537.6	473.6	428.8
64	720	425.6	812.8	0	448	473.6	643.2	588.8	633.6	390.4	678.4	483.2
65	448	553.6	668.8	0	358.4	576	675.2	524.8	470.4	585.6	512	492.8
66	515.2	569.6	387.2	0	601.6	473.6	336	204.8	726.4	745.6	640	643.2
67	710.4	614.4	601.6	0	723.2	332.8	518.4	544	726.4	393.6	569.6	547.2
68	448	611.2	732.8	0	630.4	627.2	963.2	825.6	416	611.2	358.4	729.6
69	489.6	675.2	617.6	0	470.4	502.4	297.6	355.2	460.8	796.8	406.4	448
70	656	499.2	620.8	0	972.8	672	444.8	464	284.8	118.4	726.4	886.4
71	470.4	505.6	576	0	326.4	348.8	483.2	684.8	864	777.6	630.4	486.4
72	419.2	396.8	464	0	441.6	784	512	278.4	489.6	784	416	649.6
73	665.6	624	432	0	476.8	752	924.8	515.2	675.2	265.6	912	496
74	569.6	406.4	672	0	448	592	608	774.4	144	288	544	633.6
75	643.2	444.8	387.2	0	508.8	614.4	432	592	524.8	774.4	454.4	569.6
76	598.4	476.8	444.8	0	614.4	796.8	492.8	329.6	656	710.4	777.6	678.4
77	249.6	819.2	665.6	0	560	720	592	752	531.2	403.2	444.8	486.4
78	649.6	681.6	723.2	0	569.6	608	665.6	636.8	470.4	576	601.6	761.6
79	697.6	476.8	489.6	0	665.6	409.6	576	624	454.4	432	684.8	684.8
80	432	438.4	604.8	0	630.4	537.6	486.4	582.4	636.8	425.6	451.2	326.4
81	598.4	454.4	598.4	0	489.6	499.2	828.8	560	176	278.4	630.4	784
82	486.4	646.4	460.8	0	896	572.8	492.8	464	806.4	646.4	380.8	675.2
83	675.2	547.2	544	0	473.6	521.6	563.2	480	454.4	723.2	614.4	848
84	540.8	444.8	745.6	0	368	358.4	505.6	438.4	534.4	515.2	393.6	473.6
85	473.6	684.8	716.8	0	390.4	556.8	665.6	976	473.6	467.2	643.2	582.4
86	620.8	512	496	0	649.6	691.2	614.4	784	556.8	531.2	489.6	432
87	553.6	422.4	464	0	592	668.8	496	588.8	595.2	761.6	774.4	496
88	710.4	732.8	576	0	460.8	521.6	368	595.2	518.4	518.4	502.4	960
89	528	668.8	608	0	566.4	662.4	387.2	540.8	588.8	489.6	585.6	316.8
90	579.2	416	374.4	0	502.4	307.2	576	864	403.2	438.4	851.2	777.6
(1,0)	(2,3618)	(3,3995)	(4,1153)	
(1,0)	(2,1389)	(3,0)	(4,0)	
(1,0)	(2,1255)	(3,0)	(4,0)	
(1,0)	(2,1174)	(3,0)	(4,0)	
(1,0)	(2,1457)	(3,0)	(4,0)	
(1,0)	(2,0)	(3,0)	(4,0)	
(1,0)	(2,0)	(3,0)	(4,0)	
(1,0)	(2,0)	(3,0)	(4,0)	
(1,0)	(2,0)	(3,0)	(4,0)	
(1,0)	(2,0)	(3,0)	(4,0)	
(1,0)	(2,0)	(3,0)	(4,0)	
(1,0)	(2,0)	(3,0)	(4,0)	
(1,0)	(2,0)	(3,0)	(4,0)	
avg	559.04	563.733	581.973	0	549.653	565.973	570.347	586.88	541.867	537.493	592.853	598.613
delay	480.733	480.176	473.296	0.0655738	595.608	609.968	545.772	557.119	556.535	578.401	566.251	553.036
loss	0.142857	0.141414	0.363208	0	0.37381	0.402542	0.159601	0.170431	0.364532	0.150396	0.136585	0.341289
Command ['/home/ubuntu/ns-3.30-obss/build/scratch/simple-ofdma-adhoc6', '--ofdmaEnabled=true', '--startTime=60', '--totalTime=90', '--packetSize=4e3', '--dataMode=HeMcs3', '--datarate=20e6', '--ratio=0.375', '--RngRun=35', '--locationFile=locationtxt/locationFile42c.txt', '--routingFile=locationtxt/routingFile42.txt', '--appFile=locationtxt/appFile.txt', '--tcp=0', '--randomTime=true', '--qosDisabled=true'] terminated with signal SIGSEGV. Run it under a debugger to get more information (./waf --run <program> --command-template="gdb --args %s <args>").
