Waf: Entering directory `/home/ubuntu/ns-3.30-obss/build'
Waf: Leaving directory `/home/ubuntu/ns-3.30-obss/build'
Build commands will be stored in build/compile_commands.json
'build' finished successfully (0.570s)
--------------------------Rate[Kbps]--------------------------
Time[s]	cl-1	cl-2	cl-3	cl-4	cl-5	cl-6	cl-7	cl-8	cl-9	cl-10	cl-11	cl-12
60	12.2	13.8	15	15.6	10.8	17.2	16.6	13.6	18	16.2	15.2	15.2
61	233.6	217.6	195.2	0	252.8	201.6	163.2	153.6	124.8	198.4	201.6	179.2
62	275.2	163.2	240	0	185.6	233.6	163.2	243.2	233.6	201.6	243.2	147.2
63	147.2	179.2	227.2	0	249.6	195.2	281.6	192	252.8	259.2	131.2	163.2
64	217.6	249.6	217.6	0	185.6	208	166.4	195.2	188.8	300.8	227.2	272
65	224	211.2	249.6	0	256	236.8	192	291.2	240	249.6	265.6	144
66	236.8	227.2	179.2	0	243.2	272	198.4	153.6	265.6	252.8	233.6	272
67	259.2	195.2	249.6	0	195.2	227.2	233.6	211.2	176	217.6	259.2	243.2
68	204.8	217.6	124.8	0	208	204.8	243.2	249.6	224	224	227.2	163.2
69	185.6	179.2	227.2	0	275.2	233.6	256	230.4	249.6	275.2	265.6	249.6
70	195.2	188.8	169.6	0	224	217.6	217.6	224	220.8	313.6	179.2	224
71	240	288	217.6	0	252.8	256	140.8	243.2	201.6	256	300.8	204.8
72	291.2	176	259.2	0	256	201.6	179.2	275.2	201.6	256	249.6	182.4
73	243.2	259.2	230.4	0	163.2	243.2	259.2	179.2	259.2	188.8	204.8	195.2
74	211.2	243.2	153.6	0	156.8	185.6	275.2	185.6	211.2	236.8	281.6	262.4
75	144	297.6	192	0	281.6	169.6	188.8	185.6	243.2	169.6	265.6	233.6
76	179.2	243.2	281.6	0	227.2	307.2	179.2	195.2	265.6	272	147.2	249.6
77	204.8	185.6	179.2	0	217.6	185.6	201.6	217.6	208	304	268.8	224
78	217.6	291.2	227.2	0	217.6	227.2	265.6	169.6	201.6	243.2	211.2	201.6
79	169.6	217.6	217.6	0	185.6	185.6	172.8	201.6	217.6	201.6	169.6	243.2
80	156.8	259.2	211.2	0	304	259.2	313.6	249.6	336	236.8	220.8	204.8
81	217.6	256	176	0	265.6	243.2	262.4	265.6	163.2	224	233.6	224
82	313.6	227.2	195.2	0	185.6	153.6	220.8	204.8	265.6	259.2	300.8	188.8
83	185.6	227.2	243.2	0	160	208	272	217.6	259.2	217.6	185.6	201.6
84	188.8	243.2	192	0	211.2	262.4	291.2	147.2	185.6	227.2	268.8	249.6
85	233.6	233.6	224	0	169.6	243.2	201.6	188.8	249.6	201.6	307.2	275.2
86	236.8	291.2	185.6	0	217.6	227.2	220.8	236.8	208	217.6	272	236.8
87	281.6	249.6	297.6	0	291.2	227.2	259.2	185.6	204.8	163.2	185.6	236.8
88	201.6	259.2	265.6	0	185.6	220.8	227.2	252.8	195.2	265.6	329.6	204.8
89	211.2	211.2	211.2	0	195.2	153.6	265.6	224	208	227.2	275.2	224
90	224	201.6	201.6	0	179.2	227.2	211.2	304	227.2	227.2	265.6	272
(1,0)	(2,224)	(3,12)	(4,0)	
(1,0)	(2,12)	(3,0)	(4,0)	
(1,0)	(2,11)	(3,0)	(4,0)	
(1,0)	(2,7)	(3,0)	(4,0)	
(1,0)	(2,17)	(3,0)	(4,0)	
(1,0)	(2,0)	(3,0)	(4,0)	
(1,0)	(2,0)	(3,0)	(4,0)	
(1,0)	(2,0)	(3,0)	(4,0)	
(1,0)	(2,0)	(3,0)	(4,0)	
(1,0)	(2,0)	(3,0)	(4,0)	
(1,0)	(2,0)	(3,0)	(4,0)	
(1,0)	(2,0)	(3,0)	(4,0)	
(1,0)	(2,0)	(3,0)	(4,0)	
avg	217.707	229.653	214.72	0	219.947	220.587	224.107	215.787	222.933	236.267	239.253	219.093
delay	1.94309	0.576923	0.991453	0.0641026	1.05405	3.64463	1.32039	1.86555	1.7	1.24762	3.79433	4.08943
loss	0	0	0	0	0	0	0	0	0	0	0	0
Command ['/home/ubuntu/ns-3.30-obss/build/scratch/simple-ofdma-adhoc6', '--ofdmaEnabled=true', '--startTime=60', '--totalTime=90', '--packetSize=4e3', '--dataMode=HeMcs3', '--datarate=5e6', '--ratio=0.375', '--RngRun=19', '--locationFile=locationtxt/locationFile42c.txt', '--routingFile=locationtxt/routingFile42.txt', '--appFile=locationtxt/appFile.txt', '--tcp=0', '--randomTime=true', '--qosDisabled=true'] terminated with signal SIGSEGV. Run it under a debugger to get more information (./waf --run <program> --command-template="gdb --args %s <args>").
