Waf: Entering directory `/home/ubuntu/ns-3.30-obss/build'
Waf: Leaving directory `/home/ubuntu/ns-3.30-obss/build'
Build commands will be stored in build/compile_commands.json
'build' finished successfully (0.781s)
--------------------------Rate[Kbps]--------------------------
Time[s]	cl-1	cl-2	cl-3	cl-4	cl-5	cl-6	cl-7	cl-8	cl-9	cl-10	cl-11	cl-12
60	11.8	16.2	14.8	13.2	15.6	14.2	11.6	16.8	15.6	15.4	13.2	11.6
61	755.2	729.6	492.8	0	528	489.6	537.6	588.8	588.8	665.6	563.2	521.6
62	595.2	451.2	544	0	736	528	688	723.2	790.4	860.8	688	521.6
63	668.8	617.6	406.4	0	720	796.8	720	678.4	825.6	800	697.6	729.6
64	521.6	617.6	905.6	0	720	633.6	665.6	604.8	745.6	697.6	643.2	611.2
65	572.8	656	633.6	0	640	752	544	931.2	716.8	720	713.6	640
66	886.4	588.8	723.2	0	681.6	617.6	508.8	576	569.6	531.2	736	588.8
67	748.8	752	688	0	819.2	832	492.8	656	649.6	556.8	576	729.6
68	668.8	940.8	950.4	0	668.8	940.8	787.2	700.8	492.8	403.2	537.6	643.2
69	598.4	550.4	656	0	630.4	569.6	432	649.6	876.8	745.6	841.6	704
70	518.4	691.2	652.8	0	617.6	707.2	857.6	780.8	742.4	620.8	547.2	608
71	508.8	761.6	732.8	0	550.4	633.6	796.8	864	700.8	665.6	614.4	595.2
72	825.6	720	425.6	0	652.8	640	524.8	566.4	659.2	608	662.4	822.4
73	614.4	716.8	534.4	0	544	732.8	604.8	563.2	812.8	758.4	748.8	643.2
74	483.2	720	611.2	0	755.2	601.6	595.2	627.2	588.8	601.6	528	684.8
75	544	416	716.8	0	764.8	537.6	512	608	675.2	444.8	716.8	720
76	617.6	627.2	707.2	0	896	684.8	608	659.2	700.8	540.8	726.4	572.8
77	611.2	550.4	784	0	636.8	550.4	608	768	537.6	729.6	646.4	617.6
78	697.6	691.2	675.2	0	630.4	723.2	800	652.8	672	665.6	745.6	588.8
79	576	732.8	416	0	803.2	627.2	614.4	816	812.8	451.2	771.2	576
80	726.4	736	963.2	0	540.8	809.6	598.4	640	496	672	646.4	732.8
81	620.8	713.6	752	0	668.8	704	652.8	758.4	953.6	585.6	761.6	752
82	617.6	675.2	806.4	0	736	864	617.6	656	627.2	576	403.2	768
83	588.8	576	758.4	0	700.8	652.8	652.8	694.4	851.2	896	748.8	540.8
84	576	435.2	630.4	0	547.2	563.2	601.6	928	809.6	806.4	707.2	681.6
85	652.8	569.6	771.2	0	620.8	620.8	617.6	796.8	620.8	672	768	614.4
86	883.2	604.8	700.8	0	502.4	310.4	646.4	681.6	681.6	972.8	636.8	828.8
87	620.8	812.8	662.4	0	828.8	838.4	729.6	681.6	585.6	835.2	563.2	694.4
88	390.4	688	707.2	0	665.6	688	598.4	492.8	819.2	508.8	633.6	838.4
89	652.8	633.6	710.4	0	713.6	704	531.2	473.6	665.6	544	742.4	604.8
90	934.4	774.4	486.4	0	483.2	553.6	790.4	819.2	563.2	624	652.8	758.4
(1,0)	(2,3429)	(3,2471)	(4,562)	
(1,0)	(2,611)	(3,0)	(4,0)	
(1,0)	(2,712)	(3,0)	(4,0)	
(1,0)	(2,533)	(3,0)	(4,0)	
(1,0)	(2,568)	(3,0)	(4,0)	
(1,0)	(2,0)	(3,0)	(4,0)	
(1,0)	(2,0)	(3,0)	(4,0)	
(1,0)	(2,0)	(3,0)	(4,0)	
(1,0)	(2,0)	(3,0)	(4,0)	
(1,0)	(2,0)	(3,0)	(4,0)	
(1,0)	(2,0)	(3,0)	(4,0)	
(1,0)	(2,0)	(3,0)	(4,0)	
(1,0)	(2,0)	(3,0)	(4,0)	
avg	642.56	658.347	673.493	0	666.773	663.573	631.147	687.893	694.4	658.667	665.6	664.427
delay	27.9855	21.3849	22.5637	0.136364	37.1994	41.4111	51.8677	46.4098	45.9828	42.3866	44.1048	28.7695
loss	0	0	0	0	0	0.0026455	0.00263852	0.00607903	0.00342466	0.00833333	0.00534759	0.00645161
Command ['/home/ubuntu/ns-3.30-obss/build/scratch/simple-ofdma-adhoc6', '--ofdmaEnabled=true', '--startTime=60', '--totalTime=90', '--packetSize=4e3', '--dataMode=HeMcs3', '--datarate=15e6', '--ratio=0.375', '--RngRun=9', '--locationFile=locationtxt/locationFile42c.txt', '--routingFile=locationtxt/routingFile42.txt', '--appFile=locationtxt/appFile.txt', '--tcp=0', '--randomTime=true', '--qosDisabled=true'] terminated with signal SIGSEGV. Run it under a debugger to get more information (./waf --run <program> --command-template="gdb --args %s <args>").
