Waf: Entering directory `/home/jiaming/Downloads/Mesh_NS3/ns-3.30-obss (copy)/build'
Waf: Leaving directory `/home/jiaming/Downloads/Mesh_NS3/ns-3.30-obss (copy)/build'
Build commands will be stored in build/compile_commands.json
'build' finished successfully (0.432s)
CreateVariables () DONE !!!
Creating 16 APs 30.00 and 30.00 m apart.
CreateApNodes () DONE !!!
Creating CL 10.00 m away from each AP.
CreateClNodes () DONE !!!
CreateNodes () DONE !!!
CreateMeshDevices () DONE !!!
CreateWifiDevices () DONE !!!
CreateCsmaDevices () DONE !!!
CreateDevices () DONE !!!
InstallInternetStack () DONE !!!
InstallApplications () DONE !!!
Starting simulation for 40.00 s ...
-------------------------------------------------
Time[s]	cl-0	cl-1	cl-2	cl-3	cl-4	cl-5	cl-6	cl-7	cl-8	cl-9	cl-10	cl-11	cl-12	cl-13	cl-14	cl-15
11.00	-1.00	-1.00	-1.00	0.41	-1.00	-1.00	-1.00	0.06	-1.00	-1.00	-1.00	0.29	-1.00	-1.00	-1.00	0.12
12.00	-1.00	-1.00	-1.00	0.18	-1.00	-1.00	-1.00	0.41	-1.00	-1.00	-1.00	0.59	-1.00	-1.00	-1.00	0.18
13.00	-1.00	-1.00	-1.00	0.06	-1.00	-1.00	-1.00	0.35	-1.00	-1.00	-1.00	0.24	-1.00	-1.00	-1.00	0.53
14.00	-1.00	-1.00	-1.00	0.53	-1.00	-1.00	-1.00	0.24	-1.00	-1.00	-1.00	0.53	-1.00	-1.00	-1.00	0.24
15.00	-1.00	-1.00	-1.00	0.41	-1.00	-1.00	-1.00	0.71	-1.00	-1.00	-1.00	0.47	-1.00	-1.00	-1.00	0.18
16.00	-1.00	-1.00	-1.00	0.29	-1.00	-1.00	-1.00	0.35	-1.00	-1.00	-1.00	0.24	-1.00	-1.00	-1.00	0.35
17.00	-1.00	-1.00	-1.00	0.71	-1.00	-1.00	-1.00	0.77	-1.00	-1.00	-1.00	0.12	-1.00	-1.00	-1.00	0.47
18.00	-1.00	-1.00	-1.00	0.41	-1.00	-1.00	-1.00	0.24	-1.00	-1.00	-1.00	0.35	-1.00	-1.00	-1.00	0.41
19.00	-1.00	-1.00	-1.00	0.47	-1.00	-1.00	-1.00	0.59	-1.00	-1.00	-1.00	0.53	-1.00	-1.00	-1.00	0.53
20.00	-1.00	-1.00	-1.00	0.53	-1.00	-1.00	-1.00	0.29	-1.00	-1.00	-1.00	0.53	-1.00	-1.00	-1.00	0.18
21.00	-1.00	-1.00	-1.00	0.35	-1.00	-1.00	-1.00	0.24	-1.00	-1.00	-1.00	0.29	-1.00	-1.00	-1.00	0.77
22.00	-1.00	-1.00	-1.00	0.71	-1.00	-1.00	-1.00	0.71	-1.00	-1.00	-1.00	0.77	-1.00	-1.00	-1.00	0.47
23.00	-1.00	-1.00	-1.00	0.18	-1.00	-1.00	-1.00	0.65	-1.00	-1.00	-1.00	0.41	-1.00	-1.00	-1.00	0.06
24.00	-1.00	-1.00	-1.00	0.24	-1.00	-1.00	-1.00	0.35	-1.00	-1.00	-1.00	0.24	-1.00	-1.00	-1.00	0.47
25.00	-1.00	-1.00	-1.00	0.71	-1.00	-1.00	-1.00	0.41	-1.00	-1.00	-1.00	0.41	-1.00	-1.00	-1.00	0.59
26.00	-1.00	-1.00	-1.00	0.53	-1.00	-1.00	-1.00	0.24	-1.00	-1.00	-1.00	0.12	-1.00	-1.00	-1.00	0.24
27.00	-1.00	-1.00	-1.00	0.41	-1.00	-1.00	-1.00	0.29	-1.00	-1.00	-1.00	0.53	-1.00	-1.00	-1.00	0.35
28.00	-1.00	-1.00	-1.00	0.35	-1.00	-1.00	-1.00	0.71	-1.00	-1.00	-1.00	0.29	-1.00	-1.00	-1.00	0.24
29.00	-1.00	-1.00	-1.00	0.53	-1.00	-1.00	-1.00	0.29	-1.00	-1.00	-1.00	0.24	-1.00	-1.00	-1.00	0.59
30.00	-1.00	-1.00	-1.00	0.12	-1.00	-1.00	-1.00	0.29	-1.00	-1.00	-1.00	0.41	-1.00	-1.00	-1.00	0.59
31.00	-1.00	-1.00	-1.00	0.77	-1.00	-1.00	-1.00	0.59	-1.00	-1.00	-1.00	0.53	-1.00	-1.00	-1.00	0.53
32.00	-1.00	-1.00	-1.00	0.53	-1.00	-1.00	-1.00	0.06	-1.00	-1.00	-1.00	0.29	-1.00	-1.00	-1.00	0.47
33.00	-1.00	-1.00	-1.00	0.24	-1.00	-1.00	-1.00	0.77	-1.00	-1.00	-1.00	0.29	-1.00	-1.00	-1.00	0.29
34.00	-1.00	-1.00	-1.00	0.41	-1.00	-1.00	-1.00	0.24	-1.00	-1.00	-1.00	0.24	-1.00	-1.00	-1.00	0.18
35.00	-1.00	-1.00	-1.00	0.29	-1.00	-1.00	-1.00	0.41	-1.00	-1.00	-1.00	0.29	-1.00	-1.00	-1.00	0.35
36.00	-1.00	-1.00	-1.00	0.35	-1.00	-1.00	-1.00	0.65	-1.00	-1.00	-1.00	0.24	-1.00	-1.00	-1.00	0.65
37.00	-1.00	-1.00	-1.00	0.18	-1.00	-1.00	-1.00	0.06	-1.00	-1.00	-1.00	0.47	-1.00	-1.00	-1.00	0.59
38.00	-1.00	-1.00	-1.00	0.53	-1.00	-1.00	-1.00	0.47	-1.00	-1.00	-1.00	0.53	-1.00	-1.00	-1.00	0.53
39.00	-1.00	-1.00	-1.00	0.12	-1.00	-1.00	-1.00	0.47	-1.00	-1.00	-1.00	0.06	-1.00	-1.00	-1.00	0.24
10.1.1.4	0.39	4982.80
10.1.1.8	0.42	4060.90
10.1.1.12	0.37	4196.82
10.1.1.16	0.41	4944.63
