Waf: Entering directory `/home/jiaming/Downloads/Mesh_NS3/ns-3.30-obss/build'
Waf: Leaving directory `/home/jiaming/Downloads/Mesh_NS3/ns-3.30-obss/build'
Build commands will be stored in build/compile_commands.json
'build' finished successfully (0.428s)
CreateVariables () DONE !!!
Creating 16 APs 30.00 and 30.00 m apart.
CreateApNodes () DONE !!!
Creating CL 10.00 m away from each AP.
CreateClNodes () DONE !!!
CreateNodes () DONE !!!
CreateMeshDevices () DONE !!!
CreateWifiDevices () DONE !!!
CreateCsmaDevices () DONE !!!
CreateDevices () DONE !!!
InstallInternetStack () DONE !!!
InstallApplications () DONE !!!
Starting simulation for 40.00 s ...
-------------------------------------------------
Time[s]	cl-0	cl-1	cl-2	cl-3	cl-4	cl-5	cl-6	cl-7	cl-8	cl-9	cl-10	cl-11	cl-12	cl-13	cl-14	cl-15
11.00	-1.00	-1.00	-1.00	0.00	-1.00	-1.00	-1.00	0.00	-1.00	-1.00	-1.00	0.12	-1.00	-1.00	-1.00	0.00
12.00	-1.00	-1.00	-1.00	0.00	-1.00	-1.00	-1.00	0.41	-1.00	-1.00	-1.00	0.23	-1.00	-1.00	-1.00	0.41
13.00	-1.00	-1.00	-1.00	0.41	-1.00	-1.00	-1.00	0.06	-1.00	-1.00	-1.00	0.29	-1.00	-1.00	-1.00	0.00
14.00	-1.00	-1.00	-1.00	0.06	-1.00	-1.00	-1.00	0.17	-1.00	-1.00	-1.00	0.12	-1.00	-1.00	-1.00	0.12
15.00	-1.00	-1.00	-1.00	0.17	-1.00	-1.00	-1.00	0.06	-1.00	-1.00	-1.00	0.41	-1.00	-1.00	-1.00	0.06
16.00	-1.00	-1.00	-1.00	0.06	-1.00	-1.00	-1.00	0.17	-1.00	-1.00	-1.00	0.23	-1.00	-1.00	-1.00	0.17
17.00	-1.00	-1.00	-1.00	0.06	-1.00	-1.00	-1.00	0.17	-1.00	-1.00	-1.00	0.17	-1.00	-1.00	-1.00	0.23
18.00	-1.00	-1.00	-1.00	0.17	-1.00	-1.00	-1.00	0.17	-1.00	-1.00	-1.00	0.23	-1.00	-1.00	-1.00	0.29
19.00	-1.00	-1.00	-1.00	0.23	-1.00	-1.00	-1.00	0.23	-1.00	-1.00	-1.00	0.23	-1.00	-1.00	-1.00	0.17
20.00	-1.00	-1.00	-1.00	0.12	-1.00	-1.00	-1.00	0.12	-1.00	-1.00	-1.00	0.29	-1.00	-1.00	-1.00	0.23
21.00	-1.00	-1.00	-1.00	0.23	-1.00	-1.00	-1.00	0.29	-1.00	-1.00	-1.00	0.23	-1.00	-1.00	-1.00	0.12
22.00	-1.00	-1.00	-1.00	0.17	-1.00	-1.00	-1.00	0.12	-1.00	-1.00	-1.00	0.17	-1.00	-1.00	-1.00	0.00
23.00	-1.00	-1.00	-1.00	0.12	-1.00	-1.00	-1.00	0.29	-1.00	-1.00	-1.00	0.12	-1.00	-1.00	-1.00	0.29
24.00	-1.00	-1.00	-1.00	0.12	-1.00	-1.00	-1.00	0.17	-1.00	-1.00	-1.00	0.29	-1.00	-1.00	-1.00	0.17
25.00	-1.00	-1.00	-1.00	0.23	-1.00	-1.00	-1.00	0.12	-1.00	-1.00	-1.00	0.29	-1.00	-1.00	-1.00	0.23
26.00	-1.00	-1.00	-1.00	0.41	-1.00	-1.00	-1.00	0.29	-1.00	-1.00	-1.00	0.12	-1.00	-1.00	-1.00	0.23
27.00	-1.00	-1.00	-1.00	0.12	-1.00	-1.00	-1.00	0.06	-1.00	-1.00	-1.00	0.12	-1.00	-1.00	-1.00	0.35
28.00	-1.00	-1.00	-1.00	0.23	-1.00	-1.00	-1.00	0.29	-1.00	-1.00	-1.00	0.35	-1.00	-1.00	-1.00	0.12
29.00	-1.00	-1.00	-1.00	0.06	-1.00	-1.00	-1.00	0.23	-1.00	-1.00	-1.00	0.12	-1.00	-1.00	-1.00	0.29
30.00	-1.00	-1.00	-1.00	0.00	-1.00	-1.00	-1.00	0.23	-1.00	-1.00	-1.00	0.23	-1.00	-1.00	-1.00	0.12
31.00	-1.00	-1.00	-1.00	0.23	-1.00	-1.00	-1.00	0.17	-1.00	-1.00	-1.00	0.12	-1.00	-1.00	-1.00	0.06
32.00	-1.00	-1.00	-1.00	0.17	-1.00	-1.00	-1.00	0.12	-1.00	-1.00	-1.00	0.00	-1.00	-1.00	-1.00	0.17
33.00	-1.00	-1.00	-1.00	0.17	-1.00	-1.00	-1.00	0.12	-1.00	-1.00	-1.00	0.17	-1.00	-1.00	-1.00	0.12
34.00	-1.00	-1.00	-1.00	0.17	-1.00	-1.00	-1.00	0.12	-1.00	-1.00	-1.00	0.23	-1.00	-1.00	-1.00	0.29
35.00	-1.00	-1.00	-1.00	0.29	-1.00	-1.00	-1.00	0.23	-1.00	-1.00	-1.00	0.17	-1.00	-1.00	-1.00	0.29
36.00	-1.00	-1.00	-1.00	0.06	-1.00	-1.00	-1.00	0.35	-1.00	-1.00	-1.00	0.23	-1.00	-1.00	-1.00	0.23
37.00	-1.00	-1.00	-1.00	0.17	-1.00	-1.00	-1.00	0.12	-1.00	-1.00	-1.00	0.06	-1.00	-1.00	-1.00	0.29
38.00	-1.00	-1.00	-1.00	0.17	-1.00	-1.00	-1.00	0.00	-1.00	-1.00	-1.00	0.08	-1.00	-1.00	-1.00	0.23
39.00	-1.00	-1.00	-1.00	0.35	-1.00	-1.00	-1.00	0.17	-1.00	-1.00	-1.00	0.21	-1.00	-1.00	-1.00	0.23
10.1.1.4	0.19	4644.55
10.1.1.12	0.21	4022.81
10.1.1.16	0.21	3746.91
10.1.1.8	0.19	4367.54
