Waf: Entering directory `/home/jiaming/Downloads/Mesh_NS3/ns-3.30-obss/build'
Waf: Leaving directory `/home/jiaming/Downloads/Mesh_NS3/ns-3.30-obss/build'
Build commands will be stored in build/compile_commands.json
'build' finished successfully (0.414s)
CreateVariables () DONE !!!
Creating 16 APs 30.00 and 30.00 m apart.
CreateApNodes () DONE !!!
Creating CL 10.00 m away from each AP.
CreateClNodes () DONE !!!
CreateNodes () DONE !!!
CreateMeshDevices () DONE !!!
CreateWifiDevices () DONE !!!
CreateCsmaDevices () DONE !!!
CreateDevices () DONE !!!
InstallInternetStack () DONE !!!
InstallApplications () DONE !!!
Starting simulation for 40.00 s ...
-------------------------------------------------
Time[s]	cl-0	cl-1	cl-2	cl-3	cl-4	cl-5	cl-6	cl-7	cl-8	cl-9	cl-10	cl-11	cl-12	cl-13	cl-14	cl-15
11.00	-1.00	-1.00	-1.00	0.17	-1.00	-1.00	-1.00	0.00	-1.00	-1.00	-1.00	0.12	-1.00	-1.00	-1.00	0.18
12.00	-1.00	-1.00	-1.00	0.29	-1.00	-1.00	-1.00	0.17	-1.00	-1.00	-1.00	0.35	-1.00	-1.00	-1.00	0.23
13.00	-1.00	-1.00	-1.00	0.35	-1.00	-1.00	-1.00	0.17	-1.00	-1.00	-1.00	0.17	-1.00	-1.00	-1.00	0.12
14.00	-1.00	-1.00	-1.00	0.23	-1.00	-1.00	-1.00	0.12	-1.00	-1.00	-1.00	0.17	-1.00	-1.00	-1.00	0.35
15.00	-1.00	-1.00	-1.00	0.17	-1.00	-1.00	-1.00	0.12	-1.00	-1.00	-1.00	0.17	-1.00	-1.00	-1.00	0.12
16.00	-1.00	-1.00	-1.00	0.17	-1.00	-1.00	-1.00	0.12	-1.00	-1.00	-1.00	0.35	-1.00	-1.00	-1.00	0.17
17.00	-1.00	-1.00	-1.00	0.00	-1.00	-1.00	-1.00	0.35	-1.00	-1.00	-1.00	0.06	-1.00	-1.00	-1.00	0.12
18.00	-1.00	-1.00	-1.00	0.12	-1.00	-1.00	-1.00	0.06	-1.00	-1.00	-1.00	0.23	-1.00	-1.00	-1.00	0.12
19.00	-1.00	-1.00	-1.00	0.23	-1.00	-1.00	-1.00	0.17	-1.00	-1.00	-1.00	0.17	-1.00	-1.00	-1.00	0.17
20.00	-1.00	-1.00	-1.00	0.06	-1.00	-1.00	-1.00	0.17	-1.00	-1.00	-1.00	0.06	-1.00	-1.00	-1.00	0.17
21.00	-1.00	-1.00	-1.00	0.29	-1.00	-1.00	-1.00	0.23	-1.00	-1.00	-1.00	0.12	-1.00	-1.00	-1.00	0.29
22.00	-1.00	-1.00	-1.00	0.17	-1.00	-1.00	-1.00	0.23	-1.00	-1.00	-1.00	0.17	-1.00	-1.00	-1.00	0.29
23.00	-1.00	-1.00	-1.00	0.23	-1.00	-1.00	-1.00	0.12	-1.00	-1.00	-1.00	0.00	-1.00	-1.00	-1.00	0.29
24.00	-1.00	-1.00	-1.00	0.06	-1.00	-1.00	-1.00	0.06	-1.00	-1.00	-1.00	0.41	-1.00	-1.00	-1.00	0.17
25.00	-1.00	-1.00	-1.00	0.23	-1.00	-1.00	-1.00	0.29	-1.00	-1.00	-1.00	0.12	-1.00	-1.00	-1.00	0.17
26.00	-1.00	-1.00	-1.00	0.23	-1.00	-1.00	-1.00	0.23	-1.00	-1.00	-1.00	0.17	-1.00	-1.00	-1.00	0.17
27.00	-1.00	-1.00	-1.00	0.23	-1.00	-1.00	-1.00	0.06	-1.00	-1.00	-1.00	0.23	-1.00	-1.00	-1.00	0.23
28.00	-1.00	-1.00	-1.00	0.35	-1.00	-1.00	-1.00	0.23	-1.00	-1.00	-1.00	0.17	-1.00	-1.00	-1.00	0.06
29.00	-1.00	-1.00	-1.00	0.17	-1.00	-1.00	-1.00	0.35	-1.00	-1.00	-1.00	0.35	-1.00	-1.00	-1.00	0.06
30.00	-1.00	-1.00	-1.00	0.12	-1.00	-1.00	-1.00	0.41	-1.00	-1.00	-1.00	0.29	-1.00	-1.00	-1.00	0.12
31.00	-1.00	-1.00	-1.00	0.29	-1.00	-1.00	-1.00	0.17	-1.00	-1.00	-1.00	0.17	-1.00	-1.00	-1.00	0.12
32.00	-1.00	-1.00	-1.00	0.35	-1.00	-1.00	-1.00	0.17	-1.00	-1.00	-1.00	0.23	-1.00	-1.00	-1.00	0.12
33.00	-1.00	-1.00	-1.00	0.23	-1.00	-1.00	-1.00	0.17	-1.00	-1.00	-1.00	0.35	-1.00	-1.00	-1.00	0.12
34.00	-1.00	-1.00	-1.00	0.17	-1.00	-1.00	-1.00	0.23	-1.00	-1.00	-1.00	0.29	-1.00	-1.00	-1.00	0.12
35.00	-1.00	-1.00	-1.00	0.12	-1.00	-1.00	-1.00	0.12	-1.00	-1.00	-1.00	0.17	-1.00	-1.00	-1.00	0.35
36.00	-1.00	-1.00	-1.00	0.41	-1.00	-1.00	-1.00	0.17	-1.00	-1.00	-1.00	0.35	-1.00	-1.00	-1.00	0.17
37.00	-1.00	-1.00	-1.00	0.12	-1.00	-1.00	-1.00	0.17	-1.00	-1.00	-1.00	0.06	-1.00	-1.00	-1.00	0.23
38.00	-1.00	-1.00	-1.00	0.06	-1.00	-1.00	-1.00	0.23	-1.00	-1.00	-1.00	0.00	-1.00	-1.00	-1.00	0.29
39.00	-1.00	-1.00	-1.00	0.12	-1.00	-1.00	-1.00	0.12	-1.00	-1.00	-1.00	0.23	-1.00	-1.00	-1.00	0.23
10.1.1.16	0.21	3849.92
10.1.1.12	0.22	4257.30
10.1.1.4	0.22	4348.86
10.1.1.8	0.20	3833.48
