Waf: Entering directory `/home/ubuntu/ns-3.30-obss/build'
Waf: Leaving directory `/home/ubuntu/ns-3.30-obss/build'
Build commands will be stored in build/compile_commands.json
'build' finished successfully (0.881s)
--------------------------Rate[Kbps]--------------------------
Time[s]	cl-1	cl-2	cl-3	cl-4	cl-5	cl-6	cl-7	cl-8	cl-9	cl-10	cl-11	cl-12
60	15	16.6	16	13.6	14.8	13.6	15	18.6	16.4	14.4	12.8	14.8
61	937.6	0	822.4	0	659.2	707.2	982.4	0	1068.8	1020.8	921.6	0
62	992	0	531.2	0	643.2	537.6	732.8	0	848	707.2	1065.6	0
63	617.6	0	544	0	720	505.6	876.8	0	572.8	579.2	656	0
64	569.6	0	422.4	0	921.6	300.8	774.4	0	736	656	1020.8	0
65	1129.6	0	745.6	0	716.8	1052.8	1136	0	694.4	505.6	742.4	0
66	774.4	0	713.6	0	288	281.6	908.8	0	678.4	569.6	950.4	0
67	745.6	0	422.4	0	502.4	416	1030.4	0	694.4	550.4	748.8	0
68	646.4	0	387.2	0	620.8	643.2	835.2	0	867.2	428.8	732.8	0
69	784	0	441.6	0	860.8	585.6	963.2	0	649.6	374.4	745.6	0
70	979.2	0	633.6	0	489.6	396.8	864	0	531.2	566.4	832	0
71	633.6	0	496	0	854.4	643.2	576	0	704	499.2	1040	0
72	819.2	0	572.8	0	582.4	441.6	822.4	0	496	569.6	611.2	0
73	598.4	0	524.8	0	704	579.2	608	0	659.2	451.2	1123.2	0
74	585.6	0	550.4	0	771.2	425.6	873.6	0	467.2	579.2	848	0
75	873.6	0	508.8	0	601.6	326.4	860.8	0	825.6	579.2	534.4	0
76	492.8	0	422.4	0	396.8	316.8	1289.6	0	656	502.4	800	0
77	742.4	0	640	0	665.6	662.4	697.6	0	614.4	713.6	912	0
78	604.8	0	460.8	0	547.2	364.8	777.6	0	899.2	390.4	1200	0
79	675.2	0	524.8	0	784	560	816	0	483.2	300.8	787.2	0
80	640	0	729.6	0	435.2	524.8	681.6	0	608	524.8	1024	0
81	454.4	0	441.6	0	675.2	544	976	0	556.8	476.8	886.4	0
82	531.2	0	809.6	0	531.2	358.4	732.8	0	915.2	838.4	912	0
83	915.2	0	640	0	681.6	579.2	851.2	0	508.8	566.4	832	0
84	505.6	0	838.4	0	518.4	566.4	880	0	537.6	499.2	672	0
85	675.2	0	512	0	582.4	544	755.2	0	630.4	361.6	1174.4	0
86	630.4	0	652.8	0	646.4	521.6	896	0	304	265.6	1068.8	0
87	665.6	0	569.6	0	918.4	544	905.6	0	700.8	684.8	822.4	0
88	678.4	0	563.2	0	700.8	556.8	796.8	0	521.6	489.6	924.8	0
89	944	0	470.4	0	441.6	483.2	739.2	0	652.8	489.6	1142.4	0
90	681.6	0	697.6	0	777.6	675.2	790.4	0	502.4	544	793.6	0
(1,0)	(2,4518)	(3,3866)	(4,1012)	
(1,0)	(2,1895)	(3,0)	(4,0)	
(1,0)	(2,0)	(3,0)	(4,0)	
(1,0)	(2,2081)	(3,0)	(4,0)	
(1,0)	(2,0)	(3,0)	(4,0)	
(1,0)	(2,0)	(3,0)	(4,0)	
(1,0)	(2,0)	(3,0)	(4,0)	
(1,0)	(2,0)	(3,0)	(4,0)	
(1,0)	(2,0)	(3,0)	(4,0)	
(1,0)	(2,0)	(3,0)	(4,0)	
(1,0)	(2,0)	(3,0)	(4,0)	
(1,0)	(2,0)	(3,0)	(4,0)	
(1,0)	(2,0)	(3,0)	(4,0)	
avg	717.44	0	576.32	0	641.28	521.493	847.68	0	652.8	542.827	884.16	0
delay	492.323	0.0722892	511.623	0.0735294	588.062	607.421	557.386	0.397849	600.898	597.135	599.455	0.472973
loss	0.2529	0	0.392779	0	0.271638	0.795302	0.178615	0	0.295775	0.246558	0.269758	0
Command ['/home/ubuntu/ns-3.30-obss/build/scratch/simple-ofdma-adhoc6', '--ofdmaEnabled=true', '--startTime=60', '--totalTime=90', '--packetSize=4e3', '--dataMode=HeMcs3', '--datarate=30e6', '--ratio=0.375', '--RngRun=20', '--locationFile=locationtxt/locationFile42e1.txt', '--routingFile=locationtxt/routingFile42.txt', '--appFile=locationtxt/appFile.txt', '--tcp=0', '--randomTime=true', '--qosDisabled=true'] terminated with signal SIGSEGV. Run it under a debugger to get more information (./waf --run <program> --command-template="gdb --args %s <args>").
