Waf: Entering directory `/home/ubuntu/ns-3.30-obss/build'
Waf: Leaving directory `/home/ubuntu/ns-3.30-obss/build'
Build commands will be stored in build/compile_commands.json
'build' finished successfully (0.776s)
--------------------------Rate[Kbps]--------------------------
Time[s]	cl-1	cl-2	cl-3	cl-4	cl-5	cl-6	cl-7	cl-8	cl-9	cl-10	cl-11	cl-12
60	12.2	13.8	15	15.6	10.8	17.2	16.6	13.6	18	16.2	15.2	15.2
61	1193.6	0	1033.6	0	1177.6	921.6	912	0	716.8	1107.2	966.4	0
62	1414.4	0	1017.6	0	940.8	1209.6	886.4	0	1004.8	729.6	944	0
63	633.6	0	1196.8	0	1200	707.2	953.6	0	979.2	1225.6	899.2	0
64	851.2	0	902.4	0	745.6	1075.2	841.6	0	832	944	764.8	0
65	870.4	0	854.4	0	800	553.6	736	0	912	1200	1113.6	0
66	838.4	0	928	0	585.6	537.6	908.8	0	1036.8	662.4	828.8	0
67	742.4	0	697.6	0	918.4	924.8	691.2	0	796.8	950.4	1001.6	0
68	1081.6	0	985.6	0	550.4	915.2	1139.2	0	844.8	806.4	1024	0
69	908.8	0	694.4	0	643.2	700.8	1027.2	0	585.6	400	1052.8	0
70	464	0	393.6	0	976	761.6	755.2	0	646.4	1158.4	848	0
71	864	0	800	0	848	1200	627.2	0	979.2	1273.6	675.2	0
72	739.2	0	857.6	0	800	806.4	732.8	0	550.4	822.4	828.8	0
73	707.2	0	726.4	0	611.2	726.4	816	0	1104	825.6	1072	0
74	950.4	0	822.4	0	646.4	886.4	1059.2	0	1024	707.2	630.4	0
75	614.4	0	595.2	0	950.4	662.4	950.4	0	828.8	652.8	1462.4	0
76	697.6	0	1219.2	0	1017.6	1008	681.6	0	950.4	784	1020.8	0
77	848	0	553.6	0	844.8	832	947.2	0	547.2	889.6	1040	0
78	662.4	0	752	0	732.8	668.8	876.8	0	745.6	1212.8	848	0
79	764.8	0	899.2	0	739.2	960	806.4	0	921.6	713.6	659.2	0
80	841.6	0	860.8	0	803.2	563.2	982.4	0	963.2	937.6	915.2	0
81	684.8	0	736	0	998.4	707.2	790.4	0	934.4	691.2	908.8	0
82	819.2	0	688	0	787.2	774.4	1321.6	0	345.6	470.4	963.2	0
83	854.4	0	800	0	508.8	620.8	1027.2	0	1027.2	1209.6	892.8	0
84	790.4	0	857.6	0	969.6	601.6	1011.2	0	873.6	755.2	1161.6	0
85	710.4	0	876.8	0	640	886.4	841.6	0	540.8	547.2	1120	0
86	796.8	0	707.2	0	380.8	889.6	614.4	0	1062.4	1036.8	1264	0
87	857.6	0	886.4	0	969.6	947.2	1008	0	454.4	697.6	768	0
88	944	0	886.4	0	816	694.4	1001.6	0	694.4	726.4	662.4	0
89	723.2	0	800	0	864	588.8	1001.6	0	572.8	822.4	1465.6	0
90	851.2	0	672	0	774.4	816	880	0	675.2	908.8	1148.8	0
(1,0)	(2,5110)	(3,3458)	(4,770)	
(1,0)	(2,1450)	(3,0)	(4,0)	
(1,0)	(2,0)	(3,0)	(4,0)	
(1,0)	(2,1738)	(3,0)	(4,0)	
(1,0)	(2,0)	(3,0)	(4,0)	
(1,0)	(2,0)	(3,0)	(4,0)	
(1,0)	(2,0)	(3,0)	(4,0)	
(1,0)	(2,0)	(3,0)	(4,0)	
(1,0)	(2,0)	(3,0)	(4,0)	
(1,0)	(2,0)	(3,0)	(4,0)	
(1,0)	(2,0)	(3,0)	(4,0)	
(1,0)	(2,0)	(3,0)	(4,0)	
(1,0)	(2,0)	(3,0)	(4,0)	
avg	824	0	823.36	0	808	804.907	894.293	0	805.013	862.293	965.013	0
delay	457.361	0.0724638	455.638	0.0641026	532.889	524.605	515.724	0.338235	541.515	556.748	541.226	0.513158
loss	0.269366	0	0.27758	0	0.146819	0.316254	0.0615672	0	0.309524	0.161049	0.256798	0
Command ['/home/ubuntu/ns-3.30-obss/build/scratch/simple-ofdma-adhoc6', '--ofdmaEnabled=true', '--startTime=60', '--totalTime=90', '--packetSize=4e3', '--dataMode=HeMcs3', '--datarate=20e6', '--ratio=0.375', '--RngRun=19', '--locationFile=locationtxt/locationFile42e1.txt', '--routingFile=locationtxt/routingFile42.txt', '--appFile=locationtxt/appFile.txt', '--tcp=0', '--randomTime=true', '--qosDisabled=true'] terminated with signal SIGSEGV. Run it under a debugger to get more information (./waf --run <program> --command-template="gdb --args %s <args>").
