Waf: Entering directory `/home/ubuntu/ns-3.30-obss/build'
Waf: Leaving directory `/home/ubuntu/ns-3.30-obss/build'
Build commands will be stored in build/compile_commands.json
'build' finished successfully (0.706s)
--------------------------Rate[Kbps]--------------------------
Time[s]	cl-1	cl-2	cl-3	cl-4	cl-5	cl-6	cl-7	cl-8	cl-9	cl-10	cl-11	cl-12
60	17.6	17.8	15	15.4	14	16.8	14.6	14.2	14.6	16	15.2	15
61	1100.8	0	1449.6	0	652.8	915.2	883.2	0	1043.2	1126.4	790.4	0
62	720	0	825.6	0	416	246.4	1180.8	0	633.6	390.4	704	0
63	518.4	0	566.4	0	908.8	428.8	646.4	0	374.4	665.6	985.6	0
64	835.2	0	697.6	0	540.8	355.2	835.2	0	796.8	768	867.2	0
65	713.6	0	630.4	0	777.6	604.8	688	0	576	675.2	1043.2	0
66	662.4	0	809.6	0	678.4	646.4	1033.6	0	662.4	518.4	777.6	0
67	588.8	0	678.4	0	684.8	560	889.6	0	681.6	732.8	956.8	0
68	595.2	0	553.6	0	694.4	540.8	899.2	0	524.8	361.6	572.8	0
69	435.2	0	425.6	0	547.2	396.8	675.2	0	630.4	988.8	780.8	0
70	473.6	0	569.6	0	652.8	272	896	0	748.8	524.8	880	0
71	755.2	0	697.6	0	704	444.8	1280	0	755.2	550.4	681.6	0
72	723.2	0	582.4	0	688	547.2	1081.6	0	1046.4	489.6	646.4	0
73	467.2	0	467.2	0	700.8	579.2	745.6	0	518.4	656	832	0
74	796.8	0	588.8	0	902.4	726.4	544	0	467.2	339.2	793.6	0
75	576	0	390.4	0	492.8	316.8	652.8	0	800	848	598.4	0
76	742.4	0	627.2	0	937.6	598.4	828.8	0	368	272	960	0
77	537.6	0	476.8	0	659.2	480	531.2	0	838.4	899.2	688	0
78	771.2	0	563.2	0	374.4	441.6	672	0	707.2	592	876.8	0
79	800	0	579.2	0	787.2	617.6	860.8	0	560	604.8	1008	0
80	550.4	0	569.6	0	323.2	486.4	1084.8	0	412.8	384	1132.8	0
81	617.6	0	524.8	0	601.6	419.2	752	0	1004.8	531.2	828.8	0
82	867.2	0	768	0	320	150.4	1088	0	649.6	432	886.4	0
83	438.4	0	435.2	0	873.6	729.6	576	0	739.2	454.4	768	0
84	521.6	0	448	0	531.2	537.6	892.8	0	489.6	656	745.6	0
85	636.8	0	537.6	0	704	393.6	1088	0	505.6	265.6	979.2	0
86	857.6	0	684.8	0	780.8	483.2	784	0	284.8	723.2	1068.8	0
87	611.2	0	470.4	0	428.8	755.2	691.2	0	707.2	428.8	771.2	0
88	707.2	0	544	0	620.8	652.8	432	0	985.6	476.8	873.6	0
89	736	0	524.8	0	236.8	57.6	1008	0	652.8	659.2	764.8	0
90	704	0	748.8	0	704	640	777.6	0	787.2	601.6	979.2	0
(1,0)	(2,4662)	(3,3754)	(4,1037)	
(1,0)	(2,1750)	(3,0)	(4,0)	
(1,0)	(2,0)	(3,0)	(4,0)	
(1,0)	(2,2149)	(3,0)	(4,0)	
(1,0)	(2,0)	(3,0)	(4,0)	
(1,0)	(2,0)	(3,0)	(4,0)	
(1,0)	(2,0)	(3,0)	(4,0)	
(1,0)	(2,0)	(3,0)	(4,0)	
(1,0)	(2,0)	(3,0)	(4,0)	
(1,0)	(2,0)	(3,0)	(4,0)	
(1,0)	(2,0)	(3,0)	(4,0)	
(1,0)	(2,0)	(3,0)	(4,0)	
(1,0)	(2,0)	(3,0)	(4,0)	
avg	668.693	0	614.507	0	630.827	500.8	833.28	0	665.067	587.2	841.387	0
delay	520.6	0.157303	498.809	0.0649351	611.064	595.59	580.345	0.464789	611.732	611.404	583.479	0.44
loss	0.433638	0	0.295035	0	0.44098	0.303448	0.184041	0	0.659781	0.316406	0.629227	0
Command ['/home/ubuntu/ns-3.30-obss/build/scratch/simple-ofdma-adhoc6', '--ofdmaEnabled=true', '--startTime=60', '--totalTime=90', '--packetSize=4e3', '--dataMode=HeMcs3', '--datarate=30e6', '--ratio=0.375', '--RngRun=28', '--locationFile=locationtxt/locationFile42e1.txt', '--routingFile=locationtxt/routingFile42.txt', '--appFile=locationtxt/appFile.txt', '--tcp=0', '--randomTime=true', '--qosDisabled=true'] terminated with signal SIGSEGV. Run it under a debugger to get more information (./waf --run <program> --command-template="gdb --args %s <args>").
