Waf: Entering directory `/home/ubuntu/ns-3.30-obss/build'
Waf: Leaving directory `/home/ubuntu/ns-3.30-obss/build'
Build commands will be stored in build/compile_commands.json
'build' finished successfully (0.345s)
--------------------------Rate[Kbps]--------------------------
Time[s]	cl-1	cl-2	cl-3	cl-4	cl-5	cl-6	cl-7	cl-8	cl-9	cl-10	cl-11	cl-12
60	13	16	12	11.8	14.6	16	16.4	12.8	16.4	11.6	15.4	17.8
61	940.8	0	1040	0	915.2	505.6	758.4	0	1347.2	934.4	1011.2	0
62	790.4	0	825.6	0	550.4	892.8	966.4	0	1065.6	867.2	832	0
63	451.2	0	761.6	0	688	624	880	0	697.6	492.8	1126.4	0
64	771.2	0	636.8	0	748.8	803.2	678.4	0	569.6	662.4	854.4	0
65	860.8	0	860.8	0	697.6	547.2	844.8	0	784	652.8	864	0
66	880	0	832	0	854.4	598.4	835.2	0	700.8	889.6	809.6	0
67	396.8	0	646.4	0	761.6	569.6	908.8	0	662.4	809.6	611.2	0
68	864	0	873.6	0	630.4	732.8	883.2	0	1014.4	707.2	681.6	0
69	761.6	0	636.8	0	627.2	793.6	988.8	0	505.6	854.4	374.4	0
70	492.8	0	828.8	0	764.8	1043.2	483.2	0	784	585.6	985.6	0
71	723.2	0	572.8	0	748.8	835.2	816	0	963.2	707.2	828.8	0
72	672	0	748.8	0	636.8	620.8	726.4	0	476.8	732.8	896	0
73	1142.4	0	697.6	0	652.8	473.6	950.4	0	563.2	710.4	617.6	0
74	838.4	0	569.6	0	771.2	761.6	928	0	604.8	604.8	1132.8	0
75	1145.6	0	880	0	684.8	966.4	860.8	0	563.2	1075.2	710.4	0
76	908.8	0	1008	0	851.2	515.2	691.2	0	544	441.6	1094.4	0
77	764.8	0	924.8	0	720	560	1088	0	675.2	902.4	665.6	0
78	873.6	0	691.2	0	656	515.2	896	0	1068.8	672	934.4	0
79	521.6	0	704	0	499.2	416	950.4	0	675.2	537.6	764.8	0
80	848	0	563.2	0	880	726.4	886.4	0	684.8	691.2	313.6	0
81	1216	0	979.2	0	784	572.8	931.2	0	988.8	684.8	902.4	0
82	812.8	0	684.8	0	691.2	473.6	892.8	0	643.2	556.8	912	0
83	435.2	0	566.4	0	720	668.8	1049.6	0	716.8	729.6	1091.2	0
84	508.8	0	611.2	0	489.6	441.6	1177.6	0	585.6	787.2	572.8	0
85	707.2	0	700.8	0	908.8	892.8	755.2	0	700.8	1046.4	444.8	0
86	755.2	0	1020.8	0	867.2	963.2	736	0	640	521.6	886.4	0
87	636.8	0	812.8	0	889.6	675.2	745.6	0	694.4	412.8	816	0
88	784	0	422.4	0	624	601.6	1164.8	0	720	848	742.4	0
89	531.2	0	336	0	752	723.2	544	0	860.8	720	748.8	0
90	800	0	745.6	0	416	428.8	1190.4	0	700.8	678.4	988.8	0
(1,0)	(2,5047)	(3,3490)	(4,792)	
(1,0)	(2,1894)	(3,0)	(4,0)	
(1,0)	(2,0)	(3,0)	(4,0)	
(1,0)	(2,1613)	(3,0)	(4,0)	
(1,0)	(2,1)	(3,0)	(4,0)	
(1,0)	(2,0)	(3,0)	(4,0)	
(1,0)	(2,0)	(3,0)	(4,0)	
(1,0)	(2,0)	(3,0)	(4,0)	
(1,0)	(2,0)	(3,0)	(4,0)	
(1,0)	(2,0)	(3,0)	(4,0)	
(1,0)	(2,0)	(3,0)	(4,0)	
(1,0)	(2,0)	(3,0)	(4,0)	
(1,0)	(2,0)	(3,0)	(4,0)	
avg	761.173	0	739.413	0	716.053	664.747	873.6	0	740.053	717.227	807.147	0
delay	485.251	0.1375	473.279	0.0677966	567.597	564.611	586.486	0.40625	551.07	553.811	548.308	0.393258
loss	0.261498	0	0.561947	0	0.269279	0.604396	0.480114	0	0.252443	0.572519	0.493045	0
Command ['/home/ubuntu/ns-3.30-obss/build/scratch/simple-ofdma-adhoc6', '--ofdmaEnabled=true', '--startTime=60', '--totalTime=90', '--packetSize=4e3', '--dataMode=HeMcs3', '--datarate=25e6', '--ratio=0.375', '--RngRun=2', '--locationFile=locationtxt/locationFile42e1.txt', '--routingFile=locationtxt/routingFile42.txt', '--appFile=locationtxt/appFile.txt', '--tcp=0', '--randomTime=true', '--qosDisabled=true'] terminated with signal SIGSEGV. Run it under a debugger to get more information (./waf --run <program> --command-template="gdb --args %s <args>").
