Waf: Entering directory `/home/ubuntu/ns-3.30-obss/build'
Waf: Leaving directory `/home/ubuntu/ns-3.30-obss/build'
Build commands will be stored in build/compile_commands.json
'build' finished successfully (0.789s)
--------------------------Rate[Kbps]--------------------------
Time[s]	cl-1	cl-2	cl-3	cl-4	cl-5	cl-6	cl-7	cl-8	cl-9	cl-10	cl-11	cl-12
60	14.6	13	14.8	14.2	14.6	14.4	14.4	13.6	13.8	11.6	15.6	16.8
61	1123.2	0	812.8	0	1072	1328	870.4	0	723.2	732.8	876.8	0
62	1142.4	0	764.8	0	1062.4	873.6	985.6	0	963.2	931.2	697.6	0
63	1193.6	0	918.4	0	1049.6	988.8	982.4	0	899.2	1100.8	1008	0
64	1299.2	0	992	0	1030.4	982.4	998.4	0	940.8	918.4	838.4	0
65	1190.4	0	1049.6	0	1062.4	515.2	1318.4	0	912	838.4	806.4	0
66	678.4	0	838.4	0	1091.2	934.4	633.6	0	739.2	1177.6	1225.6	0
67	960	0	809.6	0	659.2	598.4	1072	0	1094.4	835.2	681.6	0
68	902.4	0	1056	0	809.6	1046.4	988.8	0	640	915.2	1168	0
69	582.4	0	1046.4	0	566.4	950.4	905.6	0	736	870.4	1148.8	0
70	604.8	0	992	0	1267.2	652.8	883.2	0	681.6	816	1120	0
71	832	0	681.6	0	544	217.6	1068.8	0	1180.8	982.4	908.8	0
72	1216	0	982.4	0	1123.2	787.2	828.8	0	822.4	979.2	700.8	0
73	835.2	0	982.4	0	784	998.4	828.8	0	771.2	1104	579.2	0
74	694.4	0	368	0	448	454.4	950.4	0	793.6	1008	1219.2	0
75	700.8	0	806.4	0	1072	1161.6	982.4	0	688	873.6	918.4	0
76	675.2	0	620.8	0	774.4	729.6	284.8	0	854.4	992	1094.4	0
77	883.2	0	1004.8	0	876.8	777.6	1040	0	726.4	697.6	1062.4	0
78	838.4	0	745.6	0	473.6	947.2	1104	0	1148.8	995.2	1027.2	0
79	515.2	0	726.4	0	700.8	979.2	780.8	0	1116.8	563.2	841.6	0
80	627.2	0	467.2	0	662.4	796.8	1148.8	0	710.4	896	1033.6	0
81	777.6	0	608	0	880	873.6	745.6	0	816	726.4	752	0
82	816	0	787.2	0	918.4	707.2	320	0	841.6	713.6	1113.6	0
83	764.8	0	822.4	0	668.8	640	1356.8	0	1014.4	1040	675.2	0
84	793.6	0	841.6	0	1206.4	944	1344	0	409.6	528	736	0
85	924.8	0	796.8	0	432	704	752	0	1286.4	889.6	918.4	0
86	956.8	0	1008	0	755.2	1193.6	1552	0	608	451.2	636.8	0
87	752	0	732.8	0	585.6	844.8	988.8	0	1052.8	915.2	966.4	0
88	480	0	585.6	0	643.2	572.8	1052.8	0	748.8	675.2	595.2	0
89	777.6	0	732.8	0	665.6	832	1056	0	896	774.4	1161.6	0
90	1024	0	1142.4	0	649.6	710.4	934.4	0	1321.6	784	691.2	0
(1,0)	(2,5305)	(3,3356)	(4,739)	
(1,0)	(2,1466)	(3,0)	(4,0)	
(1,0)	(2,0)	(3,0)	(4,0)	
(1,0)	(2,1857)	(3,0)	(4,0)	
(1,0)	(2,0)	(3,0)	(4,0)	
(1,0)	(2,0)	(3,0)	(4,0)	
(1,0)	(2,0)	(3,0)	(4,0)	
(1,0)	(2,0)	(3,0)	(4,0)	
(1,0)	(2,0)	(3,0)	(4,0)	
(1,0)	(2,0)	(3,0)	(4,0)	
(1,0)	(2,0)	(3,0)	(4,0)	
(1,0)	(2,0)	(3,0)	(4,0)	
(1,0)	(2,0)	(3,0)	(4,0)	
avg	852.053	0	824.107	0	817.813	824.747	958.613	0	871.253	857.493	906.773	0
delay	473.357	0.2	476.887	0.0985915	537.841	524.139	551.643	0.426471	545.863	534.543	519.105	0.428571
loss	0.0843558	0	0.121272	0	0.128501	0.122349	0.0872093	0	0.108729	0.121673	0.0585106	0
Command ['/home/ubuntu/ns-3.30-obss/build/scratch/simple-ofdma-adhoc6', '--ofdmaEnabled=true', '--startTime=60', '--totalTime=90', '--packetSize=4e3', '--dataMode=HeMcs3', '--datarate=20e6', '--ratio=0.375', '--RngRun=12', '--locationFile=locationtxt/locationFile42e1.txt', '--routingFile=locationtxt/routingFile42.txt', '--appFile=locationtxt/appFile.txt', '--tcp=0', '--randomTime=true', '--qosDisabled=true'] terminated with signal SIGSEGV. Run it under a debugger to get more information (./waf --run <program> --command-template="gdb --args %s <args>").
