Waf: Entering directory `/home/ubuntu/ns-3.30-obss/build'
Waf: Leaving directory `/home/ubuntu/ns-3.30-obss/build'
Build commands will be stored in build/compile_commands.json
'build' finished successfully (0.751s)
--------------------------Rate[Kbps]--------------------------
Time[s]	cl-1	cl-2	cl-3	cl-4	cl-5	cl-6	cl-7	cl-8	cl-9	cl-10	cl-11	cl-12
60	15.6	16.8	17	15.2	14	16.4	17	13.4	14	15.6	15.4	15
61	870.4	0	960	0	604.8	832	1171.2	0	1001.6	761.6	870.4	0
62	867.2	0	800	0	860.8	1219.2	630.4	0	848	857.6	1024	0
63	1052.8	0	636.8	0	752	1062.4	934.4	0	1171.2	1081.6	537.6	0
64	1017.6	0	1024	0	889.6	992	841.6	0	908.8	1014.4	960	0
65	902.4	0	793.6	0	768	1088	940.8	0	995.2	979.2	832	0
66	1100.8	0	1001.6	0	940.8	940.8	1152	0	1017.6	956.8	752	0
67	883.2	0	880	0	1068.8	1004.8	947.2	0	1024	1072	681.6	0
68	928	0	937.6	0	720	790.4	614.4	0	1056	1081.6	755.2	0
69	886.4	0	905.6	0	720	614.4	822.4	0	726.4	1043.2	1276.8	0
70	1113.6	0	771.2	0	777.6	1235.2	745.6	0	1017.6	1097.6	912	0
71	630.4	0	1190.4	0	627.2	1094.4	995.2	0	806.4	800	793.6	0
72	1030.4	0	985.6	0	992	928	1356.8	0	697.6	915.2	668.8	0
73	1062.4	0	864	0	905.6	838.4	899.2	0	1139.2	1100.8	1052.8	0
74	1132.8	0	864	0	921.6	902.4	873.6	0	1017.6	758.4	944	0
75	1097.6	0	816	0	979.2	912	1161.6	0	1062.4	848	956.8	0
76	1059.2	0	985.6	0	758.4	1011.2	800	0	755.2	761.6	1062.4	0
77	1024	0	771.2	0	832	774.4	867.2	0	998.4	931.2	1209.6	0
78	800	0	835.2	0	1036.8	966.4	480	0	803.2	937.6	806.4	0
79	1174.4	0	838.4	0	1142.4	992	985.6	0	1014.4	880	838.4	0
80	931.2	0	921.6	0	880	883.2	960	0	1113.6	774.4	1136	0
81	1036.8	0	806.4	0	745.6	1158.4	892.8	0	883.2	1062.4	1091.2	0
82	764.8	0	835.2	0	1091.2	1049.6	1030.4	0	956.8	828.8	931.2	0
83	886.4	0	924.8	0	825.6	902.4	912	0	1068.8	905.6	982.4	0
84	966.4	0	1001.6	0	1008	768	937.6	0	873.6	1033.6	1139.2	0
85	1072	0	1110.4	0	995.2	1216	828.8	0	1036.8	860.8	912	0
86	908.8	0	537.6	0	652.8	876.8	924.8	0	873.6	1168	876.8	0
87	851.2	0	1001.6	0	646.4	768	867.2	0	1004.8	857.6	1107.2	0
88	825.6	0	1046.4	0	969.6	1168	806.4	0	889.6	940.8	620.8	0
89	1289.6	0	870.4	0	1008	707.2	835.2	0	1145.6	905.6	1513.6	0
90	742.4	0	1014.4	0	944	812.8	908.8	0	969.6	1113.6	1043.2	0
(1,0)	(2,4280)	(3,2163)	(4,387)	
(1,0)	(2,878)	(3,0)	(4,0)	
(1,0)	(2,0)	(3,0)	(4,0)	
(1,0)	(2,829)	(3,0)	(4,0)	
(1,0)	(2,0)	(3,0)	(4,0)	
(1,0)	(2,0)	(3,0)	(4,0)	
(1,0)	(2,0)	(3,0)	(4,0)	
(1,0)	(2,0)	(3,0)	(4,0)	
(1,0)	(2,0)	(3,0)	(4,0)	
(1,0)	(2,0)	(3,0)	(4,0)	
(1,0)	(2,0)	(3,0)	(4,0)	
(1,0)	(2,0)	(3,0)	(4,0)	
(1,0)	(2,0)	(3,0)	(4,0)	
avg	963.627	0	897.707	0	868.8	950.293	904.107	0	962.56	944.32	942.933	0
delay	20.9699	0.0714286	20.6793	0.157895	48.8758	44.952	29.1255	0.477612	43.593	38.8457	41.8621	0.4
loss	0	0	0	0	0.0040568	0	0	0	0.00366972	0.00568182	0	0
Command ['/home/ubuntu/ns-3.30-obss/build/scratch/simple-ofdma-adhoc6', '--ofdmaEnabled=true', '--startTime=60', '--totalTime=90', '--packetSize=4e3', '--dataMode=HeMcs3', '--datarate=15e6', '--ratio=0.375', '--RngRun=27', '--locationFile=locationtxt/locationFile42e1.txt', '--routingFile=locationtxt/routingFile42.txt', '--appFile=locationtxt/appFile.txt', '--tcp=0', '--randomTime=true', '--qosDisabled=true'] terminated with signal SIGSEGV. Run it under a debugger to get more information (./waf --run <program> --command-template="gdb --args %s <args>").
