Waf: Entering directory `/home/ubuntu/ns-3.30-obss/build'
Waf: Leaving directory `/home/ubuntu/ns-3.30-obss/build'
Build commands will be stored in build/compile_commands.json
'build' finished successfully (0.710s)
--------------------------Rate[Kbps]--------------------------
Time[s]	cl-1	cl-2	cl-3	cl-4	cl-5	cl-6	cl-7	cl-8	cl-9	cl-10	cl-11	cl-12
60	11.8	16.2	14.8	13.2	15.6	14.2	11.6	16.8	15.6	15.4	13.2	11.6
61	1283.2	0	835.2	0	886.4	771.2	921.6	0	947.2	1081.6	937.6	0
62	928	0	729.6	0	617.6	537.6	1020.8	0	1024	1116.8	1075.2	0
63	736	0	681.6	0	995.2	1059.2	652.8	0	992	1043.2	953.6	0
64	972.8	0	633.6	0	668.8	336	1078.4	0	835.2	992	851.2	0
65	636.8	0	1219.2	0	867.2	832	726.4	0	979.2	1260.8	825.6	0
66	928	0	860.8	0	1036.8	1136	848	0	646.4	876.8	931.2	0
67	998.4	0	944	0	806.4	841.6	832	0	752	604.8	1078.4	0
68	928	0	1187.2	0	828.8	915.2	761.6	0	860.8	707.2	636.8	0
69	835.2	0	860.8	0	428.8	643.2	771.2	0	969.6	800	1216	0
70	934.4	0	896	0	726.4	492.8	889.6	0	1017.6	841.6	841.6	0
71	620.8	0	892.8	0	947.2	1046.4	1286.4	0	822.4	742.4	326.4	0
72	720	0	598.4	0	508.8	819.2	694.4	0	844.8	886.4	1174.4	0
73	1123.2	0	809.6	0	528	412.8	1046.4	0	723.2	672	1123.2	0
74	512	0	502.4	0	1264	1113.6	848	0	1212.8	998.4	518.4	0
75	771.2	0	1152	0	848	921.6	950.4	0	937.6	736	1190.4	0
76	883.2	0	668.8	0	1075.2	771.2	793.6	0	1238.4	713.6	1116.8	0
77	713.6	0	851.2	0	697.6	499.2	848	0	454.4	742.4	1107.2	0
78	595.2	0	678.4	0	652.8	774.4	1017.6	0	777.6	508.8	761.6	0
79	732.8	0	665.6	0	992	563.2	848	0	1088	614.4	1004.8	0
80	697.6	0	681.6	0	1107.2	793.6	816	0	659.2	758.4	976	0
81	880	0	1110.4	0	492.8	860.8	982.4	0	809.6	483.2	960	0
82	707.2	0	1059.2	0	1004.8	908.8	806.4	0	1052.8	566.4	822.4	0
83	697.6	0	1104	0	982.4	1004.8	633.6	0	809.6	889.6	892.8	0
84	579.2	0	684.8	0	547.2	723.2	563.2	0	915.2	1001.6	1027.2	0
85	505.6	0	1100.8	0	800	825.6	1164.8	0	848	844.8	956.8	0
86	1270.4	0	748.8	0	611.2	531.2	1059.2	0	771.2	1168	1024	0
87	944	0	768	0	486.4	345.6	972.8	0	672	1081.6	985.6	0
88	604.8	0	694.4	0	854.4	940.8	1017.6	0	838.4	614.4	704	0
89	524.8	0	835.2	0	707.2	825.6	675.2	0	902.4	790.4	844.8	0
90	723.2	0	496	0	876.8	934.4	963.2	0	649.6	848	870.4	0
(1,0)	(2,5173)	(3,3364)	(4,762)	
(1,0)	(2,2157)	(3,0)	(4,0)	
(1,0)	(2,1)	(3,0)	(4,0)	
(1,0)	(2,1655)	(3,0)	(4,0)	
(1,0)	(2,0)	(3,0)	(4,0)	
(1,0)	(2,0)	(3,0)	(4,0)	
(1,0)	(2,0)	(3,0)	(4,0)	
(1,0)	(2,0)	(3,0)	(4,0)	
(1,0)	(2,0)	(3,0)	(4,0)	
(1,0)	(2,0)	(3,0)	(4,0)	
(1,0)	(2,0)	(3,0)	(4,0)	
(1,0)	(2,0)	(3,0)	(4,0)	
(1,0)	(2,0)	(3,0)	(4,0)	
avg	799.573	0	831.68	0	794.88	772.693	882.987	0	868.373	832.853	924.48	0
delay	448.151	0.0740741	477.666	0.136364	589.916	621.411	514.511	0.428571	525.309	515.679	514.135	0.362069
loss	0.293333	0	0.129241	0	0.177536	0.354561	0.0647149	0	0.123482	0.139847	0.0658683	0
Command ['/home/ubuntu/ns-3.30-obss/build/scratch/simple-ofdma-adhoc6', '--ofdmaEnabled=true', '--startTime=60', '--totalTime=90', '--packetSize=4e3', '--dataMode=HeMcs3', '--datarate=20e6', '--ratio=0.375', '--RngRun=9', '--locationFile=locationtxt/locationFile42e1.txt', '--routingFile=locationtxt/routingFile42.txt', '--appFile=locationtxt/appFile.txt', '--tcp=0', '--randomTime=true', '--qosDisabled=true'] terminated with signal SIGSEGV. Run it under a debugger to get more information (./waf --run <program> --command-template="gdb --args %s <args>").
