Waf: Entering directory `/home/ubuntu/ns-3.30-obss/build'
Waf: Leaving directory `/home/ubuntu/ns-3.30-obss/build'
Build commands will be stored in build/compile_commands.json
'build' finished successfully (0.893s)
--------------------------Rate[Kbps]--------------------------
Time[s]	cl-1	cl-2	cl-3	cl-4	cl-5	cl-6	cl-7	cl-8	cl-9	cl-10	cl-11	cl-12
60	14	15.6	16.8	14.6	17.4	16.2	14	17.2	15.8	13.4	15.6	12.4
61	550.4	636.8	940.8	806.4	742.4	492.8	873.6	1120	825.6	809.6	1046.4	841.6
62	825.6	726.4	876.8	1187.2	1148.8	854.4	992	876.8	524.8	371.2	1180.8	377.6
63	800	640	604.8	819.2	873.6	512	822.4	534.4	710.4	908.8	627.2	720
64	646.4	640	755.2	646.4	752	518.4	761.6	761.6	774.4	630.4	678.4	566.4
65	684.8	659.2	492.8	739.2	1030.4	598.4	697.6	704	899.2	438.4	630.4	544
66	828.8	841.6	633.6	790.4	627.2	576	940.8	707.2	684.8	1014.4	771.2	662.4
67	726.4	531.2	716.8	553.6	956.8	582.4	870.4	688	886.4	524.8	752	515.2
68	889.6	668.8	572.8	460.8	707.2	467.2	681.6	492.8	604.8	624	780.8	835.2
69	748.8	614.4	633.6	768	508.8	604.8	812.8	774.4	828.8	489.6	617.6	745.6
70	627.2	480	598.4	960	774.4	240	848	793.6	611.2	524.8	598.4	684.8
71	672	873.6	726.4	828.8	1059.2	604.8	1078.4	633.6	412.8	579.2	704	438.4
72	604.8	550.4	553.6	627.2	780.8	659.2	822.4	828.8	732.8	537.6	784	832
73	681.6	924.8	672	729.6	633.6	675.2	803.2	662.4	806.4	889.6	694.4	553.6
74	716.8	553.6	582.4	659.2	547.2	720	755.2	672	665.6	796.8	748.8	873.6
75	908.8	908.8	576	659.2	518.4	646.4	620.8	624	550.4	448	579.2	841.6
76	700.8	752	729.6	736	604.8	531.2	512	380.8	873.6	668.8	544	774.4
77	649.6	720	528	764.8	694.4	988.8	947.2	726.4	668.8	598.4	995.2	758.4
78	924.8	720	966.4	857.6	534.4	473.6	841.6	704	924.8	489.6	611.2	678.4
79	457.6	617.6	601.6	371.2	796.8	617.6	896	630.4	652.8	377.6	633.6	793.6
80	675.2	790.4	614.4	803.2	844.8	684.8	761.6	758.4	707.2	777.6	752	876.8
81	793.6	556.8	1065.6	844.8	710.4	569.6	848	828.8	694.4	460.8	467.2	726.4
82	886.4	620.8	707.2	560	496	588.8	947.2	656	620.8	684.8	700.8	755.2
83	844.8	755.2	764.8	672	768	563.2	652.8	620.8	758.4	572.8	524.8	524.8
msg="Invalid WifiPhy state.", file=../src/wifi/model/wifi-phy-state-helper.cc, line=410
terminate called without an active exception
Command ['/home/ubuntu/ns-3.30-obss/build/scratch/simple-ofdma-adhoc6', '--ofdmaEnabled=true', '--startTime=60', '--totalTime=90', '--packetSize=4e3', '--dataMode=HeMcs4', '--datarate=30e6', '--ratio=0.375', '--RngRun=47', '--locationFile=locationtxt/locationFile42d.txt', '--routingFile=locationtxt/routingFile42.txt', '--appFile=locationtxt/appFile.txt', '--tcp=0', '--randomTime=true', '--qosDisabled=true'] terminated with signal SIGIOT. Run it under a debugger to get more information (./waf --run <program> --command-template="gdb --args %s <args>").
