Waf: Entering directory `/home/ubuntu/ns-3.30-obss/build'
Waf: Leaving directory `/home/ubuntu/ns-3.30-obss/build'
Build commands will be stored in build/compile_commands.json
'build' finished successfully (0.779s)
--------------------------Rate[Kbps]--------------------------
Time[s]	cl-1	cl-2	cl-3	cl-4	cl-5	cl-6	cl-7	cl-8	cl-9	cl-10	cl-11	cl-12
60	16.8	16.4	14.4	11	12.2	13.2	16.2	14	15.2	15	13	16.6
61	758.4	774.4	643.2	857.6	953.6	902.4	694.4	598.4	732.8	771.2	899.2	620.8
62	976	816	848	944	921.6	816	1056	979.2	860.8	1190.4	1014.4	937.6
63	886.4	1081.6	1036.8	851.2	665.6	646.4	982.4	720	643.2	947.2	617.6	736
64	1091.2	947.2	732.8	633.6	1017.6	755.2	780.8	595.2	601.6	534.4	1142.4	1059.2
65	496	908.8	550.4	643.2	816	803.2	1008	1075.2	736	1097.6	646.4	582.4
66	547.2	844.8	918.4	928	665.6	668.8	665.6	790.4	720	694.4	928	848
67	809.6	1017.6	947.2	896	915.2	838.4	902.4	1075.2	646.4	688	950.4	649.6
68	611.2	761.6	896	643.2	572.8	611.2	758.4	988.8	806.4	896	905.6	547.2
69	886.4	502.4	470.4	915.2	707.2	544	723.2	604.8	624	851.2	761.6	720
70	672	880	774.4	793.6	796.8	1161.6	681.6	832	662.4	835.2	636.8	739.2
71	761.6	844.8	835.2	521.6	857.6	793.6	860.8	729.6	732.8	620.8	780.8	883.2
72	684.8	681.6	608	748.8	777.6	601.6	832	787.2	627.2	700.8	700.8	768
73	1187.2	672	611.2	553.6	656	713.6	601.6	633.6	742.4	1065.6	908.8	848
74	704	675.2	742.4	729.6	617.6	873.6	700.8	720	480	457.6	912	841.6
75	723.2	752	838.4	838.4	819.2	873.6	873.6	921.6	1097.6	880	652.8	793.6
76	992	736	816	940.8	796.8	854.4	1062.4	624	550.4	928	704	835.2
77	902.4	953.6	896	867.2	771.2	800	732.8	672	742.4	576	700.8	627.2
78	953.6	908.8	1158.4	652.8	867.2	867.2	822.4	1024	822.4	1222.4	793.6	876.8
79	832	742.4	960	630.4	672	899.2	697.6	889.6	752	630.4	835.2	931.2
80	739.2	1110.4	812.8	588.8	966.4	960	928	851.2	1024	643.2	697.6	707.2
81	972.8	454.4	716.8	841.6	809.6	547.2	675.2	864	896	739.2	595.2	867.2
82	601.6	592	604.8	918.4	902.4	633.6	979.2	672	924.8	758.4	662.4	678.4
83	694.4	793.6	825.6	915.2	790.4	835.2	1088	444.8	681.6	665.6	672	726.4
84	851.2	860.8	1097.6	1126.4	723.2	771.2	652.8	780.8	931.2	537.6	841.6	787.2
85	764.8	966.4	720	720	864	947.2	905.6	419.2	505.6	579.2	784	1216
86	931.2	742.4	860.8	748.8	1027.2	880	902.4	870.4	889.6	787.2	640	604.8
87	694.4	672	892.8	713.6	768	684.8	563.2	614.4	1126.4	700.8	889.6	1068.8
88	694.4	704	678.4	1014.4	553.6	908.8	806.4	857.6	841.6	966.4	630.4	563.2
89	563.2	707.2	611.2	928	1040	1001.6	835.2	716.8	700.8	736	576	784
90	777.6	771.2	720	652.8	854.4	636.8	723.2	723.2	860.8	777.6	515.2	665.6
(1,0)	(2,4997)	(3,5418)	(4,1319)	
(1,0)	(2,1241)	(3,0)	(4,0)	
(1,0)	(2,1292)	(3,0)	(4,0)	
(1,0)	(2,1389)	(3,0)	(4,0)	
(1,0)	(2,1369)	(3,0)	(4,0)	
(1,0)	(2,0)	(3,0)	(4,0)	
(1,0)	(2,0)	(3,0)	(4,0)	
(1,0)	(2,0)	(3,0)	(4,0)	
(1,0)	(2,0)	(3,0)	(4,0)	
(1,0)	(2,0)	(3,0)	(4,0)	
(1,0)	(2,0)	(3,0)	(4,0)	
(1,0)	(2,0)	(3,0)	(4,0)	
(1,0)	(2,0)	(3,0)	(4,0)	
avg	792	795.84	794.133	791.893	805.547	794.347	816.533	769.173	765.44	782.613	766.507	783.787
delay	467.008	463.504	462.887	476.359	515.475	498.057	495.03	512.675	520.96	516.18	512.787	504.186
loss	0.099115	0.0802348	0.0846024	0.0813187	0.0954198	0.0913043	0.0672451	0.0886792	0.24015	0.0998217	0.0808271	0.212524
Command ['/home/ubuntu/ns-3.30-obss/build/scratch/simple-ofdma-adhoc6', '--ofdmaEnabled=true', '--startTime=60', '--totalTime=90', '--packetSize=4e3', '--dataMode=HeMcs4', '--datarate=25e6', '--ratio=0.375', '--RngRun=14', '--locationFile=locationtxt/locationFile42d.txt', '--routingFile=locationtxt/routingFile42.txt', '--appFile=locationtxt/appFile.txt', '--tcp=0', '--randomTime=true', '--qosDisabled=true'] terminated with signal SIGSEGV. Run it under a debugger to get more information (./waf --run <program> --command-template="gdb --args %s <args>").
