Waf: Entering directory `/home/ubuntu/ns-3.30-obss/build'
Waf: Leaving directory `/home/ubuntu/ns-3.30-obss/build'
Build commands will be stored in build/compile_commands.json
'build' finished successfully (0.688s)
--------------------------Rate[Kbps]--------------------------
Time[s]	cl-1	cl-2	cl-3	cl-4	cl-5	cl-6	cl-7	cl-8	cl-9	cl-10	cl-11	cl-12
60	13.6	14.8	16.6	16	14.2	17.8	16.8	14.2	15.4	13	14.4	16.6
61	723.2	700.8	844.8	976	585.6	832	800	771.2	790.4	736	739.2	729.6
62	761.6	803.2	838.4	787.2	985.6	681.6	784	649.6	1321.6	822.4	793.6	537.6
63	582.4	800	713.6	966.4	1088	844.8	1065.6	902.4	982.4	870.4	899.2	822.4
64	934.4	841.6	800	665.6	742.4	931.2	931.2	678.4	758.4	617.6	790.4	652.8
65	771.2	726.4	867.2	924.8	643.2	886.4	806.4	726.4	899.2	1027.2	976	1081.6
66	995.2	662.4	921.6	953.6	742.4	873.6	934.4	768	880	905.6	998.4	691.2
67	745.6	915.2	889.6	1129.6	665.6	646.4	982.4	873.6	940.8	684.8	937.6	643.2
68	790.4	892.8	838.4	966.4	806.4	691.2	691.2	822.4	860.8	1100.8	886.4	656
69	745.6	960	793.6	483.2	745.6	422.4	886.4	924.8	790.4	828.8	912	806.4
70	947.2	908.8	739.2	838.4	790.4	899.2	780.8	876.8	1036.8	860.8	710.4	796.8
71	780.8	614.4	771.2	1148.8	1062.4	758.4	819.2	912	803.2	825.6	768	902.4
72	700.8	832	1065.6	854.4	921.6	812.8	889.6	1024	787.2	883.2	716.8	921.6
73	646.4	787.2	915.2	1097.6	873.6	800	793.6	755.2	825.6	790.4	1120	832
74	726.4	761.6	787.2	892.8	812.8	924.8	1248	832	998.4	672	627.2	681.6
75	899.2	883.2	691.2	1014.4	1052.8	921.6	803.2	851.2	675.2	828.8	1040	1024
76	624	742.4	867.2	860.8	854.4	768	1129.6	880	726.4	892.8	681.6	659.2
77	819.2	774.4	976	758.4	521.6	684.8	921.6	688	870.4	707.2	876.8	1017.6
78	883.2	780.8	617.6	915.2	825.6	1174.4	873.6	681.6	963.2	828.8	816	768
79	768	790.4	617.6	659.2	694.4	768	1049.6	928	710.4	1065.6	886.4	956.8
80	848	771.2	924.8	646.4	691.2	940.8	848	976	960	934.4	950.4	668.8
81	806.4	902.4	1004.8	998.4	953.6	905.6	732.8	726.4	976	761.6	752	944
82	889.6	822.4	960	1014.4	969.6	1116.8	867.2	793.6	931.2	819.2	684.8	569.6
83	694.4	752	1008	1040	867.2	700.8	1116.8	1017.6	668.8	492.8	992	1052.8
84	739.2	848	979.2	1036.8	777.6	988.8	684.8	668.8	1152	1078.4	752	649.6
85	716.8	822.4	950.4	854.4	800	979.2	691.2	934.4	1036.8	1120	956.8	851.2
86	860.8	908.8	688	832	787.2	793.6	912	1020.8	924.8	736	700.8	620.8
87	825.6	972.8	931.2	742.4	758.4	761.6	838.4	809.6	992	809.6	944	966.4
88	931.2	656	816	832	937.6	985.6	902.4	864	979.2	796.8	675.2	707.2
89	678.4	1132.8	764.8	940.8	774.4	793.6	694.4	822.4	851.2	691.2	928	835.2
90	633.6	1033.6	944	953.6	761.6	924.8	851.2	752	950.4	1027.2	716.8	614.4
(1,0)	(2,4439)	(3,3687)	(4,893)	
(1,0)	(2,643)	(3,0)	(4,0)	
(1,0)	(2,806)	(3,0)	(4,0)	
(1,0)	(2,886)	(3,0)	(4,0)	
(1,0)	(2,754)	(3,0)	(4,0)	
(1,0)	(2,0)	(3,0)	(4,0)	
(1,0)	(2,0)	(3,0)	(4,0)	
(1,0)	(2,0)	(3,0)	(4,0)	
(1,0)	(2,0)	(3,0)	(4,0)	
(1,0)	(2,0)	(3,0)	(4,0)	
(1,0)	(2,0)	(3,0)	(4,0)	
(1,0)	(2,0)	(3,0)	(4,0)	
(1,0)	(2,0)	(3,0)	(4,0)	
avg	782.293	826.667	850.88	892.8	816.427	840.427	877.653	831.04	901.44	840.533	840.96	788.693
delay	36.6798	37.3342	38.7723	37.3878	50.0193	45.5602	60.4817	60.9934	62.2601	55.495	55.885	50.8291
loss	0	0.00262467	0	0	0	0.00731707	0.0020284	0.0108696	0.00533333	0.00249377	0	0.00507614
Command ['/home/ubuntu/ns-3.30-obss/build/scratch/simple-ofdma-adhoc6', '--ofdmaEnabled=true', '--startTime=60', '--totalTime=90', '--packetSize=4e3', '--dataMode=HeMcs4', '--datarate=20e6', '--ratio=0.375', '--RngRun=3', '--locationFile=locationtxt/locationFile42d.txt', '--routingFile=locationtxt/routingFile42.txt', '--appFile=locationtxt/appFile.txt', '--tcp=0', '--randomTime=true', '--qosDisabled=true'] terminated with signal SIGSEGV. Run it under a debugger to get more information (./waf --run <program> --command-template="gdb --args %s <args>").
