Waf: Entering directory `/home/ubuntu/ns-3.30-obss/build'
Waf: Leaving directory `/home/ubuntu/ns-3.30-obss/build'
Build commands will be stored in build/compile_commands.json
'build' finished successfully (0.727s)
--------------------------Rate[Kbps]--------------------------
Time[s]	cl-1	cl-2	cl-3	cl-4	cl-5	cl-6	cl-7	cl-8	cl-9	cl-10	cl-11	cl-12
60	14.6	18	13.6	11.2	16.8	14.8	14.8	15.8	13.2	16.2	13.4	14.6
61	736	841.6	620.8	864	704	716.8	672	822.4	844.8	825.6	883.2	828.8
62	569.6	908.8	819.2	806.4	953.6	1068.8	713.6	947.2	1196.8	825.6	867.2	729.6
63	1030.4	838.4	1209.6	1049.6	880	649.6	803.2	844.8	947.2	870.4	563.2	956.8
64	1062.4	777.6	736	678.4	710.4	1120	832	387.2	768	489.6	1104	1241.6
65	790.4	944	736	1004.8	652.8	998.4	528	598.4	1062.4	848	761.6	992
66	384	832	896	672	777.6	620.8	646.4	844.8	934.4	928	924.8	915.2
67	649.6	899.2	1212.8	720	460.8	361.6	956.8	646.4	1081.6	915.2	841.6	822.4
68	585.6	812.8	748.8	723.2	921.6	1056	540.8	787.2	803.2	768	912	803.2
69	790.4	800	694.4	848	752	710.4	915.2	1059.2	496	940.8	620.8	646.4
70	729.6	640	812.8	908.8	793.6	592	800	768	768	1001.6	505.6	579.2
71	620.8	707.2	870.4	579.2	812.8	668.8	864	761.6	412.8	540.8	678.4	960
72	787.2	883.2	1088	1100.8	569.6	432	1001.6	732.8	806.4	787.2	793.6	1017.6
73	659.2	588.8	688	547.2	896	956.8	732.8	812.8	572.8	918.4	704	825.6
74	924.8	835.2	966.4	876.8	521.6	291.2	940.8	1024	742.4	764.8	611.2	828.8
75	678.4	832	700.8	585.6	947.2	940.8	684.8	409.6	864	777.6	496	636.8
76	604.8	889.6	892.8	614.4	732.8	656	768	838.4	665.6	700.8	672	1174.4
77	918.4	819.2	784	832	550.4	598.4	748.8	678.4	966.4	652.8	633.6	812.8
78	656	652.8	649.6	579.2	745.6	956.8	665.6	675.2	633.6	1049.6	592	656
79	806.4	880	915.2	889.6	1116.8	640	556.8	659.2	739.2	780.8	768	681.6
80	614.4	777.6	732.8	432	1209.6	649.6	496	832	480	620.8	1056	784
81	777.6	1020.8	707.2	748.8	880	697.6	860.8	828.8	787.2	771.2	601.6	812.8
82	668.8	713.6	640	800	784	640	697.6	662.4	460.8	1065.6	947.2	972.8
83	892.8	742.4	595.2	998.4	1004.8	972.8	819.2	937.6	700.8	409.6	502.4	320
84	726.4	755.2	886.4	518.4	614.4	550.4	889.6	489.6	876.8	1296	1158.4	1145.6
85	614.4	761.6	848	876.8	1024	620.8	617.6	646.4	803.2	768	998.4	464
86	777.6	1017.6	774.4	988.8	659.2	620.8	841.6	835.2	998.4	764.8	473.6	524.8
87	537.6	995.2	694.4	803.2	608	768	889.6	764.8	656	864	886.4	745.6
88	1078.4	723.2	998.4	582.4	745.6	787.2	816	777.6	924.8	902.4	675.2	611.2
89	636.8	931.2	691.2	899.2	745.6	825.6	547.2	502.4	713.6	921.6	806.4	672
90	694.4	678.4	784	790.4	752	560	672	896	924.8	646.4	844.8	732.8
(1,0)	(2,4834)	(3,5319)	(4,1484)	
(1,0)	(2,1463)	(3,0)	(4,0)	
(1,0)	(2,1259)	(3,0)	(4,0)	
(1,0)	(2,1327)	(3,0)	(4,0)	
(1,0)	(2,1689)	(3,0)	(4,0)	
(1,0)	(2,0)	(3,0)	(4,0)	
(1,0)	(2,0)	(3,0)	(4,0)	
(1,0)	(2,0)	(3,0)	(4,0)	
(1,0)	(2,0)	(3,0)	(4,0)	
(1,0)	(2,0)	(3,0)	(4,0)	
(1,0)	(2,0)	(3,0)	(4,0)	
(1,0)	(2,0)	(3,0)	(4,0)	
(1,0)	(2,0)	(3,0)	(4,0)	
avg	733.44	816.64	813.12	777.28	784.213	724.267	750.613	749.013	787.733	813.867	762.773	796.48
delay	461.681	454.961	457.019	446.909	526.616	516.667	510.517	500.392	494.613	502.133	536.885	535.254
loss	0.0993658	0.227273	0.0820244	0.240385	0.232465	0.0932755	0.0887246	0.10846	0.102967	0.230912	0.0952381	0.0991379
Command ['/home/ubuntu/ns-3.30-obss/build/scratch/simple-ofdma-adhoc6', '--ofdmaEnabled=true', '--startTime=60', '--totalTime=90', '--packetSize=4e3', '--dataMode=HeMcs4', '--datarate=25e6', '--ratio=0.375', '--RngRun=38', '--locationFile=locationtxt/locationFile42d.txt', '--routingFile=locationtxt/routingFile42.txt', '--appFile=locationtxt/appFile.txt', '--tcp=0', '--randomTime=true', '--qosDisabled=true'] terminated with signal SIGSEGV. Run it under a debugger to get more information (./waf --run <program> --command-template="gdb --args %s <args>").
