Waf: Entering directory `/home/ubuntu/ns-3.30-obss/build'
Waf: Leaving directory `/home/ubuntu/ns-3.30-obss/build'
Build commands will be stored in build/compile_commands.json
'build' finished successfully (0.741s)
--------------------------Rate[Kbps]--------------------------
Time[s]	cl-1	cl-2	cl-3	cl-4	cl-5	cl-6	cl-7	cl-8	cl-9	cl-10	cl-11	cl-12
60	13.4	16.4	13.2	14.8	17.2	13.2	15.2	15.4	16.8	12.6	14.8	15.6
61	643.2	1107.2	940.8	745.6	944	809.6	691.2	854.4	617.6	889.6	662.4	1059.2
62	835.2	969.6	684.8	790.4	828.8	665.6	908.8	985.6	838.4	835.2	726.4	774.4
63	688	707.2	668.8	723.2	652.8	467.2	940.8	528	704	627.2	723.2	816
64	678.4	678.4	470.4	688	960	572.8	748.8	707.2	691.2	739.2	675.2	550.4
65	822.4	886.4	492.8	796.8	803.2	620.8	409.6	649.6	912	720	579.2	640
66	844.8	633.6	761.6	784	534.4	652.8	796.8	822.4	784	476.8	492.8	960
67	812.8	473.6	614.4	777.6	688	448	476.8	752	556.8	240	777.6	681.6
68	787.2	694.4	624	787.2	633.6	588.8	694.4	505.6	710.4	697.6	806.4	896
69	784	598.4	582.4	547.2	659.2	332.8	566.4	790.4	793.6	713.6	800	796.8
70	544	572.8	665.6	944	755.2	848	505.6	684.8	960	681.6	582.4	665.6
71	579.2	630.4	697.6	809.6	643.2	700.8	828.8	656	576	665.6	636.8	742.4
72	848	716.8	451.2	681.6	704	528	739.2	544	483.2	659.2	576	899.2
73	585.6	771.2	483.2	656	515.2	678.4	624	470.4	800	889.6	800	800
74	883.2	748.8	620.8	643.2	707.2	480	601.6	787.2	515.2	563.2	793.6	764.8
75	694.4	643.2	579.2	508.8	640	505.6	832	796.8	620.8	643.2	755.2	627.2
76	652.8	726.4	627.2	768	742.4	617.6	678.4	432	816	400	681.6	681.6
77	473.6	716.8	758.4	675.2	889.6	713.6	787.2	777.6	560	617.6	675.2	755.2
78	768	547.2	944	758.4	720	585.6	774.4	636.8	556.8	492.8	745.6	723.2
79	521.6	723.2	464	672	688	572.8	896	876.8	483.2	640	761.6	710.4
80	742.4	854.4	665.6	764.8	697.6	604.8	460.8	656	857.6	617.6	563.2	620.8
81	851.2	688	508.8	934.4	944	547.2	921.6	1139.2	512	512	678.4	723.2
82	723.2	851.2	633.6	806.4	540.8	752	867.2	547.2	908.8	825.6	780.8	598.4
83	902.4	588.8	528	1040	723.2	726.4	918.4	608	745.6	748.8	736	633.6
84	710.4	876.8	646.4	681.6	857.6	592	729.6	604.8	761.6	390.4	512	649.6
85	480	643.2	771.2	732.8	697.6	656	512	716.8	620.8	614.4	729.6	851.2
86	851.2	908.8	521.6	889.6	704	768	185.6	220.8	400	553.6	1056	892.8
87	636.8	646.4	608	585.6	716.8	332.8	937.6	1142.4	870.4	707.2	515.2	684.8
88	806.4	412.8	684.8	748.8	1184	483.2	748.8	636.8	704	700.8	688	940.8
89	665.6	601.6	668.8	659.2	803.2	550.4	985.6	672	918.4	390.4	700.8	675.2
90	892.8	870.4	569.6	576	617.6	400	524.8	518.4	889.6	700.8	828.8	873.6
(1,0)	(2,4373)	(3,5572)	(4,1698)	
(1,0)	(2,1272)	(3,0)	(4,0)	
(1,0)	(2,1320)	(3,0)	(4,0)	
(1,0)	(2,1421)	(3,0)	(4,0)	
(1,0)	(2,1442)	(3,0)	(4,0)	
(1,0)	(2,0)	(3,0)	(4,0)	
(1,0)	(2,0)	(3,0)	(4,0)	
(1,0)	(2,0)	(3,0)	(4,0)	
(1,0)	(2,0)	(3,0)	(4,0)	
(1,0)	(2,0)	(3,0)	(4,0)	
(1,0)	(2,0)	(3,0)	(4,0)	
(1,0)	(2,0)	(3,0)	(4,0)	
(1,0)	(2,0)	(3,0)	(4,0)	
avg	723.627	716.267	631.253	739.2	739.84	593.387	709.76	690.667	705.6	631.787	701.333	756.267
delay	506.063	486.532	510.602	487.416	527.313	571.065	555.283	554.649	567.907	577.946	560.779	537.605
loss	0.458075	0.434711	0.610662	0.161818	0.136276	0.375749	0.203915	0.479522	0.234177	0.559055	0.449082	0.438986
Command ['/home/ubuntu/ns-3.30-obss/build/scratch/simple-ofdma-adhoc6', '--ofdmaEnabled=true', '--startTime=60', '--totalTime=90', '--packetSize=4e3', '--dataMode=HeMcs4', '--datarate=30e6', '--ratio=0.375', '--RngRun=17', '--locationFile=locationtxt/locationFile42d.txt', '--routingFile=locationtxt/routingFile42.txt', '--appFile=locationtxt/appFile.txt', '--tcp=0', '--randomTime=true', '--qosDisabled=true'] terminated with signal SIGSEGV. Run it under a debugger to get more information (./waf --run <program> --command-template="gdb --args %s <args>").
