Waf: Entering directory `/home/ubuntu/ns-3.30-obss/build'
Waf: Leaving directory `/home/ubuntu/ns-3.30-obss/build'
Build commands will be stored in build/compile_commands.json
'build' finished successfully (0.715s)
--------------------------Rate[Kbps]--------------------------
Time[s]	cl-1	cl-2	cl-3	cl-4	cl-5	cl-6	cl-7	cl-8	cl-9	cl-10	cl-11	cl-12
60	15.2	15.6	14.8	14.6	13	13.6	15.8	11.8	16	15.8	13.2	14.2
61	860.8	585.6	662.4	752	988.8	761.6	563.2	723.2	809.6	921.6	844.8	809.6
62	713.6	672	636.8	710.4	1017.6	1097.6	870.4	1200	995.2	784	736	841.6
63	921.6	867.2	620.8	585.6	867.2	771.2	668.8	700.8	819.2	956.8	796.8	848
64	713.6	656	832	451.2	640	880	796.8	627.2	480	489.6	681.6	867.2
65	1184	780.8	665.6	796.8	537.6	1004.8	688	691.2	1219.2	1020.8	595.2	640
66	867.2	793.6	448	1094.4	604.8	620.8	569.6	643.2	691.2	659.2	784	848
67	518.4	790.4	774.4	697.6	764.8	835.2	1052.8	1084.8	675.2	668.8	697.6	710.4
68	892.8	809.6	966.4	1014.4	742.4	544	780.8	838.4	739.2	649.6	1027.2	944
69	857.6	617.6	905.6	777.6	640	656	672	636.8	784	729.6	822.4	1059.2
70	860.8	771.2	649.6	806.4	611.2	832	860.8	569.6	598.4	835.2	614.4	947.2
71	656	857.6	985.6	931.2	771.2	819.2	972.8	944	1014.4	662.4	931.2	649.6
72	742.4	716.8	652.8	876.8	838.4	784	1001.6	608	931.2	915.2	537.6	764.8
73	924.8	800	857.6	748.8	867.2	764.8	496	585.6	1033.6	742.4	598.4	876.8
74	892.8	937.6	576	860.8	1145.6	531.2	774.4	755.2	572.8	857.6	620.8	624
75	560	915.2	745.6	758.4	710.4	761.6	832	796.8	528	876.8	876.8	1068.8
76	940.8	940.8	857.6	873.6	707.2	992	771.2	627.2	864	732.8	1196.8	617.6
77	1136	908.8	950.4	928	656	1180.8	716.8	796.8	620.8	745.6	777.6	675.2
78	633.6	812.8	675.2	889.6	995.2	646.4	729.6	793.6	691.2	672	905.6	595.2
79	985.6	899.2	848	953.6	796.8	553.6	400	700.8	896	908.8	713.6	806.4
80	630.4	640	640	627.2	812.8	787.2	556.8	716.8	876.8	921.6	761.6	665.6
81	643.2	944	787.2	1056	646.4	793.6	912	726.4	524.8	656	985.6	678.4
82	595.2	787.2	771.2	649.6	835.2	531.2	729.6	956.8	774.4	732.8	678.4	835.2
83	716.8	688	560	848	636.8	848	892.8	668.8	966.4	873.6	742.4	672
84	864	736	892.8	1052.8	627.2	681.6	835.2	963.2	985.6	876.8	675.2	912
85	979.2	902.4	828.8	656	595.2	928	848	502.4	758.4	732.8	726.4	700.8
86	636.8	739.2	576	576	636.8	918.4	873.6	572.8	822.4	726.4	569.6	892.8
87	793.6	675.2	1126.4	998.4	739.2	838.4	768	672	704	579.2	633.6	678.4
88	656	704	483.2	553.6	588.8	630.4	640	838.4	697.6	1097.6	896	838.4
89	979.2	908.8	976	697.6	643.2	691.2	771.2	681.6	921.6	870.4	787.2	796.8
90	1180.8	832	1046.4	790.4	678.4	905.6	841.6	1113.6	691.2	313.6	764.8	752
(1,0)	(2,4890)	(3,5401)	(4,1412)	
(1,0)	(2,1244)	(3,0)	(4,0)	
(1,0)	(2,1393)	(3,0)	(4,0)	
(1,0)	(2,1417)	(3,0)	(4,0)	
(1,0)	(2,1341)	(3,0)	(4,0)	
(1,0)	(2,0)	(3,0)	(4,0)	
(1,0)	(2,0)	(3,0)	(4,0)	
(1,0)	(2,0)	(3,0)	(4,0)	
(1,0)	(2,0)	(3,0)	(4,0)	
(1,0)	(2,0)	(3,0)	(4,0)	
(1,0)	(2,0)	(3,0)	(4,0)	
(1,0)	(2,0)	(3,0)	(4,0)	
(1,0)	(2,0)	(3,0)	(4,0)	
avg	817.92	789.653	766.613	800.427	744.747	786.347	762.88	757.867	789.547	773.653	765.973	787.2
delay	464.096	478.973	474.72	476.937	512.654	500.259	524.807	527.444	526.253	521.379	515.915	511.609
loss	0.0538033	0.226667	0.246377	0.0874126	0.0725953	0.212181	0.221545	0.256148	0.0875421	0.0735931	0.082774	0.0664336
Command ['/home/ubuntu/ns-3.30-obss/build/scratch/simple-ofdma-adhoc6', '--ofdmaEnabled=true', '--startTime=60', '--totalTime=90', '--packetSize=4e3', '--dataMode=HeMcs4', '--datarate=25e6', '--ratio=0.375', '--RngRun=4', '--locationFile=locationtxt/locationFile42d.txt', '--routingFile=locationtxt/routingFile42.txt', '--appFile=locationtxt/appFile.txt', '--tcp=0', '--randomTime=true', '--qosDisabled=true'] terminated with signal SIGSEGV. Run it under a debugger to get more information (./waf --run <program> --command-template="gdb --args %s <args>").
