Waf: Entering directory `/home/ubuntu/ns-3.30-obss/build'
Waf: Leaving directory `/home/ubuntu/ns-3.30-obss/build'
Build commands will be stored in build/compile_commands.json
'build' finished successfully (0.975s)
--------------------------Rate[Kbps]--------------------------
Time[s]	cl-1	cl-2	cl-3	cl-4	cl-5	cl-6	cl-7	cl-8	cl-9	cl-10	cl-11	cl-12
60	17.2	15	12	11.8	13.4	14.8	19	16.4	15.2	14.4	14.8	15
61	803.2	681.6	912	1100.8	723.2	960	928	579.2	880	684.8	681.6	1104
62	864	828.8	723.2	809.6	438.4	480	585.6	1008	822.4	764.8	812.8	1158.4
63	937.6	972.8	588.8	700.8	1011.2	544	560	774.4	684.8	643.2	758.4	710.4
64	768	880	678.4	780.8	800	524.8	656	614.4	656	726.4	739.2	787.2
65	604.8	460.8	467.2	662.4	841.6	688	633.6	851.2	857.6	700.8	582.4	857.6
66	371.2	713.6	633.6	784	761.6	604.8	809.6	704	908.8	854.4	649.6	1004.8
67	684.8	649.6	726.4	617.6	691.2	777.6	1046.4	483.2	649.6	473.6	566.4	819.2
68	796.8	646.4	700.8	668.8	723.2	553.6	780.8	758.4	576	518.4	643.2	627.2
69	652.8	387.2	793.6	985.6	796.8	464	684.8	716.8	928	611.2	729.6	643.2
70	739.2	649.6	489.6	566.4	601.6	480	710.4	745.6	601.6	435.2	726.4	713.6
71	544	662.4	553.6	640	614.4	576	710.4	608	838.4	764.8	761.6	643.2
72	908.8	806.4	694.4	672	694.4	777.6	745.6	764.8	438.4	204.8	876.8	787.2
73	860.8	550.4	675.2	1020.8	1068.8	771.2	553.6	726.4	576	380.8	470.4	822.4
74	857.6	950.4	665.6	608	768	502.4	595.2	630.4	1052.8	1017.6	755.2	688
75	611.2	595.2	425.6	592	684.8	390.4	694.4	704	566.4	713.6	566.4	636.8
76	528	768	755.2	620.8	816	521.6	806.4	617.6	732.8	675.2	812.8	608
77	707.2	684.8	508.8	588.8	944	576	636.8	812.8	662.4	505.6	752	588.8
78	944	614.4	742.4	566.4	905.6	553.6	758.4	531.2	668.8	729.6	377.6	809.6
79	636.8	736	611.2	886.4	854.4	572.8	531.2	928	726.4	640	755.2	665.6
80	438.4	688	550.4	790.4	857.6	515.2	662.4	614.4	624	656	825.6	515.2
81	713.6	819.2	716.8	918.4	601.6	822.4	608	697.6	988.8	694.4	851.2	979.2
82	595.2	601.6	684.8	601.6	803.2	316.8	361.6	470.4	534.4	534.4	688	633.6
83	787.2	569.6	579.2	771.2	499.2	272	812.8	748.8	700.8	726.4	748.8	752
84	777.6	761.6	726.4	553.6	995.2	908.8	777.6	796.8	713.6	550.4	867.2	502.4
85	800	886.4	604.8	742.4	880	547.2	636.8	793.6	755.2	678.4	697.6	588.8
86	617.6	908.8	668.8	649.6	928	614.4	560	748.8	643.2	505.6	611.2	768
87	681.6	508.8	617.6	716.8	784	620.8	793.6	800	656	684.8	886.4	617.6
88	668.8	572.8	832	672	793.6	486.4	681.6	640	617.6	681.6	496	771.2
89	611.2	822.4	544	819.2	755.2	448	790.4	592	758.4	614.4	806.4	601.6
90	912	652.8	867.2	697.6	1164.8	547.2	649.6	630.4	675.2	556.8	592	611.2
(1,0)	(2,4464)	(3,5510)	(4,1727)	
(1,0)	(2,1169)	(3,0)	(4,0)	
(1,0)	(2,1306)	(3,0)	(4,0)	
(1,0)	(2,1397)	(3,0)	(4,0)	
(1,0)	(2,1462)	(3,0)	(4,0)	
(1,0)	(2,0)	(3,0)	(4,0)	
(1,0)	(2,0)	(3,0)	(4,0)	
(1,0)	(2,0)	(3,0)	(4,0)	
(1,0)	(2,0)	(3,0)	(4,0)	
(1,0)	(2,0)	(3,0)	(4,0)	
(1,0)	(2,0)	(3,0)	(4,0)	
(1,0)	(2,0)	(3,0)	(4,0)	
(1,0)	(2,0)	(3,0)	(4,0)	
avg	714.133	701.013	657.92	726.827	793.387	580.587	692.053	703.04	716.48	630.933	702.933	733.867
delay	485.665	508.624	490.388	493.038	527.464	512.47	537.388	548.439	550.206	574.43	554.65	546.638
loss	0.113309	0.212978	0.114603	0.497771	0.412023	0.134921	0.481419	0.204114	0.112167	0.592593	0.213445	0.215267
Command ['/home/ubuntu/ns-3.30-obss/build/scratch/simple-ofdma-adhoc6', '--ofdmaEnabled=true', '--startTime=60', '--totalTime=90', '--packetSize=4e3', '--dataMode=HeMcs4', '--datarate=30e6', '--ratio=0.375', '--RngRun=50', '--locationFile=locationtxt/locationFile42d.txt', '--routingFile=locationtxt/routingFile42.txt', '--appFile=locationtxt/appFile.txt', '--tcp=0', '--randomTime=true', '--qosDisabled=true'] terminated with signal SIGSEGV. Run it under a debugger to get more information (./waf --run <program> --command-template="gdb --args %s <args>").
