Waf: Entering directory `/home/ubuntu/ns-3.30-obss/build'
Waf: Leaving directory `/home/ubuntu/ns-3.30-obss/build'
Build commands will be stored in build/compile_commands.json
'build' finished successfully (0.753s)
--------------------------Rate[Kbps]--------------------------
Time[s]	cl-1	cl-2	cl-3	cl-4	cl-5	cl-6	cl-7	cl-8	cl-9	cl-10	cl-11	cl-12
60	15.6	16.8	17	15.2	14	16.4	17	13.4	14	15.6	15.4	15
61	896	697.6	1040	832	636.8	870.4	1187.2	854.4	998.4	777.6	940.8	550.4
62	912	656	803.2	793.6	720	1212.8	742.4	857.6	854.4	758.4	963.2	1027.2
63	966.4	796.8	556.8	780.8	707.2	908.8	668.8	784	1116.8	1004.8	460.8	950.4
64	844.8	889.6	649.6	556.8	848	1065.6	825.6	1043.2	915.2	1107.2	630.4	633.6
65	844.8	860.8	851.2	1132.8	656	793.6	732.8	976	726.4	528	729.6	960
66	630.4	515.2	710.4	704	633.6	899.2	870.4	569.6	704	883.2	732.8	636.8
67	908.8	937.6	944	1030.4	572.8	604.8	412.8	300.8	876.8	1017.6	665.6	659.2
68	643.2	745.6	524.8	496	643.2	515.2	796.8	1126.4	950.4	761.6	646.4	902.4
69	918.4	857.6	899.2	860.8	1068.8	1072	422.4	713.6	729.6	896	1008	723.2
70	774.4	732.8	704	1129.6	464	441.6	755.2	1161.6	1033.6	1068.8	1030.4	620.8
71	745.6	752	886.4	752	563.2	1072	921.6	1011.2	819.2	771.2	908.8	672
72	617.6	953.6	928	812.8	675.2	864	592	518.4	668.8	940.8	540.8	828.8
73	822.4	665.6	713.6	809.6	361.6	300.8	963.2	1104	771.2	793.6	937.6	771.2
74	688	1142.4	576	700.8	928	1017.6	800	774.4	918.4	624	611.2	944
75	851.2	822.4	832	876.8	806.4	691.2	611.2	828.8	864	694.4	736	688
76	902.4	838.4	492.8	1174.4	665.6	726.4	787.2	880	668.8	732.8	851.2	736
77	825.6	572.8	774.4	921.6	547.2	972.8	912	784	918.4	675.2	947.2	755.2
78	841.6	739.2	720	867.2	784	681.6	598.4	1004.8	588.8	902.4	755.2	924.8
79	876.8	675.2	720	720	880	950.4	460.8	1049.6	835.2	550.4	572.8	608
80	630.4	464	643.2	960	908.8	755.2	924.8	713.6	928	838.4	787.2	729.6
81	915.2	694.4	649.6	940.8	448	515.2	656	723.2	608	585.6	860.8	857.6
82	806.4	854.4	825.6	691.2	1081.6	1280	662.4	809.6	857.6	675.2	640	464
83	700.8	969.6	688	774.4	924.8	806.4	921.6	630.4	825.6	1024	499.2	646.4
84	579.2	624	1027.2	633.6	822.4	681.6	790.4	646.4	601.6	572.8	867.2	428.8
85	950.4	659.2	828.8	835.2	652.8	806.4	665.6	425.6	988.8	592	1190.4	944
86	716.8	1040	835.2	828.8	659.2	867.2	691.2	950.4	787.2	739.2	873.6	1011.2
87	1043.2	828.8	476.8	1008	627.2	694.4	864	1081.6	752	896	729.6	886.4
88	576	828.8	880	662.4	787.2	726.4	732.8	630.4	822.4	726.4	896	688
89	761.6	723.2	755.2	688	905.6	966.4	601.6	758.4	896	537.6	883.2	678.4
90	572.8	832	816	598.4	624	332.8	684.8	518.4	764.8	723.2	1068.8	950.4
(1,0)	(2,4862)	(3,5467)	(4,1335)	
(1,0)	(2,1353)	(3,0)	(4,0)	
(1,0)	(2,1281)	(3,0)	(4,0)	
(1,0)	(2,1320)	(3,0)	(4,0)	
(1,0)	(2,1466)	(3,0)	(4,0)	
(1,0)	(2,0)	(3,0)	(4,0)	
(1,0)	(2,0)	(3,0)	(4,0)	
(1,0)	(2,0)	(3,0)	(4,0)	
(1,0)	(2,0)	(3,0)	(4,0)	
(1,0)	(2,0)	(3,0)	(4,0)	
(1,0)	(2,0)	(3,0)	(4,0)	
(1,0)	(2,0)	(3,0)	(4,0)	
(1,0)	(2,0)	(3,0)	(4,0)	
avg	792.107	778.987	758.4	819.093	720.107	803.093	741.867	807.68	826.347	779.947	798.827	762.56
delay	455.619	463.186	442.406	451.184	510.655	504.004	507.868	524.41	492.621	493.19	526.666	517.913
loss	0.0831919	0.212371	0.0813492	0.0705128	0.113725	0.062249	0.0899281	0.203455	0.191729	0.223553	0.0935412	0.22963
Command ['/home/ubuntu/ns-3.30-obss/build/scratch/simple-ofdma-adhoc6', '--ofdmaEnabled=true', '--startTime=60', '--totalTime=90', '--packetSize=4e3', '--dataMode=HeMcs4', '--datarate=25e6', '--ratio=0.375', '--RngRun=27', '--locationFile=locationtxt/locationFile42d.txt', '--routingFile=locationtxt/routingFile42.txt', '--appFile=locationtxt/appFile.txt', '--tcp=0', '--randomTime=true', '--qosDisabled=true'] terminated with signal SIGSEGV. Run it under a debugger to get more information (./waf --run <program> --command-template="gdb --args %s <args>").
