Waf: Entering directory `/home/ubuntu/ns-3.30-obss/build'
Waf: Leaving directory `/home/ubuntu/ns-3.30-obss/build'
Build commands will be stored in build/compile_commands.json
'build' finished successfully (0.763s)
--------------------------Rate[Kbps]--------------------------
Time[s]	cl-1	cl-2	cl-3	cl-4	cl-5	cl-6	cl-7	cl-8	cl-9	cl-10	cl-11	cl-12
60	13.6	13	14.6	15.8	17.4	17.8	19.6	14.4	18	14.4	13.8	16.2
61	729.6	912	764.8	873.6	809.6	908.8	809.6	809.6	905.6	729.6	723.2	860.8
62	969.6	902.4	902.4	768	796.8	771.2	624	636.8	595.2	819.2	774.4	643.2
63	774.4	1075.2	867.2	1126.4	947.2	1024	902.4	755.2	768	844.8	924.8	601.6
64	944	816	707.2	985.6	688	838.4	1126.4	720	832	966.4	1097.6	860.8
65	867.2	723.2	960	617.6	854.4	636.8	832	864	928	854.4	896	758.4
66	704	825.6	1097.6	966.4	864	876.8	771.2	678.4	748.8	832	806.4	1011.2
67	1104	835.2	604.8	924.8	880	835.2	1027.2	921.6	950.4	809.6	752	1011.2
68	918.4	787.2	819.2	822.4	768	956.8	995.2	1062.4	940.8	694.4	758.4	819.2
69	979.2	547.2	668.8	934.4	764.8	793.6	800	816	857.6	700.8	569.6	665.6
70	947.2	896	790.4	633.6	905.6	704	656	771.2	771.2	784	659.2	732.8
71	851.2	956.8	969.6	668.8	982.4	729.6	694.4	908.8	700.8	931.2	1168	841.6
72	742.4	937.6	828.8	678.4	928	780.8	736	860.8	857.6	1097.6	1033.6	752
73	1008	944	675.2	659.2	688	876.8	844.8	800	758.4	828.8	707.2	758.4
74	905.6	710.4	768	812.8	732.8	652.8	1049.6	816	934.4	835.2	870.4	585.6
75	675.2	892.8	854.4	950.4	889.6	681.6	854.4	1027.2	752	822.4	672	816
76	748.8	960	896	803.2	1033.6	646.4	796.8	873.6	553.6	924.8	720	873.6
77	1116.8	662.4	793.6	710.4	691.2	963.2	854.4	889.6	739.2	678.4	979.2	1030.4
78	812.8	915.2	867.2	771.2	720	985.6	851.2	848	851.2	787.2	681.6	809.6
79	944	1184	617.6	934.4	1081.6	854.4	1062.4	880	694.4	953.6	688	691.2
80	758.4	854.4	780.8	793.6	896	1049.6	982.4	784	828.8	812.8	905.6	720
81	844.8	860.8	793.6	912	704	736	960	1014.4	937.6	870.4	784	976
82	841.6	940.8	889.6	902.4	726.4	886.4	710.4	819.2	780.8	937.6	947.2	694.4
83	710.4	764.8	486.4	1052.8	912	1036.8	822.4	883.2	960	672	617.6	739.2
84	640	656	614.4	720	764.8	796.8	742.4	854.4	947.2	752	742.4	758.4
85	640	742.4	921.6	886.4	748.8	1097.6	697.6	758.4	883.2	864	937.6	995.2
86	947.2	860.8	828.8	918.4	588.8	873.6	796.8	998.4	822.4	889.6	937.6	940.8
87	860.8	838.4	979.2	476.8	832	739.2	812.8	896	860.8	915.2	848	774.4
88	950.4	876.8	464	828.8	1136	940.8	1036.8	1046.4	880	732.8	838.4	601.6
89	956.8	483.2	784	940.8	732.8	841.6	848	624	899.2	963.2	896	774.4
90	934.4	976	537.6	832	1059.2	755.2	764.8	729.6	924.8	784	774.4	752
(1,0)	(2,4367)	(3,3598)	(4,773)	
(1,0)	(2,681)	(3,0)	(4,0)	
(1,0)	(2,882)	(3,0)	(4,0)	
(1,0)	(2,701)	(3,0)	(4,0)	
(1,0)	(2,730)	(3,0)	(4,0)	
(1,0)	(2,0)	(3,0)	(4,0)	
(1,0)	(2,0)	(3,0)	(4,0)	
(1,0)	(2,0)	(3,0)	(4,0)	
(1,0)	(2,0)	(3,0)	(4,0)	
(1,0)	(2,0)	(3,0)	(4,0)	
(1,0)	(2,0)	(3,0)	(4,0)	
(1,0)	(2,0)	(3,0)	(4,0)	
(1,0)	(2,0)	(3,0)	(4,0)	
avg	860.907	844.587	784.427	830.187	837.547	842.347	848.747	844.907	828.8	836.267	823.68	794.987
delay	19.884	21.9106	22.7149	24.0629	34.9138	32.0155	57.0921	56.0565	36.0962	39.6472	37.3281	32.9492
loss	0	0	0	0	0	0	0.00255102	0.00208768	0	0	0.0026178	0
Command ['/home/ubuntu/ns-3.30-obss/build/scratch/simple-ofdma-adhoc6', '--ofdmaEnabled=true', '--startTime=60', '--totalTime=90', '--packetSize=4e3', '--dataMode=HeMcs4', '--datarate=20e6', '--ratio=0.375', '--RngRun=25', '--locationFile=locationtxt/locationFile42d.txt', '--routingFile=locationtxt/routingFile42.txt', '--appFile=locationtxt/appFile.txt', '--tcp=0', '--randomTime=true', '--qosDisabled=true'] terminated with signal SIGSEGV. Run it under a debugger to get more information (./waf --run <program> --command-template="gdb --args %s <args>").
