Waf: Entering directory `/home/ubuntu/ns-3.30-obss/build'
Waf: Leaving directory `/home/ubuntu/ns-3.30-obss/build'
Build commands will be stored in build/compile_commands.json
'build' finished successfully (0.813s)
--------------------------Rate[Kbps]--------------------------
Time[s]	cl-1	cl-2	cl-3	cl-4	cl-5	cl-6	cl-7	cl-8	cl-9	cl-10	cl-11	cl-12
60	16	13.6	12.8	14.6	15	11.2	10.8	12.4	13.6	15	14.4	12.8
61	259.2	0	320	0	336	0	224	281.6	329.6	0	262.4	275.2
62	320	0	224	0	256	0	361.6	329.6	393.6	0	304	336
63	358.4	0	304	0	281.6	0	374.4	227.2	256	0	326.4	336
64	275.2	0	355.2	0	249.6	0	432	348.8	345.6	0	355.2	300.8
65	406.4	0	214.4	0	326.4	0	336	233.6	400	0	390.4	336
66	345.6	0	310.4	0	300.8	0	422.4	246.4	310.4	0	326.4	348.8
67	332.8	0	272	0	316.8	0	275.2	272	313.6	0	390.4	265.6
68	339.2	0	361.6	0	297.6	0	470.4	342.4	265.6	0	460.8	377.6
69	307.2	0	297.6	0	422.4	0	400	310.4	316.8	0	304	281.6
70	259.2	0	249.6	0	256	0	288	313.6	425.6	0	265.6	336
71	384	0	233.6	0	384	0	272	204.8	176	0	288	307.2
72	336	0	329.6	0	272	0	320	249.6	448	0	268.8	358.4
73	297.6	0	368	0	313.6	0	336	377.6	435.2	0	304	252.8
74	188.8	0	268.8	0	268.8	0	345.6	297.6	281.6	0	384	304
75	316.8	0	355.2	0	320	0	339.2	310.4	390.4	0	336	233.6
76	281.6	0	304	0	441.6	0	256	288	329.6	0	374.4	361.6
77	294.4	0	304	0	281.6	0	297.6	243.2	256	0	361.6	272
78	320	0	352	0	326.4	0	288	288	361.6	0	352	454.4
79	243.2	0	313.6	0	336	0	377.6	320	297.6	0	284.8	374.4
80	336	0	326.4	0	246.4	0	249.6	390.4	329.6	0	371.2	345.6
81	156.8	0	310.4	0	297.6	0	313.6	358.4	374.4	0	374.4	249.6
82	272	0	326.4	0	297.6	0	400	294.4	256	0	368	275.2
83	316.8	0	361.6	0	320	0	361.6	329.6	368	0	275.2	291.2
84	288	0	432	0	313.6	0	352	348.8	336	0	217.6	249.6
85	352	0	342.4	0	278.4	0	336	320	371.2	0	233.6	358.4
86	236.8	0	294.4	0	288	0	249.6	451.2	358.4	0	281.6	409.6
87	364.8	0	265.6	0	345.6	0	345.6	320	361.6	0	326.4	352
88	348.8	0	320	0	368	0	332.8	272	313.6	0	368	313.6
89	288	0	316.8	0	320	0	307.2	265.6	297.6	0	336	217.6
90	297.6	0	345.6	0	400	0	377.6	352	358.4	0	262.4	249.6
(1,0)	(2,182)	(3,10)	(4,0)	
(1,0)	(2,0)	(3,0)	(4,0)	
(1,0)	(2,10)	(3,0)	(4,0)	
(1,0)	(2,0)	(3,0)	(4,0)	
(1,0)	(2,14)	(3,0)	(4,0)	
(1,0)	(2,0)	(3,0)	(4,0)	
(1,0)	(2,0)	(3,0)	(4,0)	
(1,0)	(2,0)	(3,0)	(4,0)	
(1,0)	(2,0)	(3,0)	(4,0)	
(1,0)	(2,0)	(3,0)	(4,0)	
(1,0)	(2,0)	(3,0)	(4,0)	
(1,0)	(2,0)	(3,0)	(4,0)	
(1,0)	(2,0)	(3,0)	(4,0)	
avg	304.107	0	312.64	0	315.413	0	334.72	306.24	335.253	0	325.12	314.133
delay	1.3815	0.0735294	0.331081	0.0684932	2.6973	0.5	1.26064	1.34503	2.7398	0.52	0.798701	1.33333
loss	0	0	0	0	0	0	0	0	0	0	0	0
Command ['/home/ubuntu/ns-3.30-obss/build/scratch/simple-ofdma-adhoc6', '--ofdmaEnabled=true', '--startTime=60', '--totalTime=90', '--packetSize=4e3', '--dataMode=HeMcs4', '--datarate=5e6', '--ratio=0.375', '--RngRun=46', '--locationFile=locationtxt/locationFile42e2.txt', '--routingFile=locationtxt/routingFile42.txt', '--appFile=locationtxt/appFile.txt', '--tcp=0', '--randomTime=true', '--qosDisabled=true'] terminated with signal SIGSEGV. Run it under a debugger to get more information (./waf --run <program> --command-template="gdb --args %s <args>").
