Waf: Entering directory `/home/ubuntu/ns-3.30-obss/build'
Waf: Leaving directory `/home/ubuntu/ns-3.30-obss/build'
Build commands will be stored in build/compile_commands.json
'build' finished successfully (0.749s)
--------------------------Rate[Kbps]--------------------------
Time[s]	cl-1	cl-2	cl-3	cl-4	cl-5	cl-6	cl-7	cl-8	cl-9	cl-10	cl-11	cl-12
60	11.6	14	13.2	15.8	15.2	12.8	17.6	12.4	16.6	15	15.8	16.2
61	1062.4	0	1187.2	0	1369.6	0	1046.4	1292.8	918.4	0	774.4	1267.2
62	1584	0	918.4	0	1638.4	0	1321.6	1369.6	1116.8	0	838.4	652.8
63	1340.8	0	1113.6	0	915.2	0	1350.4	870.4	1020.8	0	1379.2	1024
64	1420.8	0	1321.6	0	889.6	0	1244.8	947.2	1113.6	0	1203.2	617.6
65	1081.6	0	1126.4	0	944	0	784	1062.4	1411.2	0	1344	1068.8
66	889.6	0	1363.2	0	1296	0	486.4	761.6	752	0	969.6	1017.6
67	777.6	0	726.4	0	860.8	0	969.6	1225.6	1244.8	0	713.6	806.4
68	1590.4	0	1436.8	0	812.8	0	902.4	688	1068.8	0	828.8	1225.6
69	1571.2	0	963.2	0	1238.4	0	624	521.6	1088	0	1068.8	1126.4
70	960	0	1062.4	0	1328	0	979.2	1171.2	1072	0	1001.6	1094.4
71	1344	0	1680	0	921.6	0	1004.8	1392	704	0	1289.6	1264
72	1251.2	0	620.8	0	732.8	0	630.4	1088	1625.6	0	1033.6	870.4
73	972.8	0	822.4	0	969.6	0	956.8	972.8	892.8	0	1104	1065.6
74	972.8	0	1004.8	0	864	0	1075.2	1200	1692.8	0	873.6	889.6
75	1497.6	0	992	0	1161.6	0	1318.4	1008	1011.2	0	1244.8	892.8
76	1110.4	0	1203.2	0	870.4	0	1366.4	1110.4	1257.6	0	720	336
77	982.4	0	1484.8	0	1046.4	0	1286.4	998.4	1222.4	0	544	726.4
78	768	0	1145.6	0	1328	0	1168	825.6	944	0	1068.8	1606.4
79	774.4	0	1347.2	0	924.8	0	960	1040	972.8	0	1321.6	1155.2
80	1366.4	0	979.2	0	1027.2	0	1267.2	1148.8	620.8	0	732.8	1033.6
81	816	0	1168	0	1152	0	857.6	1388.8	1241.6	0	707.2	483.2
82	870.4	0	854.4	0	1388.8	0	915.2	729.6	1097.6	0	1164.8	787.2
83	1180.8	0	883.2	0	1376	0	1004.8	396.8	1507.2	0	1340.8	1107.2
84	1027.2	0	1078.4	0	809.6	0	1024	1337.6	844.8	0	716.8	1212.8
85	937.6	0	1353.6	0	1001.6	0	1110.4	1260.8	688	0	995.2	1203.2
86	1340.8	0	1136	0	1004.8	0	652.8	755.2	1756.8	0	499.2	809.6
87	998.4	0	1164.8	0	915.2	0	1513.6	1222.4	1062.4	0	896	928
88	1033.6	0	1360	0	1241.6	0	992	947.2	1027.2	0	1392	905.6
89	678.4	0	1331.2	0	832	0	1088	1558.4	1177.6	0	1068.8	1180.8
90	918.4	0	1302.4	0	1536	0	688	736	598.4	0	1190.4	1097.6
(1,0)	(2,4274)	(3,5521)	(4,1703)	
(1,0)	(2,0)	(3,0)	(4,0)	
(1,0)	(2,2406)	(3,0)	(4,0)	
(1,0)	(2,0)	(3,0)	(4,0)	
(1,0)	(2,2731)	(3,0)	(4,0)	
(1,0)	(2,0)	(3,0)	(4,0)	
(1,0)	(2,0)	(3,0)	(4,0)	
(1,0)	(2,0)	(3,0)	(4,0)	
(1,0)	(2,0)	(3,0)	(4,0)	
(1,0)	(2,0)	(3,0)	(4,0)	
(1,0)	(2,0)	(3,0)	(4,0)	
(1,0)	(2,0)	(3,0)	(4,0)	
(1,0)	(2,0)	(3,0)	(4,0)	
avg	1104	0	1137.71	0	1079.89	0	1019.63	1034.24	1091.73	0	1000.85	981.867
delay	479.043	0.128571	480.733	0.0759494	521.936	0.53125	546.619	544.905	540.931	0.56	620.776	612.552
loss	0.107143	0	0.0923788	0	0.131973	0	0.156433	0.312935	0.120244	0	0.154728	0.326241
Command ['/home/ubuntu/ns-3.30-obss/build/scratch/simple-ofdma-adhoc6', '--ofdmaEnabled=true', '--startTime=60', '--totalTime=90', '--packetSize=4e3', '--dataMode=HeMcs4', '--datarate=25e6', '--ratio=0.375', '--RngRun=41', '--locationFile=locationtxt/locationFile42e2.txt', '--routingFile=locationtxt/routingFile42.txt', '--appFile=locationtxt/appFile.txt', '--tcp=0', '--randomTime=true', '--qosDisabled=true'] terminated with signal SIGSEGV. Run it under a debugger to get more information (./waf --run <program> --command-template="gdb --args %s <args>").
