Waf: Entering directory `/home/ubuntu/ns-3.30-obss/build'
Waf: Leaving directory `/home/ubuntu/ns-3.30-obss/build'
Build commands will be stored in build/compile_commands.json
'build' finished successfully (0.818s)
--------------------------Rate[Kbps]--------------------------
Time[s]	cl-1	cl-2	cl-3	cl-4	cl-5	cl-6	cl-7	cl-8	cl-9	cl-10	cl-11	cl-12
60	13.2	13	17.2	13.6	17.2	15.2	16.4	12.2	16.8	16	15.2	15.8
61	1356.8	0	1510.4	0	1225.6	0	1030.4	1347.2	966.4	0	1139.2	1174.4
62	1494.4	0	1142.4	0	1084.8	0	1427.2	1078.4	1008	0	1081.6	1110.4
63	1321.6	0	1219.2	0	1248	0	979.2	816	1068.8	0	1254.4	1184
64	947.2	0	1030.4	0	937.6	0	867.2	1011.2	592	0	972.8	915.2
65	1267.2	0	918.4	0	912	0	739.2	720	1382.4	0	1065.6	972.8
66	851.2	0	988.8	0	1097.6	0	1120	1344	1667.2	0	777.6	819.2
67	764.8	0	1776	0	944	0	1088	822.4	611.2	0	1251.2	1350.4
68	905.6	0	1001.6	0	1036.8	0	1120	1097.6	995.2	0	1129.6	860.8
69	969.6	0	764.8	0	1145.6	0	1241.6	848	1507.2	0	960	819.2
70	835.2	0	899.2	0	713.6	0	1052.8	1030.4	1040	0	873.6	1200
71	896	0	1075.2	0	1056	0	944	819.2	1824	0	976	780.8
72	1484.8	0	1030.4	0	960	0	1532.8	1456	1014.4	0	508.8	985.6
73	899.2	0	985.6	0	892.8	0	828.8	905.6	1046.4	0	1158.4	1267.2
74	956.8	0	992	0	764.8	0	1075.2	1152	883.2	0	1011.2	937.6
75	662.4	0	1132.8	0	1392	0	1040	736	1072	0	1289.6	992
76	1129.6	0	1017.6	0	841.6	0	1235.2	1187.2	992	0	1376	505.6
77	1420.8	0	1174.4	0	1043.2	0	1075.2	832	995.2	0	1411.2	1292.8
78	1286.4	0	713.6	0	1260.8	0	214.4	214.4	953.6	0	1350.4	1686.4
79	1200	0	1206.4	0	803.2	0	1043.2	1059.2	1196.8	0	1241.6	1168
80	1318.4	0	860.8	0	1142.4	0	1440	1337.6	822.4	0	851.2	1049.6
81	1020.8	0	1248	0	1174.4	0	892.8	464	1107.2	0	1449.6	1302.4
82	1052.8	0	1097.6	0	1209.6	0	1097.6	432	1126.4	0	1126.4	908.8
83	1324.8	0	838.4	0	1161.6	0	844.8	966.4	860.8	0	729.6	908.8
84	1097.6	0	1091.2	0	771.2	0	1113.6	1257.6	851.2	0	822.4	1484.8
85	1580.8	0	1024	0	844.8	0	1139.2	1376	1424	0	1171.2	662.4
86	1104	0	752	0	1088	0	1027.2	1174.4	870.4	0	1171.2	1164.8
87	1116.8	0	1171.2	0	1500.8	0	1100.8	1728	1062.4	0	384	297.6
88	1120	0	976	0	681.6	0	908.8	1142.4	1238.4	0	1510.4	1155.2
89	832	0	870.4	0	1174.4	0	1356.8	774.4	902.4	0	1164.8	1177.6
90	1075.2	0	1043.2	0	1059.2	0	774.4	1152	816	0	1177.6	1276.8
(1,0)	(2,4471)	(3,5244)	(4,1696)	
(1,0)	(2,0)	(3,0)	(4,0)	
(1,0)	(2,2847)	(3,0)	(4,0)	
(1,0)	(2,0)	(3,0)	(4,0)	
(1,0)	(2,2657)	(3,0)	(4,0)	
(1,0)	(2,0)	(3,0)	(4,0)	
(1,0)	(2,0)	(3,0)	(4,0)	
(1,0)	(2,0)	(3,0)	(4,0)	
(1,0)	(2,0)	(3,0)	(4,0)	
(1,0)	(2,0)	(3,0)	(4,0)	
(1,0)	(2,0)	(3,0)	(4,0)	
(1,0)	(2,0)	(3,0)	(4,0)	
(1,0)	(2,0)	(3,0)	(4,0)	
avg	1109.76	0	1051.73	0	1038.93	0	1045.01	1009.39	1063.25	0	1079.57	1047.04
delay	466.622	0.0615385	477.283	0.220588	570.746	0.552632	586.292	585.662	529.488	0.45	552.767	560.793
loss	0.100503	0	0.128	0	0.123648	0	0.119122	0.122013	0.30291	0	0.135294	0.289916
Command ['/home/ubuntu/ns-3.30-obss/build/scratch/simple-ofdma-adhoc6', '--ofdmaEnabled=true', '--startTime=60', '--totalTime=90', '--packetSize=4e3', '--dataMode=HeMcs4', '--datarate=25e6', '--ratio=0.375', '--RngRun=30', '--locationFile=locationtxt/locationFile42e2.txt', '--routingFile=locationtxt/routingFile42.txt', '--appFile=locationtxt/appFile.txt', '--tcp=0', '--randomTime=true', '--qosDisabled=true'] terminated with signal SIGSEGV. Run it under a debugger to get more information (./waf --run <program> --command-template="gdb --args %s <args>").
