Waf: Entering directory `/home/ubuntu/ns-3.30-obss/build'
Waf: Leaving directory `/home/ubuntu/ns-3.30-obss/build'
Build commands will be stored in build/compile_commands.json
'build' finished successfully (0.736s)
--------------------------Rate[Kbps]--------------------------
Time[s]	cl-1	cl-2	cl-3	cl-4	cl-5	cl-6	cl-7	cl-8	cl-9	cl-10	cl-11	cl-12
60	13.2	17	15.2	11.8	16.6	15.2	14.4	17.2	15.2	14.4	17.6	14
61	1190.4	0	1190.4	0	1075.2	0	745.6	1100.8	1363.2	0	1225.6	944
62	1286.4	0	1139.2	0	1158.4	0	1078.4	1052.8	1427.2	0	1056	1206.4
63	1030.4	0	1340.8	0	1107.2	0	1452.8	1411.2	1324.8	0	1139.2	1161.6
64	1286.4	0	1251.2	0	1312	0	1267.2	1171.2	1507.2	0	614.4	899.2
65	1449.6	0	1232	0	1094.4	0	889.6	1107.2	1200	0	1536	1670.4
66	937.6	0	1728	0	1142.4	0	1417.6	1235.2	956.8	0	1094.4	1081.6
67	1340.8	0	1305.6	0	921.6	0	1091.2	960	1148.8	0	1392	1446.4
68	1097.6	0	1283.2	0	1033.6	0	723.2	1027.2	1270.4	0	1763.2	1043.2
69	1257.6	0	1100.8	0	1504	0	1558.4	1200	1142.4	0	1545.6	1302.4
70	1283.2	0	1152	0	960	0	1062.4	1276.8	1385.6	0	1187.2	1068.8
71	1481.6	0	860.8	0	1424	0	710.4	790.4	1209.6	0	1219.2	1254.4
72	1136	0	784	0	560	0	1401.6	1276.8	1465.6	0	1292.8	1369.6
73	1296	0	1433.6	0	2169.6	0	1145.6	1040	1097.6	0	966.4	1312
74	1164.8	0	1113.6	0	1043.2	0	1033.6	1030.4	1248	0	1097.6	1385.6
75	1286.4	0	1030.4	0	1344	0	1580.8	1305.6	1360	0	1011.2	1075.2
76	1184	0	1513.6	0	1692.8	0	947.2	979.2	1155.2	0	662.4	659.2
77	1584	0	1027.2	0	1497.6	0	1161.6	1257.6	659.2	0	1440	1782.4
78	1174.4	0	1104	0	1190.4	0	726.4	1152	1616	0	1312	1104
79	1209.6	0	1129.6	0	1110.4	0	1200	1532.8	1356.8	0	1164.8	1331.2
80	953.6	0	1324.8	0	1360	0	1344	960	1059.2	0	1100.8	1280
81	1203.2	0	604.8	0	1174.4	0	1292.8	1136	1385.6	0	928	1548.8
82	1187.2	0	1129.6	0	1369.6	0	1401.6	1312	1712	0	483.2	518.4
83	1219.2	0	1574.4	0	1779.2	0	163.2	550.4	1174.4	0	1772.8	1900.8
84	1235.2	0	1043.2	0	940.8	0	1404.8	1667.2	1321.6	0	1219.2	1228.8
85	924.8	0	1097.6	0	1008	0	1433.6	1366.4	966.4	0	1257.6	1257.6
86	1283.2	0	1264	0	1555.2	0	1257.6	998.4	1104	0	1603.2	1027.2
87	1670.4	0	1302.4	0	1020.8	0	1526.4	1872	1043.2	0	998.4	646.4
88	1488	0	1414.4	0	1171.2	0	800	1088	1379.2	0	1120	1491.2
89	1398.4	0	1062.4	0	1171.2	0	953.6	1296	1273.6	0	1308.8	1398.4
90	1561.6	0	841.6	0	966.4	0	988.8	1139.2	1411.2	0	1276.8	1193.6
(1,0)	(2,4467)	(3,5352)	(4,1407)	
(1,0)	(2,0)	(3,0)	(4,0)	
(1,0)	(2,2716)	(3,0)	(4,0)	
(1,0)	(2,0)	(3,0)	(4,0)	
(1,0)	(2,2425)	(3,0)	(4,0)	
(1,0)	(2,0)	(3,0)	(4,0)	
(1,0)	(2,0)	(3,0)	(4,0)	
(1,0)	(2,0)	(3,0)	(4,0)	
(1,0)	(2,0)	(3,0)	(4,0)	
(1,0)	(2,0)	(3,0)	(4,0)	
(1,0)	(2,0)	(3,0)	(4,0)	
(1,0)	(2,0)	(3,0)	(4,0)	
(1,0)	(2,0)	(3,0)	(4,0)	
avg	1260.05	0	1179.31	0	1228.59	0	1125.33	1176.43	1257.49	0	1192.96	1219.63
delay	219.779	0.0705882	209.111	0.0677966	283.26	0.434211	328.113	324.55	262.899	0.513889	292.019	294.148
loss	0	0	0.0034965	0	0.0141643	0	0.0202177	0.00874126	0.00143885	0	0.0149533	0.00904977
Command ['/home/ubuntu/ns-3.30-obss/build/scratch/simple-ofdma-adhoc6', '--ofdmaEnabled=true', '--startTime=60', '--totalTime=90', '--packetSize=4e3', '--dataMode=HeMcs4', '--datarate=20e6', '--ratio=0.375', '--RngRun=7', '--locationFile=locationtxt/locationFile42e2.txt', '--routingFile=locationtxt/routingFile42.txt', '--appFile=locationtxt/appFile.txt', '--tcp=0', '--randomTime=true', '--qosDisabled=true'] terminated with signal SIGSEGV. Run it under a debugger to get more information (./waf --run <program> --command-template="gdb --args %s <args>").
