Waf: Entering directory `/home/ubuntu/ns-3.30-obss/build'
Waf: Leaving directory `/home/ubuntu/ns-3.30-obss/build'
Build commands will be stored in build/compile_commands.json
'build' finished successfully (0.772s)
--------------------------Rate[Kbps]--------------------------
Time[s]	cl-1	cl-2	cl-3	cl-4	cl-5	cl-6	cl-7	cl-8	cl-9	cl-10	cl-11	cl-12
60	16.2	16.2	14.8	11.4	17.2	14	16	15.6	13.4	15	15.6	16.2
61	739.2	0	435.2	0	499.2	0	505.6	422.4	400	0	681.6	540.8
62	592	0	732.8	0	480	0	646.4	611.2	483.2	0	688	476.8
63	518.4	0	643.2	0	624	0	636.8	582.4	588.8	0	627.2	793.6
64	547.2	0	694.4	0	694.4	0	547.2	646.4	678.4	0	473.6	684.8
65	662.4	0	780.8	0	464	0	652.8	688	736	0	432	691.2
66	470.4	0	684.8	0	652.8	0	931.2	662.4	448	0	400	588.8
67	512	0	723.2	0	550.4	0	803.2	556.8	624	0	579.2	662.4
68	771.2	0	796.8	0	726.4	0	710.4	684.8	646.4	0	572.8	742.4
69	540.8	0	451.2	0	742.4	0	524.8	476.8	710.4	0	521.6	451.2
70	652.8	0	656	0	790.4	0	800	819.2	710.4	0	614.4	752
71	617.6	0	515.2	0	672	0	832	659.2	720	0	592	617.6
72	694.4	0	640	0	636.8	0	697.6	780.8	681.6	0	665.6	617.6
73	636.8	0	588.8	0	598.4	0	563.2	665.6	563.2	0	809.6	515.2
74	646.4	0	563.2	0	595.2	0	726.4	476.8	569.6	0	569.6	611.2
75	675.2	0	534.4	0	752	0	704	624	710.4	0	579.2	758.4
76	595.2	0	460.8	0	697.6	0	800	572.8	592	0	646.4	518.4
77	665.6	0	560	0	790.4	0	764.8	534.4	643.2	0	598.4	422.4
78	736	0	636.8	0	489.6	0	566.4	633.6	656	0	678.4	806.4
79	681.6	0	556.8	0	771.2	0	755.2	694.4	614.4	0	620.8	588.8
80	684.8	0	851.2	0	752	0	752	736	649.6	0	752	662.4
81	688	0	480	0	787.2	0	736	515.2	640	0	585.6	742.4
82	665.6	0	518.4	0	643.2	0	896	668.8	560	0	476.8	547.2
83	630.4	0	428.8	0	598.4	0	524.8	883.2	732.8	0	608	787.2
84	870.4	0	508.8	0	793.6	0	652.8	582.4	508.8	0	681.6	563.2
85	457.6	0	576	0	745.6	0	662.4	563.2	524.8	0	601.6	592
86	620.8	0	720	0	681.6	0	752	342.4	620.8	0	441.6	576
87	777.6	0	496	0	800	0	851.2	716.8	656	0	688	652.8
88	611.2	0	550.4	0	614.4	0	390.4	960	633.6	0	697.6	460.8
89	540.8	0	422.4	0	556.8	0	662.4	777.6	601.6	0	713.6	774.4
90	704	0	502.4	0	620.8	0	659.2	428.8	515.2	0	518.4	588.8
(1,0)	(2,826)	(3,84)	(4,5)	
(1,0)	(2,0)	(3,0)	(4,0)	
(1,0)	(2,52)	(3,0)	(4,0)	
(1,0)	(2,0)	(3,0)	(4,0)	
(1,0)	(2,60)	(3,0)	(4,0)	
(1,0)	(2,0)	(3,0)	(4,0)	
(1,0)	(2,0)	(3,0)	(4,0)	
(1,0)	(2,0)	(3,0)	(4,0)	
(1,0)	(2,0)	(3,0)	(4,0)	
(1,0)	(2,0)	(3,0)	(4,0)	
(1,0)	(2,0)	(3,0)	(4,0)	
(1,0)	(2,0)	(3,0)	(4,0)	
(1,0)	(2,0)	(3,0)	(4,0)	
avg	640.213	0	590.293	0	660.693	0	690.24	632.213	613.973	0	603.84	626.24
delay	0.625	0.111111	0.793785	0.0701754	1.64857	0.357143	1.15017	1.66667	3.31065	0.426667	1.59599	1.35764
loss	0	0	0	0	0	0	0	0	0	0	0	0
Command ['/home/ubuntu/ns-3.30-obss/build/scratch/simple-ofdma-adhoc6', '--ofdmaEnabled=true', '--startTime=60', '--totalTime=90', '--packetSize=4e3', '--dataMode=HeMcs4', '--datarate=10e6', '--ratio=0.375', '--RngRun=23', '--locationFile=locationtxt/locationFile42e2.txt', '--routingFile=locationtxt/routingFile42.txt', '--appFile=locationtxt/appFile.txt', '--tcp=0', '--randomTime=true', '--qosDisabled=true'] terminated with signal SIGSEGV. Run it under a debugger to get more information (./waf --run <program> --command-template="gdb --args %s <args>").
