Waf: Entering directory `/home/ubuntu/ns-3.30-obss/build'
Waf: Leaving directory `/home/ubuntu/ns-3.30-obss/build'
Build commands will be stored in build/compile_commands.json
'build' finished successfully (1.316s)
--------------------------Rate[Kbps]--------------------------
Time[s]	cl-1	cl-2	cl-3	cl-4	cl-5	cl-6	cl-7	cl-8	cl-9	cl-10	cl-11	cl-12
60	17	13	15.6	12.2	14.6	12.8	15.4	16.2	14	14	15.6	12.2
61	953.6	0	1129.6	0	889.6	0	1254.4	912	1081.6	0	1491.2	1193.6
62	1123.2	0	1324.8	0	1081.6	0	1475.2	1318.4	1110.4	0	1155.2	675.2
63	1110.4	0	1046.4	0	1187.2	0	854.4	1241.6	1049.6	0	1056	761.6
64	1081.6	0	1644.8	0	1036.8	0	1129.6	1049.6	790.4	0	1004.8	915.2
65	950.4	0	1273.6	0	1148.8	0	960	883.2	566.4	0	1171.2	1116.8
66	1052.8	0	867.2	0	953.6	0	947.2	915.2	1664	0	995.2	1168
67	1040	0	841.6	0	1155.2	0	1052.8	1030.4	752	0	921.6	860.8
68	1008	0	1488	0	931.2	0	1433.6	1235.2	1052.8	0	748.8	1350.4
69	1072	0	1212.8	0	1148.8	0	1094.4	1385.6	646.4	0	982.4	1312
70	1244.8	0	1328	0	880	0	771.2	1097.6	624	0	1123.2	1404.8
71	889.6	0	1318.4	0	908.8	0	646.4	1027.2	1494.4	0	1004.8	1014.4
72	716.8	0	848	0	694.4	0	1232	1091.2	1078.4	0	822.4	956.8
73	1312	0	864	0	1136	0	1254.4	489.6	944	0	1680	860.8
74	1142.4	0	1126.4	0	934.4	0	684.8	1305.6	1206.4	0	1036.8	1209.6
75	1459.2	0	902.4	0	1132.8	0	995.2	1238.4	1148.8	0	803.2	841.6
76	1206.4	0	928	0	960	0	1424	1235.2	1264	0	931.2	886.4
77	611.2	0	1292.8	0	1017.6	0	988.8	912	1014.4	0	1449.6	1270.4
78	1244.8	0	1052.8	0	1324.8	0	1078.4	1113.6	982.4	0	902.4	1292.8
79	928	0	806.4	0	918.4	0	1190.4	1228.8	576	0	1267.2	1113.6
80	1030.4	0	912	0	1168	0	854.4	1238.4	1286.4	0	1142.4	1177.6
81	1052.8	0	1164.8	0	1427.2	0	1497.6	566.4	1040	0	1136	1068.8
82	1043.2	0	844.8	0	1481.6	0	1203.2	787.2	918.4	0	723.2	1136
83	1472	0	1068.8	0	755.2	0	1251.2	1187.2	1040	0	1427.2	1280
84	1148.8	0	1334.4	0	1276.8	0	985.6	825.6	784	0	915.2	1177.6
85	1049.6	0	1369.6	0	1030.4	0	886.4	1382.4	1235.2	0	976	467.2
86	940.8	0	713.6	0	736	0	1283.2	940.8	608	0	1347.2	899.2
87	966.4	0	848	0	1011.2	0	1088	1244.8	966.4	0	902.4	873.6
88	950.4	0	790.4	0	940.8	0	672	1046.4	1212.8	0	1033.6	1264
89	883.2	0	1152	0	1340.8	0	710.4	921.6	1040	0	960	624
90	1158.4	0	963.2	0	1062.4	0	832	1273.6	1286.4	0	1436.8	1011.2
(1,0)	(2,4357)	(3,5357)	(4,1712)	
(1,0)	(2,0)	(3,0)	(4,0)	
(1,0)	(2,2843)	(3,0)	(4,0)	
(1,0)	(2,0)	(3,0)	(4,0)	
(1,0)	(2,2706)	(3,0)	(4,0)	
(1,0)	(2,0)	(3,0)	(4,0)	
(1,0)	(2,0)	(3,0)	(4,0)	
(1,0)	(2,0)	(3,0)	(4,0)	
(1,0)	(2,0)	(3,0)	(4,0)	
(1,0)	(2,0)	(3,0)	(4,0)	
(1,0)	(2,0)	(3,0)	(4,0)	
(1,0)	(2,0)	(3,0)	(4,0)	
(1,0)	(2,0)	(3,0)	(4,0)	
avg	1061.44	0	1081.92	0	1055.68	0	1057.71	1070.83	1015.47	0	1084.91	1039.47
delay	479.065	0.0615385	474.087	0.0655738	534.821	0.375	581.902	587.178	552.559	0.357143	586.043	591.189
loss	0.124066	0	0.298103	0	0.308707	0	0.146628	0.124697	0.322359	0	0.157593	0.284107
Command ['/home/ubuntu/ns-3.30-obss/build/scratch/simple-ofdma-adhoc6', '--ofdmaEnabled=true', '--startTime=60', '--totalTime=90', '--packetSize=4e3', '--dataMode=HeMcs4', '--datarate=25e6', '--ratio=0.375', '--RngRun=35', '--locationFile=locationtxt/locationFile42e2.txt', '--routingFile=locationtxt/routingFile42.txt', '--appFile=locationtxt/appFile.txt', '--tcp=0', '--randomTime=true', '--qosDisabled=true'] terminated with signal SIGSEGV. Run it under a debugger to get more information (./waf --run <program> --command-template="gdb --args %s <args>").
