Waf: Entering directory `/home/ubuntu/ns-3.30-obss/build'
Waf: Leaving directory `/home/ubuntu/ns-3.30-obss/build'
Build commands will be stored in build/compile_commands.json
'build' finished successfully (0.770s)
--------------------------Rate[Kbps]--------------------------
Time[s]	cl-1	cl-2	cl-3	cl-4	cl-5	cl-6	cl-7	cl-8	cl-9	cl-10	cl-11	cl-12
60	17	13	15.6	12.2	14.6	12.8	15.4	16.2	14	14	15.6	12.2
61	646.4	0	780.8	0	684.8	745.6	835.2	659.2	787.2	710.4	1004.8	691.2
62	697.6	0	768	0	665.6	841.6	828.8	873.6	835.2	640	873.6	646.4
63	780.8	0	745.6	0	729.6	745.6	691.2	755.2	723.2	550.4	697.6	508.8
64	758.4	0	880	0	624	752	841.6	896	726.4	678.4	630.4	745.6
65	528	0	867.2	0	841.6	812.8	723.2	729.6	764.8	838.4	828.8	668.8
66	953.6	0	406.4	0	832	745.6	809.6	672	908.8	662.4	841.6	876.8
67	572.8	0	816	0	790.4	608	822.4	825.6	681.6	598.4	531.2	752
68	563.2	0	880	0	825.6	764.8	777.6	585.6	422.4	950.4	704	640
69	841.6	0	880	0	870.4	608	732.8	924.8	617.6	627.2	806.4	918.4
70	668.8	0	800	0	710.4	691.2	544	694.4	752	793.6	928	838.4
71	617.6	0	636.8	0	460.8	1030.4	953.6	963.2	755.2	787.2	579.2	707.2
72	668.8	0	780.8	0	608	835.2	828.8	812.8	912	668.8	1001.6	675.2
73	729.6	0	752	0	844.8	956.8	723.2	707.2	681.6	611.2	864	675.2
74	710.4	0	748.8	0	617.6	755.2	800	752	732.8	857.6	652.8	787.2
75	928	0	483.2	0	691.2	985.6	828.8	777.6	867.2	755.2	809.6	758.4
76	704	0	809.6	0	684.8	816	588.8	768	812.8	912	848	716.8
77	480	0	752	0	672	966.4	918.4	896	649.6	665.6	656	790.4
78	1033.6	0	876.8	0	809.6	633.6	832	707.2	585.6	697.6	761.6	764.8
79	614.4	0	684.8	0	758.4	873.6	595.2	956.8	841.6	752	960	867.2
80	873.6	0	809.6	0	896	924.8	1036.8	601.6	675.2	668.8	688	652.8
81	761.6	0	716.8	0	947.2	844.8	864	806.4	726.4	700.8	560	966.4
82	742.4	0	598.4	0	793.6	627.2	803.2	492.8	604.8	508.8	889.6	896
83	816	0	924.8	0	902.4	966.4	819.2	608	755.2	787.2	691.2	710.4
84	572.8	0	944	0	716.8	848	444.8	912	675.2	867.2	736	684.8
85	796.8	0	947.2	0	624	704	937.6	860.8	809.6	569.6	918.4	524.8
86	873.6	0	547.2	0	694.4	835.2	809.6	998.4	675.2	787.2	1004.8	678.4
87	700.8	0	771.2	0	566.4	851.2	592	982.4	966.4	912	787.2	1046.4
88	793.6	0	908.8	0	857.6	752	438.4	732.8	864	768	822.4	710.4
89	729.6	0	483.2	0	784	800	624	969.6	880	739.2	800	736
90	764.8	0	652.8	0	883.2	710.4	675.2	563.2	656	963.2	774.4	633.6
(1,0)	(2,1749)	(3,232)	(4,20)	
(1,0)	(2,89)	(3,0)	(4,0)	
(1,0)	(2,93)	(3,0)	(4,0)	
(1,0)	(2,98)	(3,0)	(4,0)	
(1,0)	(2,97)	(3,0)	(4,0)	
(1,0)	(2,0)	(3,0)	(4,0)	
(1,0)	(2,0)	(3,0)	(4,0)	
(1,0)	(2,0)	(3,0)	(4,0)	
(1,0)	(2,0)	(3,0)	(4,0)	
(1,0)	(2,0)	(3,0)	(4,0)	
(1,0)	(2,0)	(3,0)	(4,0)	
(1,0)	(2,0)	(3,0)	(4,0)	
(1,0)	(2,0)	(3,0)	(4,0)	
avg	730.773	0	755.093	0	746.24	801.067	757.333	782.827	744.853	734.293	788.373	742.293
delay	0.790368	0.0461538	1.64354	0.0491803	3.34597	3.29289	1.45	1.7822	3.23923	1.2908	1.46281	3.17115
loss	0	0	0	0	0	0	0	0	0	0	0	0
Command ['/home/ubuntu/ns-3.30-obss/build/scratch/simple-ofdma-adhoc6', '--ofdmaEnabled=true', '--startTime=60', '--totalTime=90', '--packetSize=4e3', '--dataMode=HeMcs5', '--datarate=15e6', '--ratio=0.375', '--RngRun=35', '--locationFile=locationtxt/locationFile42b2.txt', '--routingFile=locationtxt/routingFile42.txt', '--appFile=locationtxt/appFile.txt', '--tcp=0', '--randomTime=true', '--qosDisabled=true'] terminated with signal SIGSEGV. Run it under a debugger to get more information (./waf --run <program> --command-template="gdb --args %s <args>").
