Waf: Entering directory `/home/ubuntu/ns-3.30-obss/build'
Waf: Leaving directory `/home/ubuntu/ns-3.30-obss/build'
Build commands will be stored in build/compile_commands.json
'build' finished successfully (0.659s)
--------------------------Rate[Kbps]--------------------------
Time[s]	cl-1	cl-2	cl-3	cl-4	cl-5	cl-6	cl-7	cl-8	cl-9	cl-10	cl-11	cl-12
60	14.6	16.2	14.4	14.4	14.2	14.4	15.2	15.2	15.4	16.8	16.2	14.2
61	1212.8	0	1017.6	0	844.8	876.8	1190.4	1209.6	1171.2	928	1091.2	976
62	777.6	0	982.4	0	809.6	921.6	1139.2	1334.4	1062.4	1100.8	1155.2	1600
63	880	0	1395.2	0	1280	1433.6	1216	1424	1193.6	1065.6	1232	1123.2
64	1107.2	0	1385.6	0	1264	1446.4	1161.6	1024	1363.2	1120	1148.8	1075.2
65	1494.4	0	1091.2	0	912	937.6	1478.4	1555.2	960	1177.6	1273.6	1417.6
66	969.6	0	1417.6	0	1270.4	1046.4	1369.6	1001.6	1257.6	822.4	1488	960
67	883.2	0	1129.6	0	1472	1254.4	1334.4	1184	1126.4	1302.4	1033.6	1216
68	1417.6	0	1171.2	0	1084.8	1337.6	1155.2	1209.6	1430.4	1065.6	1398.4	1062.4
69	1523.2	0	1203.2	0	1216	1260.8	1353.6	924.8	1363.2	1420.8	1091.2	1219.2
70	1433.6	0	1065.6	0	1142.4	1308.8	1417.6	1132.8	864	902.4	1232	1532.8
71	1164.8	0	1433.6	0	1145.6	1145.6	1321.6	1331.2	1379.2	1372.8	1120	1059.2
72	1222.4	0	1376	0	761.6	1113.6	1126.4	1014.4	1548.8	918.4	1433.6	1353.6
73	1356.8	0	1097.6	0	1507.2	1193.6	1494.4	1481.6	992	1177.6	1132.8	992
74	1411.2	0	1584	0	1497.6	1344	1388.8	1238.4	1078.4	1004.8	1097.6	1107.2
75	1324.8	0	892.8	0	1075.2	1209.6	1472	777.6	1273.6	1177.6	1424	1081.6
76	1091.2	0	1078.4	0	1177.6	1350.4	1036.8	860.8	1532.8	1404.8	1161.6	1462.4
77	1321.6	0	809.6	0	940.8	899.2	1379.2	1084.8	1372.8	1212.8	1228.8	1228.8
78	1472	0	1184	0	1180.8	1184	1331.2	1164.8	1177.6	1094.4	976	1296
79	1174.4	0	1180.8	0	598.4	1011.2	1779.2	1036.8	1331.2	1100.8	1385.6	1014.4
80	931.2	0	1408	0	1500.8	1363.2	1110.4	1184	1219.2	1296	870.4	1328
81	1478.4	0	1449.6	0	1414.4	1036.8	1526.4	1484.8	1116.8	892.8	1110.4	1017.6
82	1216	0	1516.8	0	1241.6	1462.4	835.2	1344	1433.6	924.8	1411.2	1062.4
83	1171.2	0	892.8	0	1049.6	1139.2	896	1235.2	1241.6	1273.6	1145.6	1414.4
84	880	0	1372.8	0	1430.4	1222.4	1193.6	1072	880	1200	1094.4	969.6
85	1267.2	0	1094.4	0	1667.2	1465.6	915.2	1507.2	825.6	1555.2	752	1193.6
86	1184	0	1504	0	1331.2	1123.2	1100.8	1084.8	1257.6	1043.2	1276.8	1446.4
87	1193.6	0	1436.8	0	1168	1100.8	1232	1366.4	1123.2	1305.6	1024	1369.6
88	1049.6	0	1017.6	0	1712	1024	1190.4	806.4	1203.2	1049.6	1084.8	1052.8
89	1264	0	1334.4	0	1184	1116.8	1212.8	873.6	1312	1216	1510.4	1529.6
90	1321.6	0	1206.4	0	1024	1190.4	1132.8	1238.4	1123.2	1120	870.4	1500.8
(1,0)	(2,5843)	(3,6043)	(4,1351)	
(1,0)	(2,1612)	(3,0)	(4,0)	
(1,0)	(2,1420)	(3,0)	(4,0)	
(1,0)	(2,1302)	(3,0)	(4,0)	
(1,0)	(2,1461)	(3,0)	(4,0)	
(1,0)	(2,0)	(3,0)	(4,0)	
(1,0)	(2,0)	(3,0)	(4,0)	
(1,0)	(2,0)	(3,0)	(4,0)	
(1,0)	(2,0)	(3,0)	(4,0)	
(1,0)	(2,0)	(3,0)	(4,0)	
(1,0)	(2,0)	(3,0)	(4,0)	
(1,0)	(2,0)	(3,0)	(4,0)	
(1,0)	(2,0)	(3,0)	(4,0)	
avg	1206.51	0	1224.32	0	1196.8	1184	1249.71	1172.91	1207.15	1141.55	1175.15	1222.08
delay	303.044	0.0617284	303.874	0.0555556	335.963	328.018	305.33	315.601	301.561	308.051	301.562	325.229
loss	0	0	0	0	0	0	0	0.00170358	0.00295858	0.0014881	0	0.00409277
Command ['/home/ubuntu/ns-3.30-obss/build/scratch/simple-ofdma-adhoc6', '--ofdmaEnabled=true', '--startTime=60', '--totalTime=90', '--packetSize=4e3', '--dataMode=HeMcs5', '--datarate=25e6', '--ratio=0.375', '--RngRun=11', '--locationFile=locationtxt/locationFile42b2.txt', '--routingFile=locationtxt/routingFile42.txt', '--appFile=locationtxt/appFile.txt', '--tcp=0', '--randomTime=true', '--qosDisabled=true'] terminated with signal SIGSEGV. Run it under a debugger to get more information (./waf --run <program> --command-template="gdb --args %s <args>").
