Waf: Entering directory `/home/ubuntu/ns-3.30-obss/build'
Waf: Leaving directory `/home/ubuntu/ns-3.30-obss/build'
Build commands will be stored in build/compile_commands.json
'build' finished successfully (0.849s)
--------------------------Rate[Kbps]--------------------------
Time[s]	cl-1	cl-2	cl-3	cl-4	cl-5	cl-6	cl-7	cl-8	cl-9	cl-10	cl-11	cl-12
60	11.6	14	13.2	15.8	15.2	12.8	17.6	12.4	16.6	15	15.8	16.2
61	1072	0	1203.2	0	1587.2	1433.6	1014.4	1340.8	902.4	1017.6	790.4	1267.2
62	1536	0	912	0	1273.6	896	1292.8	1187.2	1027.2	1100.8	1347.2	995.2
63	1433.6	0	1276.8	0	966.4	1116.8	1302.4	1027.2	956.8	803.2	1404.8	1094.4
64	1180.8	0	1062.4	0	841.6	1203.2	1206.4	956.8	1078.4	1001.6	1443.2	854.4
65	1190.4	0	1270.4	0	1043.2	982.4	803.2	1206.4	1388.8	1532.8	1040	944
66	764.8	0	1078.4	0	1196.8	547.2	982.4	1337.6	1324.8	819.2	1132.8	1145.6
67	921.6	0	755.2	0	1264	790.4	790.4	1052.8	1136	748.8	1196.8	1056
68	1251.2	0	1126.4	0	867.2	844.8	1420.8	1059.2	748.8	796.8	1036.8	1248
69	1033.6	0	739.2	0	921.6	809.6	902.4	1280	1075.2	844.8	1011.2	1113.6
70	950.4	0	1059.2	0	1248	979.2	857.6	1004.8	1273.6	1148.8	1129.6	1296
71	1257.6	0	1411.2	0	1116.8	1270.4	771.2	1020.8	1344	1094.4	1027.2	1065.6
72	1244.8	0	800	0	1017.6	633.6	976	1142.4	950.4	851.2	1190.4	832
73	1116.8	0	886.4	0	1046.4	681.6	1068.8	1152	1257.6	940.8	1251.2	1244.8
74	1161.6	0	745.6	0	985.6	745.6	1276.8	1107.2	1248	1001.6	998.4	1040
75	1411.2	0	816	0	1366.4	675.2	1241.6	1168	835.2	1052.8	1168	950.4
76	998.4	0	899.2	0	915.2	972.8	1350.4	1136	1123.2	947.2	1110.4	1024
77	780.8	0	1260.8	0	748.8	892.8	1033.6	1008	1024	995.2	1273.6	1328
78	636.8	0	1225.6	0	1539.2	1206.4	1292.8	755.2	921.6	1040	889.6	1392
79	691.2	0	992	0	892.8	860.8	1104	1251.2	979.2	972.8	1187.2	876.8
80	1244.8	0	1043.2	0	1065.6	908.8	1033.6	1065.6	915.2	787.2	1078.4	1020.8
81	867.2	0	723.2	0	1142.4	803.2	889.6	1561.6	1088	1033.6	1235.2	1100.8
82	950.4	0	924.8	0	1296	934.4	1075.2	928	928	1040	1180.8	918.4
83	940.8	0	668.8	0	1011.2	892.8	1120	566.4	1276.8	854.4	1158.4	1174.4
84	1337.6	0	934.4	0	1244.8	921.6	1011.2	1347.2	1049.6	720	809.6	1107.2
85	892.8	0	992	0	1036.8	976	883.2	1308.8	924.8	723.2	1091.2	1286.4
86	1059.2	0	860.8	0	1113.6	912	1164.8	1164.8	1148.8	1008	771.2	1120
87	1110.4	0	937.6	0	838.4	832	1036.8	1062.4	1123.2	889.6	1126.4	1257.6
88	1222.4	0	1206.4	0	1168	876.8	883.2	1552	1366.4	1148.8	598.4	560
89	745.6	0	1107.2	0	1027.2	870.4	1100.8	1152	832	912	1555.2	1376
90	755.2	0	1171.2	0	1337.6	1497.6	1312	972.8	579.2	780.8	1148.8	1177.6
(1,0)	(2,5554)	(3,6255)	(4,1509)	
(1,0)	(2,1432)	(3,0)	(4,0)	
(1,0)	(2,1646)	(3,0)	(4,0)	
(1,0)	(2,1600)	(3,0)	(4,0)	
(1,0)	(2,1695)	(3,0)	(4,0)	
(1,0)	(2,0)	(3,0)	(4,0)	
(1,0)	(2,0)	(3,0)	(4,0)	
(1,0)	(2,0)	(3,0)	(4,0)	
(1,0)	(2,0)	(3,0)	(4,0)	
(1,0)	(2,0)	(3,0)	(4,0)	
(1,0)	(2,0)	(3,0)	(4,0)	
(1,0)	(2,0)	(3,0)	(4,0)	
(1,0)	(2,0)	(3,0)	(4,0)	
avg	1058.67	0	1002.99	0	1104	932.267	1073.28	1129.17	1060.91	953.6	1112.75	1095.57
delay	485.257	0.114286	502.491	0.0506329	505.941	492.444	510.083	520.71	504.449	541.224	517.049	519.149
loss	0.0797546	0	0.136752	0	0.143855	0.0691318	0.0617647	0.241656	0.0590062	0.390805	0.0519481	0.256065
Command ['/home/ubuntu/ns-3.30-obss/build/scratch/simple-ofdma-adhoc6', '--ofdmaEnabled=true', '--startTime=60', '--totalTime=90', '--packetSize=4e3', '--dataMode=HeMcs5', '--datarate=30e6', '--ratio=0.375', '--RngRun=41', '--locationFile=locationtxt/locationFile42b2.txt', '--routingFile=locationtxt/routingFile42.txt', '--appFile=locationtxt/appFile.txt', '--tcp=0', '--randomTime=true', '--qosDisabled=true'] terminated with signal SIGSEGV. Run it under a debugger to get more information (./waf --run <program> --command-template="gdb --args %s <args>").
