Waf: Entering directory `/home/ubuntu/ns-3.30-obss/build'
Waf: Leaving directory `/home/ubuntu/ns-3.30-obss/build'
Build commands will be stored in build/compile_commands.json
'build' finished successfully (0.759s)
--------------------------Rate[Kbps]--------------------------
Time[s]	cl-1	cl-2	cl-3	cl-4	cl-5	cl-6	cl-7	cl-8	cl-9	cl-10	cl-11	cl-12
60	12.2	13.8	15	15.6	10.8	17.2	16.6	13.6	18	16.2	15.2	15.2
61	1497.6	0	1286.4	0	1404.8	1177.6	1014.4	995.2	867.2	1235.2	1203.2	1091.2
62	1366.4	0	1177.6	0	1091.2	1270.4	995.2	1401.6	1168	1145.6	1200	742.4
63	886.4	0	1296	0	1366.4	1116.8	1289.6	1017.6	1369.6	1340.8	931.2	774.4
64	1168	0	1260.8	0	1075.2	1078.4	988.8	1091.2	1184	1552	1145.6	1657.6
65	1158.4	0	1190.4	0	1180.8	1264	1155.2	1436.8	1036.8	1257.6	1369.6	764.8
66	1219.2	0	1126.4	0	1491.2	1462.4	886.4	796.8	1440	1596.8	972.8	1232
67	1414.4	0	1203.2	0	1046.4	1241.6	1398.4	1187.2	896	1148.8	1500.8	1366.4
68	1238.4	0	870.4	0	1148.8	1139.2	988.8	915.2	1536	1350.4	1523.2	1084.8
69	892.8	0	969.6	0	1161.6	1139.2	1510.4	1740.8	960	1132.8	1308.8	1244.8
70	1030.4	0	851.2	0	1148.8	953.6	1366.4	1014.4	1337.6	1840	1068.8	1180.8
71	1164.8	0	1241.6	0	1673.6	1760	646.4	1484.8	1094.4	1193.6	1360	822.4
72	1600	0	1305.6	0	1283.2	1008	1062.4	1257.6	899.2	1324.8	1225.6	1260.8
73	1401.6	0	1283.2	0	1052.8	1171.2	1251.2	1286.4	1542.4	1270.4	1433.6	1136
74	1209.6	0	1059.2	0	864	1120	1180.8	771.2	1251.2	1180.8	1504	1417.6
75	844.8	0	1014.4	0	1392	1225.6	1395.2	950.4	1280	1084.8	1446.4	1193.6
76	864	0	1494.4	0	1164.8	1068.8	985.6	1366.4	1532.8	1187.2	908.8	1337.6
77	1254.4	0	940.8	0	1171.2	1520	1145.6	1001.6	921.6	1804.8	1331.2	1052.8
78	1072	0	1379.2	0	1225.6	1193.6	1244.8	947.2	1081.6	1468.8	1113.6	1436.8
79	918.4	0	1033.6	0	1212.8	1116.8	1148.8	1107.2	1574.4	1120	1084.8	1331.2
80	1020.8	0	1264	0	1494.4	1292.8	1408	1171.2	1440	1225.6	1036.8	1142.4
81	1104	0	902.4	0	1478.4	1062.4	1308.8	1270.4	1027.2	1116.8	1257.6	940.8
82	1299.2	0	940.8	0	918.4	966.4	1443.2	1212.8	1369.6	1046.4	1536	995.2
83	1152	0	1267.2	0	784	1036.8	1545.6	1472	1123.2	1667.2	1196.8	1129.6
84	1222.4	0	1203.2	0	1264	1360	988.8	704	1286.4	1209.6	1305.6	1376
85	1081.6	0	1196.8	0	902.4	1100.8	1587.2	1027.2	1334.4	1094.4	1379.2	1382.4
86	1337.6	0	992	0	1020.8	1372.8	1088	1190.4	1158.4	937.6	1702.4	1206.4
87	1251.2	0	1283.2	0	1446.4	1484.8	1321.6	1094.4	908.8	1020.8	1238.4	1171.2
88	1187.2	0	1209.6	0	1017.6	908.8	1369.6	1036.8	1072	1196.8	1235.2	1363.2
89	1059.2	0	1276.8	0	1062.4	880	1305.6	1228.8	1075.2	1302.4	1779.2	1193.6
90	1244.8	0	1065.6	0	953.6	1062.4	1132.8	1318.4	1072	998.4	1171.2	1228.8
(1,0)	(2,5870)	(3,5917)	(4,1281)	
(1,0)	(2,1455)	(3,0)	(4,0)	
(1,0)	(2,1457)	(3,0)	(4,0)	
(1,0)	(2,1430)	(3,0)	(4,0)	
(1,0)	(2,1330)	(3,0)	(4,0)	
(1,0)	(2,0)	(3,0)	(4,0)	
(1,0)	(2,0)	(3,0)	(4,0)	
(1,0)	(2,0)	(3,0)	(4,0)	
(1,0)	(2,0)	(3,0)	(4,0)	
(1,0)	(2,0)	(3,0)	(4,0)	
(1,0)	(2,0)	(3,0)	(4,0)	
(1,0)	(2,0)	(3,0)	(4,0)	
(1,0)	(2,0)	(3,0)	(4,0)	
avg	1172.05	0	1152.85	0	1183.25	1185.17	1205.12	1149.87	1194.67	1268.37	1282.35	1175.25
delay	263.205	0.057971	250.744	0.0512821	268.425	261.587	283.399	275.749	275.412	280.54	286.562	258.008
loss	0	0	0	0	0	0	0	0	0.0015361	0	0.00265604	0.00163934
Command ['/home/ubuntu/ns-3.30-obss/build/scratch/simple-ofdma-adhoc6', '--ofdmaEnabled=true', '--startTime=60', '--totalTime=90', '--packetSize=4e3', '--dataMode=HeMcs5', '--datarate=25e6', '--ratio=0.375', '--RngRun=19', '--locationFile=locationtxt/locationFile42b2.txt', '--routingFile=locationtxt/routingFile42.txt', '--appFile=locationtxt/appFile.txt', '--tcp=0', '--randomTime=true', '--qosDisabled=true'] terminated with signal SIGSEGV. Run it under a debugger to get more information (./waf --run <program> --command-template="gdb --args %s <args>").
