Waf: Entering directory `/home/ubuntu/ns-3.30-obss/build'
Waf: Leaving directory `/home/ubuntu/ns-3.30-obss/build'
Build commands will be stored in build/compile_commands.json
'build' finished successfully (0.866s)
--------------------------Rate[Kbps]--------------------------
Time[s]	cl-1	cl-2	cl-3	cl-4	cl-5	cl-6	cl-7	cl-8	cl-9	cl-10	cl-11	cl-12
60	15	14.4	14.4	14	12.4	15.6	14.8	17	14.8	14	14.2	16.6
61	1062.4	0	1385.6	0	1321.6	0	1091.2	1014.4	985.6	0	1363.2	1203.2
62	1289.6	0	1100.8	0	1468.8	0	1158.4	1478.4	1446.4	0	1203.2	1081.6
63	1036.8	0	1094.4	0	1292.8	0	1545.6	1660.8	1088	0	1187.2	1369.6
64	1168	0	1372.8	0	1302.4	0	1209.6	1084.8	966.4	0	1219.2	1008
65	1420.8	0	928	0	1497.6	0	972.8	1238.4	1232	0	1193.6	1302.4
66	1078.4	0	1206.4	0	924.8	0	1158.4	1440	1161.6	0	1568	1353.6
67	1369.6	0	1369.6	0	1190.4	0	1347.2	1241.6	1424	0	1273.6	1094.4
68	982.4	0	1075.2	0	1216	0	1430.4	1654.4	1312	0	1094.4	1427.2
69	1593.6	0	1356.8	0	1225.6	0	1155.2	982.4	1238.4	0	1091.2	1110.4
70	1344	0	1276.8	0	1379.2	0	1366.4	1094.4	1062.4	0	1161.6	1577.6
71	1200	0	1411.2	0	1334.4	0	1612.8	1190.4	1299.2	0	1280	1107.2
72	1286.4	0	1020.8	0	1155.2	0	1308.8	1363.2	1148.8	0	1462.4	1404.8
73	1408	0	915.2	0	985.6	0	1404.8	1200	1251.2	0	1593.6	1289.6
74	1299.2	0	1206.4	0	1516.8	0	1552	1244.8	1244.8	0	774.4	1072
75	1043.2	0	1267.2	0	1155.2	0	1180.8	1011.2	1328	0	1136	1251.2
76	1411.2	0	1049.6	0	1030.4	0	1216	1267.2	1132.8	0	1084.8	1440
77	1139.2	0	1264	0	800	0	915.2	1241.6	1609.6	0	1328	1286.4
78	1148.8	0	1129.6	0	1238.4	0	726.4	1440	966.4	0	1328	1184
79	636.8	0	1040	0	1820.8	0	1446.4	1379.2	1206.4	0	857.6	1232
80	1267.2	0	1008	0	1798.4	0	1136	1056	1225.6	0	1468.8	1452.8
81	1116.8	0	1532.8	0	1081.6	0	937.6	1449.6	982.4	0	1011.2	1270.4
82	1385.6	0	870.4	0	1078.4	0	1449.6	1084.8	752	0	1507.2	1190.4
83	1222.4	0	1411.2	0	761.6	0	1203.2	1481.6	1264	0	992	876.8
84	1142.4	0	1241.6	0	1302.4	0	1353.6	1043.2	1350.4	0	1424	1184
85	1372.8	0	1084.8	0	860.8	0	1676.8	1516.8	1299.2	0	1497.6	1171.2
86	1193.6	0	880	0	1363.2	0	1462.4	1129.6	1228.8	0	908.8	1113.6
87	1180.8	0	1344	0	915.2	0	1232	1721.6	800	0	1203.2	979.2
88	822.4	0	1334.4	0	1497.6	0	1072	992	1030.4	0	1129.6	1145.6
89	1116.8	0	1542.4	0	1158.4	0	1308.8	1388.8	1472	0	1100.8	1161.6
90	1155.2	0	1161.6	0	1177.6	0	1427.2	1299.2	1196.8	0	1276.8	803.2
(1,0)	(2,3111)	(3,893)	(4,116)	
(1,0)	(2,0)	(3,0)	(4,0)	
(1,0)	(2,326)	(3,0)	(4,0)	
(1,0)	(2,0)	(3,0)	(4,0)	
(1,0)	(2,344)	(3,0)	(4,0)	
(1,0)	(2,0)	(3,0)	(4,0)	
(1,0)	(2,0)	(3,0)	(4,0)	
(1,0)	(2,0)	(3,0)	(4,0)	
(1,0)	(2,0)	(3,0)	(4,0)	
(1,0)	(2,0)	(3,0)	(4,0)	
(1,0)	(2,0)	(3,0)	(4,0)	
(1,0)	(2,0)	(3,0)	(4,0)	
(1,0)	(2,0)	(3,0)	(4,0)	
avg	1196.48	0	1196.05	0	1228.37	0	1268.59	1279.68	1190.19	0	1224	1204.8
delay	1.44029	0.0555556	2.57887	0.0571429	4.54867	0.410256	2.30411	2.62927	4.56541	0.457143	2.59187	3.39777
loss	0	0	0	0	0	0	0	0	0	0	0	0
Command ['/home/ubuntu/ns-3.30-obss/build/scratch/simple-ofdma-adhoc6', '--ofdmaEnabled=true', '--startTime=60', '--totalTime=90', '--packetSize=4e3', '--dataMode=HeMcs5', '--datarate=20e6', '--ratio=0.375', '--RngRun=22', '--locationFile=locationtxt/locationFile42e2.txt', '--routingFile=locationtxt/routingFile42.txt', '--appFile=locationtxt/appFile.txt', '--tcp=0', '--randomTime=true', '--qosDisabled=true'] terminated with signal SIGSEGV. Run it under a debugger to get more information (./waf --run <program> --command-template="gdb --args %s <args>").
