Waf: Entering directory `/home/ubuntu/ns-3.30-obss/build'
Waf: Leaving directory `/home/ubuntu/ns-3.30-obss/build'
Build commands will be stored in build/compile_commands.json
'build' finished successfully (1.113s)
--------------------------Rate[Kbps]--------------------------
Time[s]	cl-1	cl-2	cl-3	cl-4	cl-5	cl-6	cl-7	cl-8	cl-9	cl-10	cl-11	cl-12
60	17.8	12	14.8	13.2	17.2	16	15.6	12.6	17	13.4	15.6	15
61	1075.2	0	1612.8	0	1664	0	1190.4	1337.6	1443.2	0	1427.2	1961.6
62	1776	0	1804.8	0	1612.8	0	1008	1356.8	1331.2	0	1398.4	2220.8
63	988.8	0	2060.8	0	1360	0	1833.6	1353.6	1427.2	0	1612.8	1462.4
64	1270.4	0	1104	0	1212.8	0	1462.4	1414.4	1596.8	0	1568	1164.8
65	1593.6	0	1174.4	0	1388.8	0	1340.8	1356.8	1219.2	0	1443.2	1507.2
66	1587.2	0	1248	0	1347.2	0	1292.8	1260.8	1360	0	1580.8	1267.2
67	1376	0	1244.8	0	1353.6	0	1433.6	1696	1168	0	1222.4	1225.6
68	1705.6	0	1209.6	0	1376	0	1040	1353.6	1270.4	0	1356.8	1619.2
69	928	0	1350.4	0	1555.2	0	1116.8	1084.8	1203.2	0	1334.4	1497.6
70	1436.8	0	1388.8	0	1228.8	0	1363.2	1049.6	1622.4	0	1123.2	1036.8
71	1363.2	0	1360	0	1811.2	0	1545.6	928	1244.8	0	1664	1398.4
72	1724.8	0	1632	0	1209.6	0	1740.8	1513.6	1459.2	0	998.4	1289.6
73	1228.8	0	1276.8	0	1414.4	0	1561.6	1491.2	1078.4	0	1526.4	1020.8
74	1337.6	0	1328	0	1356.8	0	1363.2	1584	899.2	0	1088	1395.2
75	1699.2	0	1472	0	1430.4	0	1356.8	1046.4	1552	0	1168	1641.6
76	1196.8	0	1251.2	0	1276.8	0	1449.6	1190.4	1369.6	0	1260.8	1152
77	1158.4	0	1475.2	0	1641.6	0	1603.2	1072	937.6	0	1705.6	1257.6
78	1420.8	0	1555.2	0	982.4	0	1350.4	1116.8	1526.4	0	1744	1529.6
79	1276.8	0	1270.4	0	1219.2	0	1104	1196.8	1273.6	0	1356.8	950.4
80	1664	0	1740.8	0	1136	0	1696	1264	1536	0	1088	1308.8
81	1600	0	1129.6	0	1078.4	0	1126.4	1542.4	1696	0	1120	1632
82	1315.2	0	1564.8	0	1289.6	0	1379.2	998.4	1289.6	0	1097.6	1200
83	1164.8	0	1369.6	0	1488	0	1392	1142.4	966.4	0	966.4	1299.2
84	1475.2	0	1286.4	0	1404.8	0	1452.8	1184	1238.4	0	1305.6	1584
85	1184	0	1235.2	0	1347.2	0	1267.2	1241.6	1481.6	0	1145.6	1164.8
86	1145.6	0	1251.2	0	2000	0	1315.2	1628.8	1024	0	1529.6	1145.6
87	1286.4	0	1110.4	0	1564.8	0	1148.8	940.8	1161.6	0	1382.4	2080
88	1516.8	0	1100.8	0	1708.8	0	1440	1504	1152	0	1267.2	1328
89	1625.6	0	1632	0	1017.6	0	1056	1353.6	1686.4	0	1267.2	1520
90	950.4	0	1430.4	0	1641.6	0	998.4	1356.8	1116.8	0	1376	1398.4
(1,0)	(2,5041)	(3,6708)	(4,1792)	
(1,0)	(2,0)	(3,0)	(4,0)	
(1,0)	(2,2261)	(3,0)	(4,0)	
(1,0)	(2,0)	(3,0)	(4,0)	
(1,0)	(2,2692)	(3,0)	(4,0)	
(1,0)	(2,0)	(3,0)	(4,0)	
(1,0)	(2,0)	(3,0)	(4,0)	
(1,0)	(2,0)	(3,0)	(4,0)	
(1,0)	(2,0)	(3,0)	(4,0)	
(1,0)	(2,0)	(3,0)	(4,0)	
(1,0)	(2,0)	(3,0)	(4,0)	
(1,0)	(2,0)	(3,0)	(4,0)	
(1,0)	(2,0)	(3,0)	(4,0)	
avg	1369.07	0	1389.01	0	1403.95	0	1347.63	1285.33	1311.04	0	1337.49	1408.64
delay	493.692	0.05	481.307	0.0454545	523.182	0.3625	503.456	519.984	513.8	0.358209	521.7	529.102
loss	0.293998	0	0.0620438	0	0.155386	0	0.0573319	0.161421	0.0547588	0	0.0522946	0.042007
Command ['/home/ubuntu/ns-3.30-obss/build/scratch/simple-ofdma-adhoc6', '--ofdmaEnabled=true', '--startTime=60', '--totalTime=90', '--packetSize=4e3', '--dataMode=HeMcs5', '--datarate=30e6', '--ratio=0.375', '--RngRun=48', '--locationFile=locationtxt/locationFile42e2.txt', '--routingFile=locationtxt/routingFile42.txt', '--appFile=locationtxt/appFile.txt', '--tcp=0', '--randomTime=true', '--qosDisabled=true'] terminated with signal SIGSEGV. Run it under a debugger to get more information (./waf --run <program> --command-template="gdb --args %s <args>").
