Waf: Entering directory `/home/ubuntu/ns-3.30-obss/build'
Waf: Leaving directory `/home/ubuntu/ns-3.30-obss/build'
Build commands will be stored in build/compile_commands.json
'build' finished successfully (0.808s)
--------------------------Rate[Kbps]--------------------------
Time[s]	cl-1	cl-2	cl-3	cl-4	cl-5	cl-6	cl-7	cl-8	cl-9	cl-10	cl-11	cl-12
60	11.8	16.2	14.8	13.2	15.6	14.2	11.6	16.8	15.6	15.4	13.2	11.6
61	1968	0	1296	0	1321.6	0	1436.8	1654.4	1465.6	0	1462.4	1433.6
62	1504	0	1168	0	1417.6	0	1484.8	1187.2	1907.2	0	1379.2	1094.4
63	1104	0	1308.8	0	1731.2	0	1308.8	1926.4	1676.8	0	1856	1571.2
64	1584	0	1219.2	0	1475.2	0	1731.2	1254.4	1577.6	0	1340.8	1209.6
65	1043.2	0	1788.8	0	1660.8	0	1200	1478.4	1692.8	0	1123.2	886.4
66	1705.6	0	1459.2	0	1347.2	0	1206.4	1344	1222.4	0	1603.2	1552
67	1468.8	0	1235.2	0	1324.8	0	1308.8	1555.2	1190.4	0	1379.2	1328
68	1539.2	0	1456	0	1388.8	0	1072	1427.2	1193.6	0	1020.8	1257.6
69	1312	0	1769.6	0	1356.8	0	1254.4	1520	1475.2	0	1820.8	1017.6
70	1248	0	1321.6	0	1395.2	0	1059.2	1308.8	1382.4	0	1148.8	1590.4
71	902.4	0	1379.2	0	1267.2	0	1948.8	1926.4	1622.4	0	1104	1248
72	1600	0	1116.8	0	1196.8	0	1091.2	1363.2	1068.8	0	1232	1494.4
73	1376	0	889.6	0	1196.8	0	1388.8	1206.4	1926.4	0	1494.4	1625.6
74	1212.8	0	1008	0	1760	0	1398.4	947.2	1660.8	0	1084.8	1744
75	1084.8	0	1929.6	0	1593.6	0	1363.2	1900.8	1206.4	0	1180.8	1456
76	1292.8	0	835.2	0	1721.6	0	1174.4	1286.4	1481.6	0	1638.4	1481.6
77	1257.6	0	1603.2	0	1475.2	0	1356.8	1491.2	1078.4	0	1286.4	1142.4
78	1350.4	0	1420.8	0	1139.2	0	1177.6	956.8	1308.8	0	1632	1619.2
79	998.4	0	1132.8	0	1337.6	0	1561.6	1433.6	1392	0	1366.4	1177.6
80	1200	0	1219.2	0	1193.6	0	1241.6	1548.8	1081.6	0	1331.2	1440
81	1497.6	0	1712	0	1177.6	0	1104	1670.4	921.6	0	1603.2	1232
82	1148.8	0	1529.6	0	1420.8	0	1388.8	1116.8	2150.4	0	1340.8	1436.8
83	1206.4	0	1686.4	0	1750.4	0	1401.6	1504	1328	0	1184	1459.2
84	1414.4	0	1360	0	1468.8	0	998.4	1420.8	1481.6	0	1561.6	1056
85	1184	0	1494.4	0	1174.4	0	1379.2	1737.6	1120	0	1468.8	1382.4
86	1766.4	0	1372.8	0	1190.4	0	1318.4	1324.8	1449.6	0	1161.6	1353.6
87	1456	0	1280	0	1091.2	0	1161.6	1308.8	1244.8	0	1302.4	1564.8
88	1241.6	0	1427.2	0	1600	0	1545.6	1504	1622.4	0	1155.2	1561.6
89	988.8	0	1590.4	0	1484.8	0	1369.6	1302.4	1523.2	0	1552	1398.4
90	1472	0	1120	0	1180.8	0	1440	1040	1148.8	0	1280	1238.4
(1,0)	(2,5264)	(3,6581)	(4,1692)	
(1,0)	(2,0)	(3,0)	(4,0)	
(1,0)	(2,2535)	(3,0)	(4,0)	
(1,0)	(2,0)	(3,0)	(4,0)	
(1,0)	(2,2496)	(3,0)	(4,0)	
(1,0)	(2,0)	(3,0)	(4,0)	
(1,0)	(2,0)	(3,0)	(4,0)	
(1,0)	(2,0)	(3,0)	(4,0)	
(1,0)	(2,0)	(3,0)	(4,0)	
(1,0)	(2,0)	(3,0)	(4,0)	
(1,0)	(2,0)	(3,0)	(4,0)	
(1,0)	(2,0)	(3,0)	(4,0)	
(1,0)	(2,0)	(3,0)	(4,0)	
avg	1337.6	0	1370.99	0	1394.67	0	1329.07	1421.55	1420.05	0	1369.81	1368.43
delay	471.359	0.0493827	494.057	0.121212	477.971	0.408451	532.073	519.851	505.171	0.454545	514.423	495.323
loss	0.251422	0	0.135079	0	0.0550351	0	0.121242	0.04561	0.0358515	0	0.131683	0.0554187
Command ['/home/ubuntu/ns-3.30-obss/build/scratch/simple-ofdma-adhoc6', '--ofdmaEnabled=true', '--startTime=60', '--totalTime=90', '--packetSize=4e3', '--dataMode=HeMcs5', '--datarate=30e6', '--ratio=0.375', '--RngRun=9', '--locationFile=locationtxt/locationFile42e2.txt', '--routingFile=locationtxt/routingFile42.txt', '--appFile=locationtxt/appFile.txt', '--tcp=0', '--randomTime=true', '--qosDisabled=true'] terminated with signal SIGSEGV. Run it under a debugger to get more information (./waf --run <program> --command-template="gdb --args %s <args>").
