Waf: Entering directory `/home/ubuntu/ns-3.30-obss/build'
Waf: Leaving directory `/home/ubuntu/ns-3.30-obss/build'
Build commands will be stored in build/compile_commands.json
'build' finished successfully (0.758s)
--------------------------Rate[Kbps]--------------------------
Time[s]	cl-1	cl-2	cl-3	cl-4	cl-5	cl-6	cl-7	cl-8	cl-9	cl-10	cl-11	cl-12
60	17.2	15.2	15.4	16	16.8	15.4	16.4	14.6	12.6	13	16.6	12.2
61	1168	0	1683.2	0	1331.2	0	1840	1216	1456	0	1126.4	1049.6
62	1580.8	0	1414.4	0	1680	0	1068.8	1123.2	1612.8	0	1539.2	1884.8
63	1702.4	0	1942.4	0	1433.6	0	1830.4	1811.2	1366.4	0	1600	1724.8
64	960	0	1481.6	0	1740.8	0	1443.2	1395.2	1680	0	1136	1878.4
65	1750.4	0	2297.6	0	1609.6	0	1257.6	1600	1379.2	0	1552	1712
66	1760	0	1212.8	0	1232	0	2016	1808	1456	0	1686.4	1398.4
67	1024	0	1920	0	1648	0	1657.6	1264	1465.6	0	1955.2	1532.8
68	1897.6	0	1817.6	0	1497.6	0	1001.6	1820.8	1587.2	0	1513.6	1523.2
69	1168	0	1500.8	0	1881.6	0	1577.6	1632	1504	0	1936	1280
70	1142.4	0	1036.8	0	1331.2	0	1779.2	1686.4	1776	0	1376	1472
71	1312	0	1593.6	0	1584	0	1497.6	1603.2	1724.8	0	1280	1548.8
72	1705.6	0	1078.4	0	1884.8	0	1833.6	1395.2	1180.8	0	1398.4	1142.4
73	1305.6	0	1094.4	0	1785.6	0	1648	1251.2	1833.6	0	1862.4	1075.2
74	1740.8	0	1635.2	0	1788.8	0	1401.6	1788.8	1094.4	0	1260.8	1440
75	1417.6	0	1555.2	0	1344	0	1449.6	1667.2	1728	0	1494.4	1686.4
76	1004.8	0	1200	0	1347.2	0	1440	1456	1516.8	0	1260.8	2092.8
77	1456	0	1750.4	0	1158.4	0	1571.2	1337.6	1548.8	0	1683.2	1475.2
78	1260.8	0	1408	0	1552	0	1878.4	2083.2	1184	0	1462.4	1296
79	2054.4	0	1350.4	0	1561.6	0	1539.2	1136	1993.6	0	1164.8	1516.8
80	796.8	0	1705.6	0	1120	0	1347.2	1436.8	2105.6	0	1747.2	1795.2
81	1718.4	0	1673.6	0	1920	0	1897.6	1308.8	1206.4	0	1292.8	1657.6
82	1635.2	0	1958.4	0	1651.2	0	1241.6	1158.4	1635.2	0	1724.8	1814.4
83	2000	0	1340.8	0	1875.2	0	1641.6	1593.6	1932.8	0	1449.6	1107.2
84	1443.2	0	1952	0	2019.2	0	1539.2	1942.4	1520	0	1344	1404.8
85	1392	0	1587.2	0	1520	0	828.8	1328	1648	0	2028.8	1420.8
86	1347.2	0	1257.6	0	1398.4	0	2224	2307.2	1382.4	0	1254.4	928
87	1497.6	0	1222.4	0	1558.4	0	1945.6	1641.6	1283.2	0	1430.4	1801.6
88	1302.4	0	1852.8	0	1568	0	1456	1257.6	1481.6	0	1334.4	1958.4
89	1529.6	0	1596.8	0	1776	0	1216	1040	1270.4	0	2272	1360
90	1520	0	1302.4	0	1273.6	0	1593.6	1635.2	1433.6	0	1664	1532.8
(1,0)	(2,5233)	(3,6326)	(4,1596)	
(1,0)	(2,0)	(3,0)	(4,0)	
(1,0)	(2,2373)	(3,0)	(4,0)	
(1,0)	(2,0)	(3,0)	(4,0)	
(1,0)	(2,2155)	(3,0)	(4,0)	
(1,0)	(2,0)	(3,0)	(4,0)	
(1,0)	(2,0)	(3,0)	(4,0)	
(1,0)	(2,0)	(3,0)	(4,0)	
(1,0)	(2,0)	(3,0)	(4,0)	
(1,0)	(2,0)	(3,0)	(4,0)	
(1,0)	(2,0)	(3,0)	(4,0)	
(1,0)	(2,0)	(3,0)	(4,0)	
(1,0)	(2,0)	(3,0)	(4,0)	
avg	1453.12	0	1547.41	0	1569.07	0	1555.41	1524.16	1532.91	0	1527.68	1517.01
delay	267.183	0.0526316	241.637	0.05	298.51	0.376623	293.015	304.619	281.407	0.461538	284.268	273.041
loss	0.00271739	0	0.00115741	0	0.00343249	0	0.00301205	0.0153649	0.00350058	0	0.0138408	0.00559441
Command ['/home/ubuntu/ns-3.30-obss/build/scratch/simple-ofdma-adhoc6', '--ofdmaEnabled=true', '--startTime=60', '--totalTime=90', '--packetSize=4e3', '--dataMode=HeMcs5', '--datarate=25e6', '--ratio=0.375', '--RngRun=15', '--locationFile=locationtxt/locationFile42e2.txt', '--routingFile=locationtxt/routingFile42.txt', '--appFile=locationtxt/appFile.txt', '--tcp=0', '--randomTime=true', '--qosDisabled=true'] terminated with signal SIGSEGV. Run it under a debugger to get more information (./waf --run <program> --command-template="gdb --args %s <args>").
