Waf: Entering directory `/home/ubuntu/ns-3.30-obss/build'
Waf: Leaving directory `/home/ubuntu/ns-3.30-obss/build'
Build commands will be stored in build/compile_commands.json
'build' finished successfully (1.032s)
--------------------------Rate[Kbps]--------------------------
Time[s]	cl-1	cl-2	cl-3	cl-4	cl-5	cl-6	cl-7	cl-8	cl-9	cl-10	cl-11	cl-12
60	13	14.6	17.4	14	14.2	12.6	15	15	14.4	13.4	11.4	15
61	937.6	0	2182.4	0	1427.2	0	1459.2	1180.8	1392	0	1395.2	2044.8
62	1878.4	0	1120	0	905.6	0	1971.2	1657.6	2096	0	1510.4	1379.2
63	1260.8	0	1369.6	0	1606.4	0	1804.8	1484.8	1539.2	0	1801.6	1510.4
64	1516.8	0	1584	0	1430.4	0	1321.6	1376	1788.8	0	1571.2	1440
65	1385.6	0	1216	0	1660.8	0	953.6	1078.4	1318.4	0	1452.8	1552
66	1148.8	0	1430.4	0	1657.6	0	1299.2	1020.8	1478.4	0	1094.4	1516.8
67	1728	0	1728	0	1008	0	1273.6	1468.8	1584	0	1526.4	1068.8
68	1580.8	0	1100.8	0	1520	0	1116.8	1222.4	1641.6	0	1340.8	1142.4
69	1161.6	0	1001.6	0	1017.6	0	1472	1638.4	1376	0	1283.2	1344
70	1366.4	0	1344	0	1184	0	1465.6	1273.6	1737.6	0	902.4	739.2
71	976	0	1446.4	0	1414.4	0	1312	1475.2	1084.8	0	2067.2	1920
72	1491.2	0	1456	0	940.8	0	1273.6	1097.6	1248	0	1232	1305.6
73	1184	0	1849.6	0	1590.4	0	1888	1088	1721.6	0	1068.8	1484.8
74	1526.4	0	1456	0	1587.2	0	1443.2	1132.8	1312	0	1283.2	1123.2
75	1603.2	0	2016	0	1344	0	1721.6	1180.8	1222.4	0	1619.2	873.6
76	1616	0	1209.6	0	1216	0	1129.6	1324.8	1254.4	0	1065.6	1936
77	1574.4	0	1632	0	1590.4	0	1590.4	1289.6	1488	0	1062.4	1446.4
78	1027.2	0	1251.2	0	1462.4	0	1203.2	1161.6	1494.4	0	1417.6	1075.2
79	1305.6	0	1276.8	0	1059.2	0	1433.6	1728	1212.8	0	1340.8	1104
80	1289.6	0	1699.2	0	924.8	0	1804.8	1206.4	1676.8	0	1388.8	1321.6
81	1580.8	0	1340.8	0	1193.6	0	1680	1555.2	1712	0	1088	1356.8
82	1286.4	0	1372.8	0	1222.4	0	1427.2	1596.8	1683.2	0	1132.8	1536
83	1318.4	0	1513.6	0	1510.4	0	1142.4	1107.2	1148.8	0	1331.2	1347.2
84	1689.6	0	1536	0	1254.4	0	1932.8	1574.4	1433.6	0	1392	912
85	1955.2	0	1139.2	0	1232	0	1648	1478.4	1232	0	1558.4	1196.8
86	1612.8	0	1222.4	0	1532.8	0	1315.2	1312	1635.2	0	1187.2	1299.2
87	1059.2	0	1536	0	1318.4	0	870.4	1164.8	1520	0	1040	1763.2
88	880	0	1059.2	0	1494.4	0	1555.2	1593.6	1225.6	0	1328	940.8
89	1452.8	0	1420.8	0	1190.4	0	1408	1139.2	1504	0	1561.6	1225.6
90	1296	0	1168	0	1462.4	0	1158.4	1337.6	1299.2	0	1254.4	1059.2
(1,0)	(2,5318)	(3,6538)	(4,1751)	
(1,0)	(2,0)	(3,0)	(4,0)	
(1,0)	(2,2681)	(3,0)	(4,0)	
(1,0)	(2,0)	(3,0)	(4,0)	
(1,0)	(2,2175)	(3,0)	(4,0)	
(1,0)	(2,0)	(3,0)	(4,0)	
(1,0)	(2,0)	(3,0)	(4,0)	
(1,0)	(2,0)	(3,0)	(4,0)	
(1,0)	(2,0)	(3,0)	(4,0)	
(1,0)	(2,0)	(3,0)	(4,0)	
(1,0)	(2,0)	(3,0)	(4,0)	
(1,0)	(2,0)	(3,0)	(4,0)	
(1,0)	(2,0)	(3,0)	(4,0)	
avg	1389.65	0	1422.61	0	1331.95	0	1435.84	1331.52	1468.69	0	1343.25	1332.16
delay	493.002	0.0958904	477.705	0.0571429	508.736	0.396825	520.254	526.912	500.331	0.41791	522.213	520.227
loss	0.134208	0	0.281124	0	0.123497	0	0.053076	0.139148	0.244151	0	0.144222	0.115811
Command ['/home/ubuntu/ns-3.30-obss/build/scratch/simple-ofdma-adhoc6', '--ofdmaEnabled=true', '--startTime=60', '--totalTime=90', '--packetSize=4e3', '--dataMode=HeMcs5', '--datarate=30e6', '--ratio=0.375', '--RngRun=13', '--locationFile=locationtxt/locationFile42e2.txt', '--routingFile=locationtxt/routingFile42.txt', '--appFile=locationtxt/appFile.txt', '--tcp=0', '--randomTime=true', '--qosDisabled=true'] terminated with signal SIGSEGV. Run it under a debugger to get more information (./waf --run <program> --command-template="gdb --args %s <args>").
