Waf: Entering directory `/home/ubuntu/ns-3.30-obss/build'
Waf: Leaving directory `/home/ubuntu/ns-3.30-obss/build'
Build commands will be stored in build/compile_commands.json
'build' finished successfully (0.742s)
--------------------------Rate[Kbps]--------------------------
Time[s]	cl-1	cl-2	cl-3	cl-4	cl-5	cl-6	cl-7	cl-8	cl-9	cl-10	cl-11	cl-12
60	13.6	18	19.4	16.6	13.8	14.2	14.8	12	15	14.8	15.4	16
61	624	0	467.2	0	508.8	0	563.2	617.6	611.2	0	656	336
62	416	0	521.6	0	483.2	0	726.4	588.8	745.6	0	531.2	547.2
63	496	0	611.2	0	502.4	0	550.4	710.4	585.6	0	678.4	432
64	739.2	0	560	0	678.4	0	636.8	588.8	582.4	0	496	556.8
65	608	0	704	0	624	0	396.8	729.6	864	0	755.2	515.2
66	544	0	515.2	0	816	0	582.4	656	412.8	0	592	400
67	704	0	521.6	0	620.8	0	636.8	448	560	0	729.6	329.6
68	435.2	0	646.4	0	620.8	0	611.2	569.6	745.6	0	643.2	726.4
69	614.4	0	681.6	0	736	0	617.6	652.8	912	0	540.8	592
70	656	0	566.4	0	742.4	0	604.8	688	598.4	0	614.4	579.2
71	592	0	809.6	0	672	0	569.6	764.8	476.8	0	368	694.4
72	636.8	0	544	0	889.6	0	790.4	636.8	620.8	0	544	588.8
73	368	0	582.4	0	617.6	0	809.6	784	652.8	0	723.2	454.4
74	790.4	0	758.4	0	646.4	0	499.2	496	540.8	0	777.6	521.6
75	748.8	0	771.2	0	537.6	0	803.2	694.4	473.6	0	768	636.8
76	563.2	0	742.4	0	704	0	473.6	761.6	521.6	0	588.8	649.6
77	572.8	0	422.4	0	457.6	0	633.6	729.6	556.8	0	569.6	496
78	659.2	0	588.8	0	694.4	0	681.6	464	787.2	0	729.6	707.2
79	864	0	595.2	0	384	0	617.6	560	758.4	0	777.6	723.2
80	508.8	0	659.2	0	604.8	0	819.2	595.2	508.8	0	544	668.8
81	736	0	707.2	0	640	0	441.6	502.4	604.8	0	675.2	691.2
82	870.4	0	755.2	0	761.6	0	624	505.6	748.8	0	521.6	473.6
83	691.2	0	643.2	0	601.6	0	560	649.6	624	0	569.6	496
84	643.2	0	646.4	0	553.6	0	640	694.4	806.4	0	553.6	384
85	595.2	0	800	0	553.6	0	425.6	384	611.2	0	736	643.2
86	476.8	0	662.4	0	681.6	0	704	835.2	640	0	476.8	617.6
87	544	0	649.6	0	627.2	0	444.8	467.2	700.8	0	435.2	643.2
88	707.2	0	640	0	598.4	0	508.8	560	601.6	0	771.2	601.6
89	553.6	0	614.4	0	649.6	0	723.2	569.6	592	0	819.2	710.4
90	553.6	0	729.6	0	812.8	0	656	793.6	627.2	0	617.6	531.2
(1,0)	(2,617)	(3,75)	(4,7)	
(1,0)	(2,0)	(3,0)	(4,0)	
(1,0)	(2,42)	(3,0)	(4,0)	
(1,0)	(2,0)	(3,0)	(4,0)	
(1,0)	(2,43)	(3,0)	(4,0)	
(1,0)	(2,0)	(3,0)	(4,0)	
(1,0)	(2,0)	(3,0)	(4,0)	
(1,0)	(2,0)	(3,0)	(4,0)	
(1,0)	(2,0)	(3,0)	(4,0)	
(1,0)	(2,0)	(3,0)	(4,0)	
(1,0)	(2,0)	(3,0)	(4,0)	
(1,0)	(2,0)	(3,0)	(4,0)	
(1,0)	(2,0)	(3,0)	(4,0)	
avg	617.067	0	637.227	0	634.027	0	611.733	623.253	635.733	0	626.773	564.907
delay	0.396491	0.0888889	1.25575	0.060241	2.56787	0.366197	1.00323	2.59437	1.34971	0.337838	1.34341	2.69707
loss	0	0	0	0	0	0	0	0	0	0	0	0
Command ['/home/ubuntu/ns-3.30-obss/build/scratch/simple-ofdma-adhoc6', '--ofdmaEnabled=true', '--startTime=60', '--totalTime=90', '--packetSize=4e3', '--dataMode=HeMcs5', '--datarate=10e6', '--ratio=0.375', '--RngRun=5', '--locationFile=locationtxt/locationFile42e2.txt', '--routingFile=locationtxt/routingFile42.txt', '--appFile=locationtxt/appFile.txt', '--tcp=0', '--randomTime=true', '--qosDisabled=true'] terminated with signal SIGSEGV. Run it under a debugger to get more information (./waf --run <program> --command-template="gdb --args %s <args>").
