Waf: Entering directory `/home/ubuntu/ns-3.30-obss/build'
Waf: Leaving directory `/home/ubuntu/ns-3.30-obss/build'
Build commands will be stored in build/compile_commands.json
'build' finished successfully (0.715s)
--------------------------Rate[Kbps]--------------------------
Time[s]	cl-1	cl-2	cl-3	cl-4	cl-5	cl-6	cl-7	cl-8	cl-9	cl-10
60	15.8	14.6	13.8	12.6	12.6	14.4	13	12.2	15.2	12.8
61	0	0	1001.6	992	832	841.6	726.4	582.4	1200	1110.4
62	0	0	777.6	812.8	1244.8	707.2	1004.8	713.6	912	1027.2
63	0	0	908.8	899.2	992	1040	985.6	956.8	864	672
64	0	0	1097.6	1228.8	883.2	902.4	870.4	1248	1168	873.6
65	0	0	796.8	1084.8	1040	1123.2	931.2	841.6	1052.8	1193.6
66	0	0	873.6	832	547.2	1174.4	716.8	873.6	1040	822.4
67	0	0	1059.2	876.8	992	918.4	713.6	1116.8	1113.6	998.4
68	0	0	835.2	748.8	636.8	800	982.4	851.2	1084.8	806.4
69	0	0	988.8	851.2	844.8	1091.2	1148.8	780.8	889.6	880
70	0	0	710.4	966.4	736	908.8	950.4	1081.6	912	896
71	0	0	1024	1014.4	1020.8	1120	832	803.2	892.8	825.6
72	0	0	1081.6	1091.2	1132.8	937.6	1072	758.4	553.6	790.4
73	0	0	880	723.2	950.4	848	816	912	1270.4	915.2
74	0	0	1094.4	816	972.8	803.2	1075.2	1033.6	1113.6	844.8
75	0	0	928	1011.2	982.4	857.6	1036.8	1408	1110.4	777.6
76	0	0	966.4	822.4	633.6	854.4	1043.2	1116.8	1097.6	726.4
77	0	0	886.4	841.6	700.8	1219.2	796.8	1017.6	992	1014.4
78	0	0	832	976	982.4	1033.6	1129.6	928	889.6	1024
79	0	0	934.4	540.8	780.8	1155.2	688	854.4	934.4	1145.6
80	0	0	796.8	1027.2	1136	1020.8	758.4	857.6	1120	784
81	0	0	1110.4	844.8	883.2	1132.8	745.6	1209.6	960	1011.2
82	0	0	819.2	691.2	889.6	707.2	768	1091.2	976	992
83	0	0	1094.4	841.6	892.8	1014.4	1088	918.4	1113.6	640
84	0	0	1232	982.4	1152	870.4	1116.8	720	953.6	646.4
85	0	0	864	953.6	1075.2	819.2	979.2	857.6	1187.2	1283.2
86	0	0	947.2	854.4	1049.6	857.6	848	755.2	1104	995.2
87	0	0	1203.2	707.2	1065.6	1043.2	864	720	649.6	1289.6
88	0	0	979.2	1004.8	1200	1180.8	1014.4	1158.4	1337.6	921.6
89	0	0	1075.2	918.4	825.6	755.2	675.2	563.2	992	688
90	0	0	723.2	1065.6	848	787.2	1158.4	1084.8	972.8	844.8
(1,0)	(2,2624)	(3,0)	(4,0)	
(1,0)	(2,837)	(3,63)	(4,3)	
(1,0)	(2,814)	(3,49)	(4,7)	
(1,0)	(2,0)	(3,0)	(4,0)	
(1,0)	(2,0)	(3,0)	(4,0)	
(1,0)	(2,0)	(3,0)	(4,0)	
(1,0)	(2,0)	(3,0)	(4,0)	
(1,0)	(2,0)	(3,0)	(4,0)	
(1,0)	(2,0)	(3,0)	(4,0)	
(1,0)	(2,0)	(3,0)	(4,0)	
(1,0)	(2,0)	(3,0)	(4,0)	
avg	0	0	950.72	900.693	930.773	950.827	917.867	927.147	1015.25	914.667
delay	0.0759494	0.136986	2.73418	5.01022	5.05098	2.80778	2.99596	2.93893	3.11395	3.18644
loss	0	0	0	0	0	0	0	0	0	0
Command ['/home/ubuntu/ns-3.30-obss/build/scratch/simple-ofdma-adhoc6', '--ofdmaEnabled=true', '--startTime=60', '--totalTime=90', '--packetSize=4e3', '--dataMode=HeMcs4', '--datarate=15e6', '--ratio=0.375', '--RngRun=23', '--locationFile=locationtxt/locationFile24.txt', '--routingFile=locationtxt/routingFile24.txt', '--appFile=locationtxt/appFile.txt', '--tcp=0', '--randomTime=true', '--qosDisabled=true'] terminated with signal SIGSEGV. Run it under a debugger to get more information (./waf --run <program> --command-template="gdb --args %s <args>").
