Waf: Entering directory `/home/ubuntu/ns-3.30-obss/build'
Waf: Leaving directory `/home/ubuntu/ns-3.30-obss/build'
Build commands will be stored in build/compile_commands.json
'build' finished successfully (0.683s)
--------------------------Rate[Kbps]--------------------------
Time[s]	cl-1	cl-2	cl-3	cl-4	cl-5	cl-6	cl-7	cl-8	cl-9	cl-10
60	13.8	15.6	14.6	16	15	13.8	12.2	16.4	15.6	17
61	0	0	1238.4	1174.4	953.6	1139.2	1609.6	1312	1299.2	1616
62	0	0	1008	851.2	1132.8	1065.6	1081.6	1104	1081.6	812.8
63	0	0	832	1094.4	1008	1033.6	1120	1168	995.2	800
64	0	0	691.2	1011.2	956.8	1075.2	1024	1017.6	796.8	582.4
65	0	0	681.6	835.2	1116.8	854.4	963.2	1120	1078.4	550.4
66	0	0	755.2	937.6	1052.8	928	1059.2	1148.8	1267.2	745.6
67	0	0	656	944	883.2	982.4	876.8	953.6	1222.4	720
68	0	0	809.6	972.8	1017.6	972.8	816	995.2	940.8	723.2
69	0	0	854.4	928	988.8	1059.2	931.2	1158.4	1203.2	630.4
70	0	0	851.2	892.8	806.4	1100.8	924.8	1190.4	937.6	694.4
71	0	0	672	774.4	960	1084.8	1209.6	624	1289.6	566.4
72	0	0	572.8	854.4	963.2	828.8	918.4	992	1084.8	387.2
73	0	0	912	1027.2	857.6	1158.4	1129.6	883.2	998.4	550.4
74	0	0	620.8	947.2	976	988.8	665.6	908.8	899.2	796.8
75	0	0	768	931.2	995.2	1078.4	988.8	972.8	1049.6	739.2
76	0	0	697.6	956.8	1126.4	720	812.8	1033.6	921.6	992
77	0	0	633.6	1062.4	844.8	1283.2	1065.6	1190.4	963.2	700.8
78	0	0	742.4	896	1056	1094.4	1001.6	1030.4	736	684.8
79	0	0	518.4	1219.2	796.8	771.2	1139.2	1084.8	889.6	716.8
80	0	0	572.8	976	1075.2	1027.2	1046.4	1030.4	1145.6	745.6
81	0	0	736	1030.4	1225.6	761.6	934.4	1075.2	809.6	809.6
82	0	0	825.6	1120	972.8	825.6	1040	995.2	1161.6	483.2
83	0	0	873.6	742.4	1097.6	1209.6	1020.8	902.4	985.6	726.4
84	0	0	563.2	902.4	924.8	1075.2	1030.4	777.6	1068.8	793.6
85	0	0	636.8	844.8	966.4	947.2	1036.8	905.6	1238.4	716.8
86	0	0	806.4	1084.8	892.8	1286.4	803.2	1254.4	819.2	857.6
87	0	0	841.6	1136	995.2	790.4	1478.4	1011.2	940.8	620.8
88	0	0	627.2	806.4	1084.8	1113.6	1136	825.6	832	892.8
89	0	0	643.2	1168	1004.8	912	921.6	1068.8	864	784
90	0	0	515.2	1084.8	1059.2	950.4	934.4	761.6	1059.2	806.4
(1,0)	(2,11208)	(3,0)	(4,0)	
(1,0)	(2,2330)	(3,741)	(4,106)	
(1,0)	(2,2431)	(3,509)	(4,64)	
(1,0)	(2,0)	(3,0)	(4,0)	
(1,0)	(2,0)	(3,0)	(4,0)	
(1,0)	(2,0)	(3,0)	(4,0)	
(1,0)	(2,0)	(3,0)	(4,0)	
(1,0)	(2,0)	(3,0)	(4,0)	
(1,0)	(2,0)	(3,0)	(4,0)	
(1,0)	(2,0)	(3,0)	(4,0)	
(1,0)	(2,0)	(3,0)	(4,0)	
avg	0	0	738.56	973.547	993.067	1003.95	1024	1016.53	1019.31	741.547
delay	0.0724638	0.0769231	580.062	512.818	572.082	584.796	509.333	572.79	566.333	553.445
loss	0	0	0.429797	0.152714	0.737265	0.708061	0.148357	0.472984	0.428571	0.732143
Command ['/home/ubuntu/ns-3.30-obss/build/scratch/simple-ofdma-adhoc6', '--ofdmaEnabled=true', '--startTime=60', '--totalTime=90', '--packetSize=4e3', '--dataMode=HeMcs4', '--datarate=40e6', '--ratio=0.375', '--RngRun=13', '--locationFile=locationtxt/locationFile24.txt', '--routingFile=locationtxt/routingFile24.txt', '--appFile=locationtxt/appFile.txt', '--tcp=0', '--randomTime=true', '--qosDisabled=true'] terminated with signal SIGSEGV. Run it under a debugger to get more information (./waf --run <program> --command-template="gdb --args %s <args>").
