Waf: Entering directory `/home/ubuntu/ns-3.30-obss/build'
Waf: Leaving directory `/home/ubuntu/ns-3.30-obss/build'
Build commands will be stored in build/compile_commands.json
'build' finished successfully (0.715s)
--------------------------Rate[Kbps]--------------------------
Time[s]	cl-1	cl-2	cl-3	cl-4	cl-5	cl-6	cl-7	cl-8	cl-9	cl-10
60	15.2	12	14.2	13.2	11.2	15.6	12.8	13.6	16.6	12.4
61	0	0	1136	1462.4	972.8	1152	1174.4	1475.2	1459.2	1094.4
62	0	0	700.8	1152	1168	995.2	988.8	1225.6	1366.4	742.4
63	0	0	707.2	1113.6	1036.8	950.4	889.6	838.4	736	633.6
64	0	0	902.4	1344	998.4	1030.4	1321.6	886.4	1040	691.2
65	0	0	1065.6	614.4	928	1177.6	1353.6	979.2	854.4	620.8
66	0	0	726.4	787.2	1100.8	1056	1206.4	1043.2	1008	918.4
67	0	0	636.8	1065.6	889.6	979.2	1020.8	854.4	777.6	768
68	0	0	579.2	880	1056	972.8	1004.8	1136	953.6	857.6
69	0	0	595.2	892.8	867.2	1049.6	1104	1008	915.2	832
70	0	0	540.8	825.6	988.8	1017.6	969.6	1001.6	828.8	726.4
71	0	0	617.6	998.4	998.4	803.2	960	979.2	1206.4	659.2
72	0	0	675.2	889.6	998.4	870.4	1148.8	1091.2	1129.6	512
73	0	0	624	1107.2	1020.8	1036.8	915.2	1171.2	988.8	755.2
74	0	0	867.2	889.6	1043.2	1033.6	1139.2	905.6	937.6	659.2
75	0	0	579.2	969.6	825.6	905.6	1145.6	896	892.8	716.8
76	0	0	931.2	787.2	1027.2	1120	1356.8	1008	704	755.2
77	0	0	681.6	790.4	1120	988.8	1286.4	1001.6	544	646.4
78	0	0	745.6	796.8	1020.8	790.4	937.6	1027.2	665.6	694.4
79	0	0	547.2	950.4	1043.2	934.4	1078.4	1129.6	1043.2	662.4
80	0	0	662.4	1139.2	912	1225.6	1033.6	928	1232	723.2
81	0	0	672	777.6	1241.6	1052.8	796.8	1011.2	1164.8	707.2
82	0	0	662.4	892.8	982.4	931.2	889.6	764.8	1148.8	585.6
83	0	0	774.4	585.6	1260.8	1030.4	995.2	848	1081.6	736
84	0	0	819.2	1033.6	1024	873.6	1056	915.2	825.6	838.4
85	0	0	518.4	905.6	1004.8	1161.6	867.2	953.6	1088	822.4
86	0	0	499.2	1052.8	739.2	1123.2	972.8	1065.6	1017.6	582.4
87	0	0	569.6	870.4	950.4	1171.2	800	1206.4	796.8	780.8
88	0	0	646.4	921.6	979.2	1110.4	972.8	1267.2	1027.2	739.2
89	0	0	601.6	867.2	1107.2	992	1193.6	1046.4	931.2	851.2
90	0	0	617.6	969.6	1036.8	905.6	908.8	979.2	1027.2	633.6
(1,0)	(2,11143)	(3,0)	(4,0)	
(1,0)	(2,2328)	(3,599)	(4,66)	
(1,0)	(2,2362)	(3,657)	(4,102)	
(1,0)	(2,0)	(3,0)	(4,0)	
(1,0)	(2,0)	(3,0)	(4,0)	
(1,0)	(2,0)	(3,0)	(4,0)	
(1,0)	(2,0)	(3,0)	(4,0)	
(1,0)	(2,0)	(3,0)	(4,0)	
(1,0)	(2,0)	(3,0)	(4,0)	
(1,0)	(2,0)	(3,0)	(4,0)	
(1,0)	(2,0)	(3,0)	(4,0)	
avg	0	0	696.747	944.427	1011.41	1014.72	1049.6	1021.44	979.733	731.52
delay	0.0657895	0.133333	650.941	513.902	559.962	580.255	517.295	513.697	561.337	689.017
loss	0	0	0.879341	0.137313	0.406986	0.465032	0.140768	0.148115	0.765804	0.694564
Command ['/home/ubuntu/ns-3.30-obss/build/scratch/simple-ofdma-adhoc6', '--ofdmaEnabled=true', '--startTime=60', '--totalTime=90', '--packetSize=4e3', '--dataMode=HeMcs4', '--datarate=40e6', '--ratio=0.375', '--RngRun=19', '--locationFile=locationtxt/locationFile24.txt', '--routingFile=locationtxt/routingFile24.txt', '--appFile=locationtxt/appFile.txt', '--tcp=0', '--randomTime=true', '--qosDisabled=true'] terminated with signal SIGSEGV. Run it under a debugger to get more information (./waf --run <program> --command-template="gdb --args %s <args>").
