Waf: Entering directory `/home/ubuntu/ns-3.30-obss/build'
Waf: Leaving directory `/home/ubuntu/ns-3.30-obss/build'
Build commands will be stored in build/compile_commands.json
'build' finished successfully (0.825s)
--------------------------Rate[Kbps]--------------------------
Time[s]	cl-1	cl-2	cl-3	cl-4	cl-5	cl-6	cl-7	cl-8	cl-9	cl-10
60	14.6	15.2	12.2	13.8	15.2	14.4	16.8	14.6	13	15.6
61	0	0	937.6	758.4	832	774.4	940.8	960	803.2	899.2
62	0	0	1116.8	982.4	883.2	1030.4	937.6	998.4	1212.8	1187.2
63	0	0	1065.6	1123.2	780.8	937.6	745.6	1008	1222.4	1104
64	0	0	1011.2	704	784	1100.8	796.8	905.6	1036.8	777.6
65	0	0	755.2	860.8	1036.8	793.6	1014.4	1091.2	912	873.6
66	0	0	1059.2	1110.4	822.4	851.2	867.2	624	1011.2	1062.4
67	0	0	892.8	1004.8	1072	864	915.2	742.4	880	857.6
68	0	0	995.2	982.4	1158.4	1212.8	1011.2	540.8	710.4	982.4
69	0	0	940.8	838.4	1206.4	812.8	768	982.4	899.2	1120
70	0	0	976	1104	825.6	1059.2	1075.2	892.8	675.2	1203.2
71	0	0	976	1129.6	1161.6	1142.4	1100.8	1171.2	819.2	1033.6
72	0	0	976	960	1036.8	1142.4	704	931.2	1123.2	924.8
73	0	0	851.2	768	774.4	944	1212.8	899.2	1049.6	969.6
74	0	0	886.4	812.8	537.6	851.2	880	1216	873.6	627.2
75	0	0	1136	960	944	1187.2	1091.2	972.8	800	870.4
76	0	0	627.2	768	937.6	934.4	1222.4	896	1068.8	768
77	0	0	1078.4	1046.4	947.2	902.4	1004.8	1216	752	828.8
78	0	0	864	1052.8	844.8	1059.2	1097.6	1129.6	806.4	736
79	0	0	748.8	1001.6	1014.4	947.2	860.8	608	534.4	892.8
80	0	0	1152	950.4	1052.8	691.2	1248	761.6	1056	1212.8
81	0	0	934.4	921.6	972.8	627.2	1020.8	1084.8	844.8	768
82	0	0	921.6	886.4	912	688	947.2	553.6	1024	844.8
83	0	0	864	934.4	630.4	787.2	908.8	992	595.2	844.8
84	0	0	1216	944	1056	937.6	1107.2	1068.8	1072	1116.8
85	0	0	1020.8	1088	905.6	969.6	793.6	873.6	790.4	966.4
86	0	0	1139.2	992	969.6	809.6	1046.4	784	1033.6	1145.6
87	0	0	1120	1075.2	860.8	860.8	1244.8	697.6	1148.8	1020.8
88	0	0	947.2	723.2	883.2	1078.4	1049.6	998.4	1139.2	969.6
89	0	0	896	784	995.2	780.8	1004.8	1014.4	771.2	1152
90	0	0	1024	1241.6	809.6	1040	944	953.6	675.2	1212.8
(1,0)	(2,2742)	(3,0)	(4,0)	
(1,0)	(2,802)	(3,72)	(4,1)	
(1,0)	(2,837)	(3,53)	(4,1)	
(1,0)	(2,0)	(3,0)	(4,0)	
(1,0)	(2,0)	(3,0)	(4,0)	
(1,0)	(2,0)	(3,0)	(4,0)	
(1,0)	(2,0)	(3,0)	(4,0)	
(1,0)	(2,0)	(3,0)	(4,0)	
(1,0)	(2,0)	(3,0)	(4,0)	
(1,0)	(2,0)	(3,0)	(4,0)	
(1,0)	(2,0)	(3,0)	(4,0)	
avg	0	0	970.987	950.293	921.6	927.253	985.387	918.933	911.36	965.76
delay	0.0958904	0.0657895	2.89623	5.04673	2.86222	2.61337	2.70968	5.1566	2.45551	5.19203
loss	0	0	0	0	0	0	0	0	0	0
Command ['/home/ubuntu/ns-3.30-obss/build/scratch/simple-ofdma-adhoc6', '--ofdmaEnabled=true', '--startTime=60', '--totalTime=90', '--packetSize=4e3', '--dataMode=HeMcs4', '--datarate=15e6', '--ratio=0.375', '--RngRun=6', '--locationFile=locationtxt/locationFile24.txt', '--routingFile=locationtxt/routingFile24.txt', '--appFile=locationtxt/appFile.txt', '--tcp=0', '--randomTime=true', '--qosDisabled=true'] terminated with signal SIGSEGV. Run it under a debugger to get more information (./waf --run <program> --command-template="gdb --args %s <args>").
