Waf: Entering directory `/home/ubuntu/ns-3.30-obss/build'
Waf: Leaving directory `/home/ubuntu/ns-3.30-obss/build'
Build commands will be stored in build/compile_commands.json
'build' finished successfully (0.358s)
--------------------------Rate[Kbps]--------------------------
Time[s]	cl-1	cl-2	cl-3	cl-4	cl-5	cl-6	cl-7	cl-8	cl-9	cl-10
60	18	13.6	16.6	16	14.4	15.2	10.6	13.2	15	14.6
61	0	0	1049.6	1888	924.8	1235.2	1251.2	1222.4	854.4	1577.6
62	0	0	1177.6	1168	889.6	963.2	1520	1977.6	1443.2	1129.6
63	0	0	902.4	1107.2	1379.2	1280	736	1392	1414.4	752
64	0	0	876.8	880	1244.8	1222.4	1337.6	921.6	1040	1068.8
65	0	0	921.6	940.8	1561.6	672	1020.8	972.8	1161.6	953.6
66	0	0	1072	1020.8	1168	1113.6	1472	1328	918.4	739.2
67	0	0	787.2	1219.2	1296	844.8	1443.2	899.2	1094.4	668.8
68	0	0	896	1248	998.4	1104	988.8	1177.6	1366.4	918.4
69	0	0	796.8	1004.8	1395.2	1148.8	1308.8	1091.2	1683.2	598.4
70	0	0	1174.4	1062.4	1040	1347.2	1200	1084.8	1075.2	688
71	0	0	899.2	1388.8	1129.6	838.4	1536	889.6	1222.4	793.6
72	0	0	844.8	1190.4	864	1136	1408	1110.4	806.4	1177.6
73	0	0	960	1251.2	1219.2	966.4	1084.8	1100.8	1004.8	1238.4
74	0	0	1043.2	1014.4	1052.8	1264	1283.2	1011.2	915.2	1088
75	0	0	1187.2	1056	1059.2	1027.2	1113.6	1350.4	963.2	688
76	0	0	726.4	1091.2	1158.4	1120	1206.4	1443.2	1065.6	921.6
77	0	0	777.6	969.6	1216	995.2	1116.8	880	1043.2	1001.6
78	0	0	1184	1177.6	825.6	1302.4	876.8	1180.8	1043.2	796.8
79	0	0	544	1059.2	1040	995.2	720	1107.2	1190.4	748.8
80	0	0	620.8	745.6	1404.8	1004.8	1225.6	1084.8	1222.4	745.6
81	0	0	1027.2	873.6	1132.8	873.6	1187.2	1084.8	1180.8	774.4
82	0	0	912	1033.6	835.2	947.2	851.2	1001.6	1235.2	1408
83	0	0	812.8	771.2	1276.8	1104	915.2	1216	844.8	972.8
84	0	0	912	992	1036.8	979.2	956.8	1168	966.4	892.8
85	0	0	832	1190.4	825.6	1283.2	1328	931.2	1113.6	1155.2
86	0	0	720	870.4	1289.6	1440	950.4	1190.4	918.4	806.4
87	0	0	1174.4	1187.2	972.8	1011.2	1094.4	1040	1091.2	668.8
88	0	0	1100.8	940.8	972.8	1014.4	982.4	1168	1027.2	592
89	0	0	892.8	1206.4	947.2	1184	1132.8	1084.8	1001.6	857.6
90	0	0	969.6	1091.2	988.8	1152	1222.4	1145.6	985.6	940.8
(1,0)	(2,11318)	(3,0)	(4,0)	
(1,0)	(2,2377)	(3,551)	(4,69)	
(1,0)	(2,2365)	(3,534)	(4,59)	
(1,0)	(2,0)	(3,0)	(4,0)	
(1,0)	(2,0)	(3,0)	(4,0)	
(1,0)	(2,0)	(3,0)	(4,0)	
(1,0)	(2,0)	(3,0)	(4,0)	
(1,0)	(2,0)	(3,0)	(4,0)	
(1,0)	(2,0)	(3,0)	(4,0)	
(1,0)	(2,0)	(3,0)	(4,0)	
(1,0)	(2,0)	(3,0)	(4,0)	
avg	0	0	926.507	1088	1104.85	1085.65	1149.01	1141.87	1096.43	912.107
delay	0.0666667	0.0735294	528.557	498.103	512.268	509.085	506.437	507.269	513.817	560.244
loss	0	0	0.277506	0.436205	0.470588	0.472917	0.200824	0.221032	0.459236	0.381798
Command ['/home/ubuntu/ns-3.30-obss/build/scratch/simple-ofdma-adhoc6', '--ofdmaEnabled=true', '--startTime=60', '--totalTime=90', '--packetSize=4e3', '--dataMode=HeMcs4', '--datarate=30e6', '--ratio=0.375', '--RngRun=1', '--locationFile=locationtxt/locationFile24.txt', '--routingFile=locationtxt/routingFile24.txt', '--appFile=locationtxt/appFile.txt', '--tcp=0', '--randomTime=true', '--qosDisabled=true'] terminated with signal SIGSEGV. Run it under a debugger to get more information (./waf --run <program> --command-template="gdb --args %s <args>").
