Waf: Entering directory `/home/ubuntu/ns-3.30-obss/build'
Waf: Leaving directory `/home/ubuntu/ns-3.30-obss/build'
Build commands will be stored in build/compile_commands.json
'build' finished successfully (0.729s)
--------------------------Rate[Kbps]--------------------------
Time[s]	cl-1	cl-2	cl-3	cl-4	cl-5	cl-6	cl-7	cl-8	cl-9	cl-10
60	14.4	15.6	13.2	15.4	16.4	14.8	17	16.4	17.6	17
61	0	0	1670.4	1430.4	1171.2	1251.2	1113.6	1024	979.2	1148.8
62	0	0	1334.4	1094.4	1369.6	1292.8	1523.2	902.4	1139.2	960
63	0	0	1280	1376	1014.4	758.4	902.4	1315.2	1001.6	1008
64	0	0	1059.2	899.2	1152	1132.8	1196.8	784	972.8	1267.2
65	0	0	976	1030.4	1094.4	1056	1436.8	755.2	1168	764.8
66	0	0	688	960	1168	1094.4	1331.2	918.4	896	892.8
67	0	0	848	969.6	870.4	1155.2	979.2	1350.4	1523.2	854.4
68	0	0	633.6	1184	1203.2	1353.6	979.2	867.2	1136	899.2
69	0	0	1120	854.4	1276.8	1136	1116.8	976	934.4	1321.6
70	0	0	844.8	1100.8	1043.2	1308.8	944	1270.4	1347.2	745.6
71	0	0	636.8	1318.4	889.6	1030.4	880	1280	1072	1040
72	0	0	784	1011.2	1254.4	892.8	998.4	1244.8	665.6	883.2
73	0	0	992	1116.8	1046.4	918.4	1148.8	1459.2	1059.2	777.6
74	0	0	937.6	1049.6	1385.6	864	1094.4	896	1366.4	841.6
75	0	0	739.2	1340.8	1411.2	713.6	1337.6	1097.6	1110.4	828.8
76	0	0	902.4	1081.6	1100.8	1244.8	995.2	1232	1241.6	796.8
77	0	0	1088	864	1024	1107.2	1308.8	1036.8	1158.4	1030.4
78	0	0	937.6	1043.2	1088	1142.4	1164.8	1104	1011.2	1020.8
79	0	0	675.2	1145.6	1363.2	1212.8	1203.2	1136	1062.4	947.2
80	0	0	1100.8	1081.6	1033.6	812.8	1260.8	1363.2	1059.2	1110.4
81	0	0	1116.8	1126.4	902.4	988.8	976	1081.6	748.8	1555.2
82	0	0	793.6	1091.2	1334.4	1321.6	1161.6	902.4	1430.4	1078.4
83	0	0	854.4	1193.6	1305.6	947.2	1052.8	963.2	1299.2	912
84	0	0	809.6	1136	1296	1036.8	976	1350.4	1244.8	1040
85	0	0	889.6	1276.8	1046.4	889.6	960	873.6	1187.2	960
86	0	0	755.2	944	710.4	1145.6	1273.6	976	931.2	1008
87	0	0	758.4	950.4	1008	921.6	1222.4	950.4	1184	1193.6
88	0	0	966.4	1193.6	1203.2	1059.2	1344	1097.6	838.4	937.6
89	0	0	752	838.4	793.6	1280	1120	1193.6	1347.2	550.4
90	0	0	636.8	1097.6	1449.6	979.2	1424	931.2	1184	947.2
(1,0)	(2,11327)	(3,0)	(4,0)	
(1,0)	(2,2340)	(3,603)	(4,63)	
(1,0)	(2,2424)	(3,652)	(4,55)	
(1,0)	(2,0)	(3,0)	(4,0)	
(1,0)	(2,0)	(3,0)	(4,0)	
(1,0)	(2,0)	(3,0)	(4,0)	
(1,0)	(2,0)	(3,0)	(4,0)	
(1,0)	(2,0)	(3,0)	(4,0)	
(1,0)	(2,0)	(3,0)	(4,0)	
(1,0)	(2,0)	(3,0)	(4,0)	
(1,0)	(2,0)	(3,0)	(4,0)	
avg	0	0	919.36	1093.33	1133.65	1068.27	1147.52	1077.76	1109.97	977.387
delay	0.0694444	0.0769231	510.972	496.005	494.978	516.317	515.727	522.664	510.503	545.928
loss	0	0	0.254219	0.106796	0.0814815	0.241525	0.414712	0.256173	0.205044	0.42289
Command ['/home/ubuntu/ns-3.30-obss/build/scratch/simple-ofdma-adhoc6', '--ofdmaEnabled=true', '--startTime=60', '--totalTime=90', '--packetSize=4e3', '--dataMode=HeMcs4', '--datarate=30e6', '--ratio=0.375', '--RngRun=39', '--locationFile=locationtxt/locationFile24.txt', '--routingFile=locationtxt/routingFile24.txt', '--appFile=locationtxt/appFile.txt', '--tcp=0', '--randomTime=true', '--qosDisabled=true'] terminated with signal SIGSEGV. Run it under a debugger to get more information (./waf --run <program> --command-template="gdb --args %s <args>").
