Waf: Entering directory `/home/ubuntu/ns-3.30-obss/build'
Waf: Leaving directory `/home/ubuntu/ns-3.30-obss/build'
Build commands will be stored in build/compile_commands.json
'build' finished successfully (0.775s)
--------------------------Rate[Kbps]--------------------------
Time[s]	cl-1	cl-2	cl-3	cl-4	cl-5	cl-6	cl-7	cl-8	cl-9	cl-10
60	12.6	15.4	15	13.8	12.6	15.4	14.8	13.2	13.6	13
61	0	0	531.2	636.8	720	960	1062.4	1033.6	969.6	851.2
62	0	0	1011.2	972.8	697.6	1228.8	774.4	950.4	860.8	835.2
63	0	0	768	835.2	1107.2	844.8	736	995.2	956.8	1091.2
64	0	0	940.8	934.4	892.8	835.2	988.8	707.2	819.2	940.8
65	0	0	777.6	908.8	992	784	982.4	1059.2	912	1014.4
66	0	0	883.2	1033.6	777.6	928	720	1036.8	889.6	876.8
67	0	0	1043.2	1091.2	1353.6	784	1196.8	1203.2	998.4	1052.8
68	0	0	1206.4	912	502.4	848	998.4	1104	915.2	1046.4
69	0	0	1244.8	844.8	883.2	1132.8	1068.8	748.8	995.2	1238.4
70	0	0	825.6	790.4	1292.8	838.4	816	1081.6	940.8	947.2
71	0	0	736	1024	720	1033.6	742.4	816	768	742.4
72	0	0	966.4	956.8	963.2	937.6	1033.6	1145.6	867.2	1043.2
73	0	0	950.4	1062.4	1113.6	758.4	1046.4	841.6	688	787.2
74	0	0	969.6	870.4	745.6	1078.4	1065.6	1020.8	931.2	1372.8
75	0	0	921.6	899.2	931.2	848	844.8	540.8	899.2	832
76	0	0	1254.4	953.6	1027.2	854.4	883.2	988.8	1033.6	992
77	0	0	886.4	720	1200	806.4	864	697.6	937.6	870.4
78	0	0	1046.4	950.4	1075.2	1097.6	1222.4	912	1100.8	857.6
79	0	0	982.4	1168	588.8	1248	838.4	896	1222.4	1104
80	0	0	796.8	889.6	1200	899.2	915.2	960	752	1065.6
81	0	0	1040	1132.8	876.8	1062.4	1017.6	787.2	800	812.8
82	0	0	1052.8	1059.2	1116.8	940.8	1139.2	1238.4	1068.8	752
83	0	0	1017.6	995.2	1088	630.4	1203.2	876.8	857.6	1056
84	0	0	998.4	1056	854.4	867.2	707.2	1056	976	889.6
85	0	0	1104	748.8	841.6	1043.2	806.4	1049.6	608	1072
86	0	0	1091.2	934.4	1174.4	761.6	768	1152	572.8	896
87	0	0	736	1145.6	688	800	873.6	1235.2	1180.8	1068.8
88	0	0	880	857.6	688	915.2	969.6	988.8	1008	1187.2
89	0	0	825.6	940.8	1008	806.4	1318.4	812.8	1168	1219.2
90	0	0	1200	867.2	1043.2	857.6	905.6	1001.6	1116.8	988.8
(1,0)	(2,2600)	(3,0)	(4,0)	
(1,0)	(2,821)	(3,75)	(4,0)	
(1,0)	(2,866)	(3,83)	(4,2)	
(1,0)	(2,0)	(3,0)	(4,0)	
(1,0)	(2,0)	(3,0)	(4,0)	
(1,0)	(2,0)	(3,0)	(4,0)	
(1,0)	(2,0)	(3,0)	(4,0)	
(1,0)	(2,0)	(3,0)	(4,0)	
(1,0)	(2,0)	(3,0)	(4,0)	
(1,0)	(2,0)	(3,0)	(4,0)	
(1,0)	(2,0)	(3,0)	(4,0)	
avg	0	0	956.267	939.733	938.773	914.347	950.293	964.587	927.147	983.467
delay	0.15873	0.0649351	2.65057	2.46742	2.61982	2.69845	5.15342	3.08515	2.7867	3.02691
loss	0	0	0	0	0	0	0	0	0	0
Command ['/home/ubuntu/ns-3.30-obss/build/scratch/simple-ofdma-adhoc6', '--ofdmaEnabled=true', '--startTime=60', '--totalTime=90', '--packetSize=4e3', '--dataMode=HeMcs4', '--datarate=15e6', '--ratio=0.375', '--RngRun=12', '--locationFile=locationtxt/locationFile24.txt', '--routingFile=locationtxt/routingFile24.txt', '--appFile=locationtxt/appFile.txt', '--tcp=0', '--randomTime=true', '--qosDisabled=true'] terminated with signal SIGSEGV. Run it under a debugger to get more information (./waf --run <program> --command-template="gdb --args %s <args>").
