Waf: Entering directory `/home/ubuntu/ns-3.30-obss/build'
Waf: Leaving directory `/home/ubuntu/ns-3.30-obss/build'
Build commands will be stored in build/compile_commands.json
'build' finished successfully (0.752s)
--------------------------Rate[Kbps]--------------------------
Time[s]	cl-1	cl-2	cl-3	cl-4	cl-5	cl-6	cl-7	cl-8	cl-9	cl-10
60	15.4	16.6	15	11.2	16.2	12.8	13.2	14.8	14	19.8
61	0	0	217.6	262.4	342.4	304	224	345.6	252.8	259.2
62	0	0	332.8	246.4	256	288	332.8	326.4	307.2	361.6
63	0	0	377.6	390.4	272	240	294.4	361.6	396.8	284.8
64	0	0	297.6	336	320	246.4	345.6	329.6	374.4	384
65	0	0	336	361.6	304	326.4	313.6	352	342.4	272
66	0	0	393.6	320	422.4	422.4	272	352	409.6	326.4
67	0	0	185.6	345.6	336	297.6	316.8	457.6	368	380.8
68	0	0	236.8	304	288	326.4	265.6	352	326.4	300.8
69	0	0	307.2	345.6	348.8	288	320	246.4	230.4	374.4
70	0	0	416	313.6	256	336	243.2	281.6	323.2	329.6
71	0	0	352	345.6	358.4	352	364.8	304	320	336
72	0	0	288	361.6	400	313.6	259.2	320	313.6	345.6
73	0	0	444.8	374.4	259.2	323.2	320	336	374.4	361.6
74	0	0	358.4	342.4	249.6	268.8	291.2	342.4	297.6	323.2
75	0	0	422.4	243.2	310.4	320	355.2	300.8	227.2	323.2
76	0	0	368	297.6	345.6	281.6	342.4	249.6	307.2	265.6
77	0	0	278.4	320	384	374.4	272	361.6	467.2	326.4
78	0	0	409.6	390.4	297.6	281.6	227.2	352	288	406.4
79	0	0	361.6	204.8	272	406.4	384	208	345.6	342.4
80	0	0	278.4	316.8	217.6	275.2	358.4	326.4	249.6	240
81	0	0	371.2	297.6	441.6	310.4	256	281.6	368	358.4
82	0	0	438.4	185.6	358.4	352	348.8	275.2	272	320
83	0	0	320	374.4	313.6	361.6	361.6	307.2	310.4	179.2
84	0	0	294.4	310.4	368	249.6	348.8	355.2	297.6	358.4
85	0	0	252.8	297.6	272	323.2	304	307.2	342.4	288
86	0	0	336	195.2	262.4	339.2	294.4	240	240	294.4
87	0	0	224	297.6	390.4	432	268.8	336	236.8	246.4
88	0	0	272	355.2	272	416	297.6	358.4	281.6	304
89	0	0	342.4	256	288	339.2	387.2	323.2	265.6	291.2
90	0	0	323.2	358.4	345.6	224	297.6	300.8	217.6	384
(1,0)	(2,158)	(3,0)	(4,0)	
(1,0)	(2,81)	(3,1)	(4,0)	
(1,0)	(2,77)	(3,1)	(4,0)	
(1,0)	(2,0)	(3,0)	(4,0)	
(1,0)	(2,0)	(3,0)	(4,0)	
(1,0)	(2,0)	(3,0)	(4,0)	
(1,0)	(2,0)	(3,0)	(4,0)	
(1,0)	(2,0)	(3,0)	(4,0)	
(1,0)	(2,0)	(3,0)	(4,0)	
(1,0)	(2,0)	(3,0)	(4,0)	
(1,0)	(2,0)	(3,0)	(4,0)	
avg	0	0	327.893	311.68	318.4	320.64	308.907	319.68	311.787	318.933
delay	0.0649351	0.180723	2.79255	0.941176	1.34857	1.43258	1.41176	1.22751	2.80337	0.82069
loss	0	0	0	0	0	0	0	0	0	0
Command ['/home/ubuntu/ns-3.30-obss/build/scratch/simple-ofdma-adhoc6', '--ofdmaEnabled=true', '--startTime=60', '--totalTime=90', '--packetSize=4e3', '--dataMode=HeMcs4', '--datarate=5e6', '--ratio=0.375', '--RngRun=15', '--locationFile=locationtxt/locationFile24.txt', '--routingFile=locationtxt/routingFile24.txt', '--appFile=locationtxt/appFile.txt', '--tcp=0', '--randomTime=true', '--qosDisabled=true'] terminated with signal SIGSEGV. Run it under a debugger to get more information (./waf --run <program> --command-template="gdb --args %s <args>").
