Waf: Entering directory `/home/ubuntu/ns-3.30-obss/build'
Waf: Leaving directory `/home/ubuntu/ns-3.30-obss/build'
Build commands will be stored in build/compile_commands.json
'build' finished successfully (0.705s)
--------------------------Rate[Kbps]--------------------------
Time[s]	cl-1	cl-2	cl-3	cl-4	cl-5	cl-6	cl-7	cl-8	cl-9	cl-10
60	13.8	15.4	13.4	13.8	15.2	17.8	16.2	12.8	16.6	15.4
61	0	0	1315.2	1033.6	659.2	1545.6	1539.2	1318.4	1142.4	1462.4
62	0	0	1036.8	867.2	1107.2	1430.4	1027.2	1024	1174.4	851.2
63	0	0	598.4	1017.6	972.8	828.8	982.4	1235.2	1123.2	691.2
64	0	0	572.8	889.6	1043.2	832	1024	1001.6	998.4	816
65	0	0	665.6	777.6	1027.2	912	1100.8	1033.6	1232	675.2
66	0	0	566.4	1097.6	976	1110.4	976	1126.4	937.6	736
67	0	0	457.6	553.6	953.6	892.8	1244.8	921.6	854.4	681.6
68	0	0	710.4	1596.8	1104	1385.6	841.6	566.4	995.2	854.4
69	0	0	716.8	956.8	966.4	963.2	1104	1084.8	822.4	652.8
70	0	0	700.8	953.6	1094.4	1046.4	889.6	1008	1004.8	704
71	0	0	755.2	883.2	1120	1091.2	876.8	963.2	745.6	515.2
72	0	0	684.8	777.6	857.6	1180.8	1033.6	812.8	972.8	745.6
73	0	0	841.6	985.6	825.6	454.4	1289.6	1046.4	908.8	662.4
74	0	0	896	844.8	1040	822.4	1052.8	892.8	873.6	700.8
75	0	0	595.2	726.4	710.4	1027.2	1075.2	1328	1052.8	761.6
76	0	0	502.4	976	1116.8	982.4	1030.4	998.4	854.4	649.6
77	0	0	720	934.4	1030.4	1033.6	1280	947.2	1171.2	652.8
78	0	0	643.2	934.4	835.2	780.8	1196.8	1212.8	1046.4	899.2
79	0	0	758.4	1004.8	956.8	1350.4	937.6	1024	1078.4	627.2
80	0	0	867.2	819.2	1190.4	1024	825.6	1302.4	944	1014.4
81	0	0	915.2	896	988.8	1075.2	784	1388.8	1132.8	953.6
82	0	0	793.6	924.8	1068.8	803.2	988.8	1116.8	1033.6	806.4
83	0	0	748.8	966.4	1120	1046.4	876.8	1158.4	976	860.8
84	0	0	614.4	1052.8	864	1062.4	1068.8	1072	1014.4	640
85	0	0	745.6	979.2	1004.8	944	1222.4	1059.2	659.2	492.8
86	0	0	636.8	806.4	1004.8	1091.2	953.6	950.4	1155.2	1200
87	0	0	793.6	688	755.2	1200	1212.8	937.6	672	624
88	0	0	662.4	729.6	652.8	1036.8	1011.2	1273.6	1059.2	646.4
89	0	0	534.4	921.6	1324.8	668.8	937.6	1273.6	1155.2	748.8
90	0	0	665.6	1065.6	867.2	1168	1126.4	1059.2	684.8	675.2
(1,0)	(2,11192)	(3,0)	(4,0)	
(1,0)	(2,2283)	(3,540)	(4,59)	
(1,0)	(2,2426)	(3,584)	(4,99)	
(1,0)	(2,0)	(3,0)	(4,0)	
(1,0)	(2,0)	(3,0)	(4,0)	
(1,0)	(2,0)	(3,0)	(4,0)	
(1,0)	(2,0)	(3,0)	(4,0)	
(1,0)	(2,0)	(3,0)	(4,0)	
(1,0)	(2,0)	(3,0)	(4,0)	
(1,0)	(2,0)	(3,0)	(4,0)	
(1,0)	(2,0)	(3,0)	(4,0)	
avg	0	0	723.84	922.027	974.613	1026.35	1050.35	1071.25	982.507	766.72
delay	0.0724638	0.0649351	564.24	564.233	572.801	563.88	581.976	572.178	566.689	653.933
loss	0	0	0.41357	0.736315	0.445272	0.738854	0.449159	0.429681	0.745046	0.664253
Command ['/home/ubuntu/ns-3.30-obss/build/scratch/simple-ofdma-adhoc6', '--ofdmaEnabled=true', '--startTime=60', '--totalTime=90', '--packetSize=4e3', '--dataMode=HeMcs4', '--datarate=40e6', '--ratio=0.375', '--RngRun=3', '--locationFile=locationtxt/locationFile24.txt', '--routingFile=locationtxt/routingFile24.txt', '--appFile=locationtxt/appFile.txt', '--tcp=0', '--randomTime=true', '--qosDisabled=true'] terminated with signal SIGSEGV. Run it under a debugger to get more information (./waf --run <program> --command-template="gdb --args %s <args>").
