Waf: Entering directory `/home/ubuntu/ns-3.30-obss/build'
Waf: Leaving directory `/home/ubuntu/ns-3.30-obss/build'
Build commands will be stored in build/compile_commands.json
'build' finished successfully (0.867s)
--------------------------Rate[Kbps]--------------------------
Time[s]	cl-1	cl-2	cl-3	cl-4	cl-5	cl-6	cl-7	cl-8	cl-9	cl-10
60	16.2	13.2	16.4	16	15.6	15.4	14	15	17.4	12.6
61	0	0	876.8	1420.8	1542.4	1363.2	1334.4	902.4	1251.2	1616
62	0	0	1264	1312	710.4	1321.6	1280	1334.4	1484.8	1302.4
63	0	0	1174.4	1360	931.2	1004.8	1417.6	883.2	1017.6	803.2
64	0	0	1200	937.6	1190.4	1171.2	1136	976	1488	579.2
65	0	0	803.2	998.4	1289.6	1068.8	1008	1142.4	1136	1036.8
66	0	0	1148.8	1052.8	1164.8	1356.8	918.4	886.4	1315.2	905.6
67	0	0	1286.4	1017.6	1014.4	1158.4	892.8	1030.4	1072	1084.8
68	0	0	937.6	1068.8	1068.8	1132.8	1040	992	1216	1216
69	0	0	1068.8	1059.2	806.4	1078.4	1052.8	1100.8	1094.4	838.4
70	0	0	1174.4	1094.4	1632	656	822.4	1270.4	931.2	1286.4
71	0	0	934.4	1366.4	1344	1107.2	982.4	921.6	809.6	915.2
72	0	0	896	867.2	1142.4	1164.8	979.2	1043.2	1116.8	1244.8
73	0	0	928	1312	787.2	1280	1132.8	963.2	1059.2	1020.8
74	0	0	1094.4	1110.4	886.4	1171.2	1225.6	1203.2	1411.2	1193.6
75	0	0	1168	1056	960	976	1248	1107.2	944	1017.6
76	0	0	659.2	918.4	1235.2	1200	1145.6	1286.4	969.6	790.4
77	0	0	652.8	1132.8	1155.2	1187.2	1036.8	1296	1107.2	739.2
78	0	0	928	1078.4	1126.4	1078.4	969.6	838.4	1104	1100.8
79	0	0	931.2	1260.8	1244.8	982.4	1030.4	899.2	1216	1225.6
80	0	0	732.8	985.6	1177.6	1155.2	1059.2	812.8	912	1235.2
81	0	0	854.4	979.2	995.2	1011.2	1228.8	966.4	1187.2	976
82	0	0	905.6	1129.6	1177.6	1049.6	1049.6	1001.6	969.6	828.8
83	0	0	934.4	1228.8	934.4	1456	896	1238.4	1203.2	870.4
84	0	0	777.6	1344	950.4	1148.8	1283.2	1011.2	915.2	1123.2
85	0	0	771.2	1072	1312	1270.4	1264	870.4	992	1206.4
86	0	0	745.6	1331.2	1027.2	1046.4	1324.8	1075.2	646.4	1027.2
87	0	0	1523.2	1155.2	1020.8	672	963.2	1478.4	1193.6	796.8
88	0	0	729.6	1046.4	1097.6	1270.4	1187.2	960	1251.2	816
89	0	0	816	1190.4	1097.6	1100.8	1036.8	1091.2	1184	854.4
90	0	0	1139.2	1209.6	1273.6	976	1084.8	732.8	854.4	371.2
(1,0)	(2,11365)	(3,0)	(4,0)	
(1,0)	(2,2415)	(3,528)	(4,49)	
(1,0)	(2,2269)	(3,565)	(4,48)	
(1,0)	(2,0)	(3,0)	(4,0)	
(1,0)	(2,0)	(3,0)	(4,0)	
(1,0)	(2,0)	(3,0)	(4,0)	
(1,0)	(2,0)	(3,0)	(4,0)	
(1,0)	(2,0)	(3,0)	(4,0)	
(1,0)	(2,0)	(3,0)	(4,0)	
(1,0)	(2,0)	(3,0)	(4,0)	
(1,0)	(2,0)	(3,0)	(4,0)	
avg	0	0	968.533	1136.53	1109.87	1120.53	1101.01	1043.84	1101.76	1000.75
delay	0.0740741	0.0757576	512.941	522.075	505.4	510.654	504.619	509.27	509.474	551.343
loss	0	0	0.237762	0.250777	0.459205	0.436716	0.224846	0.47103	0.192797	0.42112
Command ['/home/ubuntu/ns-3.30-obss/build/scratch/simple-ofdma-adhoc6', '--ofdmaEnabled=true', '--startTime=60', '--totalTime=90', '--packetSize=4e3', '--dataMode=HeMcs4', '--datarate=30e6', '--ratio=0.375', '--RngRun=45', '--locationFile=locationtxt/locationFile24.txt', '--routingFile=locationtxt/routingFile24.txt', '--appFile=locationtxt/appFile.txt', '--tcp=0', '--randomTime=true', '--qosDisabled=true'] terminated with signal SIGSEGV. Run it under a debugger to get more information (./waf --run <program> --command-template="gdb --args %s <args>").
