Waf: Entering directory `/home/ubuntu/ns-3.30-obss/build'
Waf: Leaving directory `/home/ubuntu/ns-3.30-obss/build'
Build commands will be stored in build/compile_commands.json
'build' finished successfully (0.904s)
--------------------------Rate[Kbps]--------------------------
Time[s]	cl-1	cl-2	cl-3	cl-4	cl-5	cl-6	cl-7	cl-8	cl-9	cl-10	cl-11	cl-12
60	17.4	16.8	13.6	16.4	14.4	12.4	15.2	15	16.2	16.8	14	15.6
61	764.8	0	0	0	467.2	272	681.6	937.6	736	1065.6	672	883.2
62	630.4	0	0	0	592	790.4	563.2	502.4	630.4	716.8	812.8	534.4
63	582.4	0	0	0	569.6	544	867.2	800	396.8	643.2	374.4	364.8
64	816	0	0	0	313.6	348.8	595.2	796.8	259.2	185.6	867.2	876.8
65	361.6	0	0	0	665.6	432	540.8	310.4	608	540.8	422.4	409.6
66	406.4	0	0	0	204.8	246.4	867.2	755.2	832	796.8	304	515.2
67	633.6	0	0	0	470.4	489.6	563.2	720	435.2	464	588.8	508.8
68	390.4	0	0	0	486.4	531.2	483.2	540.8	652.8	502.4	278.4	259.2
69	393.6	0	0	0	566.4	291.2	150.4	128	627.2	720	550.4	422.4
70	678.4	0	0	0	444.8	428.8	691.2	934.4	755.2	428.8	582.4	832
71	419.2	0	0	0	579.2	822.4	662.4	627.2	502.4	691.2	233.6	217.6
72	460.8	0	0	0	233.6	480	329.6	627.2	380.8	515.2	886.4	579.2
73	480	0	0	0	819.2	764.8	688	524.8	537.6	873.6	579.2	416
74	211.2	0	0	0	339.2	390.4	678.4	339.2	598.4	761.6	412.8	480
75	432	0	0	0	361.6	176	768	816	662.4	438.4	246.4	147.2
76	518.4	0	0	0	944	665.6	342.4	652.8	316.8	633.6	195.2	336
77	531.2	0	0	0	358.4	467.2	473.6	720	323.2	729.6	742.4	540.8
78	480	0	0	0	905.6	592	428.8	496	377.6	499.2	412.8	553.6
79	355.2	0	0	0	316.8	774.4	758.4	966.4	576	499.2	614.4	438.4
80	547.2	0	0	0	630.4	566.4	764.8	371.2	630.4	627.2	704	480
81	649.6	0	0	0	403.2	620.8	448	496	742.4	800	627.2	508.8
82	624	0	0	0	348.8	518.4	998.4	816	432	739.2	406.4	380.8
83	464	0	0	0	326.4	236.8	400	662.4	640	620.8	636.8	841.6
84	553.6	0	0	0	473.6	608	790.4	560	604.8	435.2	204.8	518.4
85	355.2	0	0	0	662.4	486.4	355.2	355.2	396.8	656	550.4	572.8
86	464	0	0	0	428.8	288	950.4	531.2	720	544	771.2	476.8
87	425.6	0	0	0	640	422.4	352	368	611.2	569.6	473.6	656
88	336	0	0	0	560	585.6	713.6	489.6	521.6	393.6	502.4	448
89	569.6	0	0	0	665.6	624	518.4	435.2	400	435.2	544	848
90	617.6	0	0	0	723.2	348.8	409.6	755.2	432	515.2	428.8	608
(1,0)	(2,3254)	(3,3675)	(4,1238)	
(1,0)	(2,1379)	(3,0)	(4,0)	
(1,0)	(2,1995)	(3,0)	(4,0)	
(1,0)	(2,2001)	(3,0)	(4,0)	
(1,0)	(2,1745)	(3,0)	(4,0)	
(1,0)	(2,0)	(3,0)	(4,0)	
(1,0)	(2,0)	(3,0)	(4,0)	
(1,0)	(2,0)	(3,0)	(4,0)	
(1,0)	(2,0)	(3,0)	(4,0)	
(1,0)	(2,0)	(3,0)	(4,0)	
(1,0)	(2,0)	(3,0)	(4,0)	
(1,0)	(2,0)	(3,0)	(4,0)	
(1,0)	(2,0)	(3,0)	(4,0)	
avg	505.067	0	0	0	516.693	493.76	594.453	601.173	544.64	601.387	520.853	521.813
delay	495.924	0.0714286	0.176471	0.170732	589.507	602.365	650.021	629.925	626.036	616.216	640.568	610.331
loss	0.313149	0	0	0	0.649396	0.634892	0.279188	0.28952	0.642857	0.274929	0.311012	0.681481
Command ['/home/ubuntu/ns-3.30-obss/build/scratch/simple-ofdma-adhoc6', '--ofdmaEnabled=true', '--startTime=60', '--totalTime=90', '--packetSize=4e3', '--dataMode=HeMcs3', '--datarate=25e6', '--ratio=0.375', '--RngRun=16', '--locationFile=locationtxt/locationFile42a.txt', '--routingFile=locationtxt/routingFile42.txt', '--appFile=locationtxt/appFile.txt', '--tcp=0', '--randomTime=true', '--qosDisabled=true'] terminated with signal SIGSEGV. Run it under a debugger to get more information (./waf --run <program> --command-template="gdb --args %s <args>").
