Waf: Entering directory `/home/ubuntu/ns-3.30-obss/build'
Waf: Leaving directory `/home/ubuntu/ns-3.30-obss/build'
Build commands will be stored in build/compile_commands.json
'build' finished successfully (0.748s)
--------------------------Rate[Kbps]--------------------------
Time[s]	cl-1	cl-2	cl-3	cl-4	cl-5	cl-6	cl-7	cl-8	cl-9	cl-10	cl-11	cl-12
60	12.2	13.8	15	15.6	10.8	17.2	16.6	13.6	18	16.2	15.2	15.2
61	982.4	0	0	0	915.2	758.4	656	640	569.6	832	768	726.4
62	912	0	0	0	681.6	873.6	604.8	844.8	736	614.4	784	492.8
63	598.4	0	0	0	864	732.8	972.8	764.8	668.8	787.2	643.2	496
64	736	0	0	0	576	659.2	588.8	684.8	928	1142.4	550.4	963.2
65	681.6	0	0	0	758.4	803.2	652.8	768	544	828.8	825.6	595.2
66	784	0	0	0	985.6	806.4	659.2	630.4	995.2	1011.2	681.6	588.8
67	873.6	0	0	0	713.6	803.2	787.2	656	742.4	812.8	352	390.4
68	793.6	0	0	0	524.8	764.8	752	739.2	800	726.4	905.6	883.2
69	668.8	0	0	0	761.6	633.6	771.2	720	691.2	745.6	681.6	563.2
70	435.2	0	0	0	748.8	729.6	937.6	649.6	684.8	985.6	796.8	512
71	739.2	0	0	0	576	611.2	332.8	819.2	668.8	697.6	633.6	867.2
72	844.8	0	0	0	659.2	710.4	476.8	761.6	467.2	892.8	787.2	755.2
73	758.4	0	0	0	800	649.6	812.8	787.2	880	636.8	659.2	576
74	748.8	0	0	0	588.8	736	899.2	697.6	748.8	595.2	1014.4	825.6
75	576	0	0	0	956.8	793.6	694.4	518.4	780.8	816	860.8	758.4
76	608	0	0	0	608	576	659.2	656	688	544	780.8	1017.6
77	710.4	0	0	0	582.4	812.8	643.2	838.4	726.4	880	787.2	611.2
78	636.8	0	0	0	793.6	672	796.8	611.2	812.8	1200	726.4	752
79	595.2	0	0	0	803.2	806.4	700.8	764.8	825.6	608	588.8	694.4
80	700.8	0	0	0	652.8	502.4	700.8	604.8	921.6	886.4	665.6	825.6
81	534.4	0	0	0	880	809.6	796.8	688	630.4	550.4	521.6	492.8
82	860.8	0	0	0	643.2	652.8	796.8	643.2	544	441.6	867.2	611.2
83	640	0	0	0	470.4	534.4	924.8	1017.6	876.8	812.8	819.2	598.4
84	768	0	0	0	800	716.8	723.2	438.4	752	892.8	793.6	790.4
85	611.2	0	0	0	428.8	620.8	819.2	563.2	806.4	585.6	886.4	822.4
86	883.2	0	0	0	540.8	774.4	761.6	796.8	729.6	809.6	611.2	393.6
87	435.2	0	0	0	803.2	806.4	646.4	566.4	601.6	707.2	1238.4	812.8
88	784	0	0	0	508.8	595.2	905.6	652.8	556.8	723.2	604.8	812.8
89	803.2	0	0	0	640	569.6	614.4	691.2	700.8	816	896	419.2
90	832	0	0	0	393.6	412.8	953.6	1020.8	739.2	681.6	755.2	662.4
(1,0)	(2,3471)	(3,3840)	(4,1086)	
(1,0)	(2,1249)	(3,0)	(4,0)	
(1,0)	(2,1405)	(3,0)	(4,0)	
(1,0)	(2,1589)	(3,0)	(4,0)	
(1,0)	(2,1637)	(3,0)	(4,0)	
(1,0)	(2,0)	(3,0)	(4,0)	
(1,0)	(2,0)	(3,0)	(4,0)	
(1,0)	(2,0)	(3,0)	(4,0)	
(1,0)	(2,0)	(3,0)	(4,0)	
(1,0)	(2,0)	(3,0)	(4,0)	
(1,0)	(2,0)	(3,0)	(4,0)	
(1,0)	(2,0)	(3,0)	(4,0)	
(1,0)	(2,0)	(3,0)	(4,0)	
avg	717.867	0	0	0	688.64	697.6	734.72	707.84	727.253	775.467	749.547	677.013
delay	391.687	0.0724638	0.0666667	0.0641026	448.328	437.155	442.034	453.277	482.206	492.852	522.611	528.14
loss	0.0611765	0	0	0	0.039627	0.0548303	0.0303867	0.0260664	0.0702179	0.0187668	0.101695	0.0879397
Command ['/home/ubuntu/ns-3.30-obss/build/scratch/simple-ofdma-adhoc6', '--ofdmaEnabled=true', '--startTime=60', '--totalTime=90', '--packetSize=4e3', '--dataMode=HeMcs3', '--datarate=15e6', '--ratio=0.375', '--RngRun=19', '--locationFile=locationtxt/locationFile42a.txt', '--routingFile=locationtxt/routingFile42.txt', '--appFile=locationtxt/appFile.txt', '--tcp=0', '--randomTime=true', '--qosDisabled=true'] terminated with signal SIGSEGV. Run it under a debugger to get more information (./waf --run <program> --command-template="gdb --args %s <args>").
