Waf: Entering directory `/home/ubuntu/ns-3.30-obss/build'
Waf: Leaving directory `/home/ubuntu/ns-3.30-obss/build'
Build commands will be stored in build/compile_commands.json
'build' finished successfully (0.745s)
--------------------------Rate[Kbps]--------------------------
Time[s]	cl-1	cl-2	cl-3	cl-4	cl-5	cl-6	cl-7	cl-8	cl-9	cl-10	cl-11	cl-12
60	14.6	13	14.8	14.2	14.6	14.4	14.4	13.6	13.8	11.6	15.6	16.8
61	963.2	0	0	0	931.2	915.2	777.6	624	569.6	582.4	790.4	675.2
62	604.8	0	0	0	451.2	604.8	627.2	451.2	390.4	310.4	345.6	838.4
63	569.6	0	0	0	528	259.2	531.2	374.4	553.6	400	419.2	563.2
64	892.8	0	0	0	569.6	249.6	560	588.8	870.4	828.8	499.2	576
65	665.6	0	0	0	649.6	316.8	652.8	784	784	688	352	371.2
66	419.2	0	0	0	761.6	540.8	470.4	419.2	409.6	435.2	601.6	656
67	508.8	0	0	0	508.8	310.4	336	547.2	547.2	598.4	310.4	422.4
68	531.2	0	0	0	377.6	441.6	499.2	627.2	316.8	518.4	457.6	537.6
69	646.4	0	0	0	380.8	371.2	368	246.4	252.8	444.8	512	579.2
70	508.8	0	0	0	624	544	716.8	752	662.4	646.4	620.8	595.2
71	540.8	0	0	0	246.4	224	918.4	480	694.4	476.8	524.8	355.2
72	646.4	0	0	0	553.6	454.4	364.8	566.4	524.8	601.6	528	489.6
73	652.8	0	0	0	275.2	342.4	409.6	633.6	464	649.6	643.2	729.6
74	435.2	0	0	0	720	352	307.2	432	467.2	476.8	489.6	454.4
75	544	0	0	0	339.2	326.4	521.6	643.2	540.8	665.6	579.2	550.4
76	614.4	0	0	0	326.4	249.6	550.4	662.4	620.8	569.6	387.2	246.4
77	412.8	0	0	0	748.8	505.6	784	611.2	409.6	566.4	752	352
78	422.4	0	0	0	451.2	368	400	464	534.4	483.2	598.4	544
79	470.4	0	0	0	166.4	265.6	617.6	758.4	364.8	377.6	556.8	739.2
80	281.6	0	0	0	576	505.6	697.6	636.8	691.2	467.2	566.4	454.4
81	630.4	0	0	0	576	355.2	432	403.2	464	275.2	358.4	489.6
82	473.6	0	0	0	553.6	419.2	454.4	454.4	764.8	860.8	505.6	588.8
83	464	0	0	0	569.6	320	428.8	275.2	524.8	550.4	697.6	608
84	582.4	0	0	0	531.2	336	579.2	640	553.6	723.2	348.8	473.6
85	620.8	0	0	0	409.6	310.4	656	652.8	505.6	646.4	272	560
86	531.2	0	0	0	345.6	377.6	524.8	700.8	262.4	259.2	649.6	681.6
87	518.4	0	0	0	345.6	246.4	608	620.8	950.4	550.4	489.6	604.8
88	323.2	0	0	0	707.2	508.8	448	454.4	713.6	512	492.8	473.6
89	515.2	0	0	0	531.2	483.2	355.2	252.8	483.2	188.8	825.6	659.2
90	505.6	0	0	0	326.4	313.6	579.2	720	793.6	601.6	320	272
(1,0)	(2,3224)	(3,3754)	(4,1339)	
(1,0)	(2,1533)	(3,0)	(4,0)	
(1,0)	(2,2077)	(3,0)	(4,0)	
(1,0)	(2,1753)	(3,0)	(4,0)	
(1,0)	(2,1885)	(3,0)	(4,0)	
(1,0)	(2,0)	(3,0)	(4,0)	
(1,0)	(2,0)	(3,0)	(4,0)	
(1,0)	(2,0)	(3,0)	(4,0)	
(1,0)	(2,0)	(3,0)	(4,0)	
(1,0)	(2,0)	(3,0)	(4,0)	
(1,0)	(2,0)	(3,0)	(4,0)	
(1,0)	(2,0)	(3,0)	(4,0)	
(1,0)	(2,0)	(3,0)	(4,0)	
avg	549.867	0	0	0	502.72	393.92	539.2	549.227	556.16	531.84	516.48	538.027
delay	513.402	0.2	0.0810811	0.0985915	639.963	628.792	660.809	678.199	683.42	632.509	656.784	664.497
loss	0.443726	0	0	0	0.460212	0.594737	0.458693	0.744652	0.440204	0.309201	0.284257	0.718289
Command ['/home/ubuntu/ns-3.30-obss/build/scratch/simple-ofdma-adhoc6', '--ofdmaEnabled=true', '--startTime=60', '--totalTime=90', '--packetSize=4e3', '--dataMode=HeMcs3', '--datarate=30e6', '--ratio=0.375', '--RngRun=12', '--locationFile=locationtxt/locationFile42a.txt', '--routingFile=locationtxt/routingFile42.txt', '--appFile=locationtxt/appFile.txt', '--tcp=0', '--randomTime=true', '--qosDisabled=true'] terminated with signal SIGSEGV. Run it under a debugger to get more information (./waf --run <program> --command-template="gdb --args %s <args>").
