Waf: Entering directory `/home/ubuntu/ns-3.30-obss/build'
Waf: Leaving directory `/home/ubuntu/ns-3.30-obss/build'
Build commands will be stored in build/compile_commands.json
'build' finished successfully (0.748s)
--------------------------Rate[Kbps]--------------------------
Time[s]	cl-1	cl-2	cl-3	cl-4	cl-5	cl-6	cl-7	cl-8	cl-9	cl-10	cl-11	cl-12
60	18.4	13.2	14	16.4	10	14	11.2	15.8	14.8	15.6	9.4	15.8
61	534.4	0	0	0	806.4	796.8	553.6	883.2	595.2	707.2	745.6	531.2
62	889.6	0	0	0	825.6	620.8	787.2	739.2	608	627.2	1046.4	700.8
63	553.6	0	0	0	620.8	617.6	636.8	838.4	697.6	873.6	889.6	832
64	940.8	0	0	0	662.4	726.4	499.2	502.4	803.2	700.8	1075.2	643.2
65	758.4	0	0	0	483.2	512	1216	755.2	668.8	889.6	512	636.8
66	886.4	0	0	0	809.6	812.8	976	838.4	441.6	464	809.6	755.2
67	640	0	0	0	956.8	624	944	784	380.8	531.2	688	697.6
68	1049.6	0	0	0	147.2	108.8	969.6	937.6	934.4	928	800	393.6
69	838.4	0	0	0	1036.8	947.2	304	451.2	681.6	812.8	1033.6	819.2
70	595.2	0	0	0	838.4	643.2	1161.6	806.4	499.2	684.8	732.8	723.2
71	860.8	0	0	0	905.6	988.8	694.4	771.2	604.8	736	435.2	560
72	803.2	0	0	0	700.8	876.8	688	662.4	908.8	608	502.4	860.8
73	822.4	0	0	0	726.4	908.8	857.6	748.8	540.8	662.4	697.6	579.2
74	806.4	0	0	0	755.2	700.8	627.2	793.6	518.4	755.2	342.4	460.8
75	752	0	0	0	729.6	576	704	716.8	697.6	816	793.6	806.4
76	1017.6	0	0	0	633.6	499.2	806.4	601.6	524.8	480	691.2	918.4
77	704	0	0	0	640	652.8	809.6	857.6	601.6	729.6	848	764.8
78	688	0	0	0	851.2	553.6	390.4	537.6	1014.4	972.8	736	601.6
79	771.2	0	0	0	592	649.6	393.6	425.6	732.8	537.6	924.8	995.2
80	832	0	0	0	857.6	521.6	969.6	1059.2	672	940.8	508.8	656
81	803.2	0	0	0	393.6	640	819.2	784	633.6	771.2	921.6	729.6
82	1100.8	0	0	0	934.4	780.8	688	841.6	668.8	780.8	841.6	608
83	470.4	0	0	0	809.6	1145.6	547.2	825.6	886.4	886.4	595.2	502.4
84	726.4	0	0	0	659.2	646.4	668.8	729.6	889.6	793.6	454.4	752
85	793.6	0	0	0	739.2	640	652.8	761.6	643.2	812.8	668.8	892.8
86	595.2	0	0	0	777.6	761.6	620.8	726.4	451.2	544	649.6	556.8
87	624	0	0	0	524.8	467.2	656	844.8	518.4	464	956.8	1091.2
88	515.2	0	0	0	614.4	732.8	499.2	700.8	1184	1030.4	486.4	720
89	710.4	0	0	0	966.4	816	697.6	528	697.6	675.2	716.8	633.6
90	777.6	0	0	0	585.6	720	854.4	684.8	809.6	742.4	803.2	502.4
(1,0)	(2,3491)	(3,3806)	(4,957)	
(1,0)	(2,1655)	(3,0)	(4,0)	
(1,0)	(2,1495)	(3,0)	(4,0)	
(1,0)	(2,1584)	(3,0)	(4,0)	
(1,0)	(2,1581)	(3,0)	(4,0)	
(1,0)	(2,0)	(3,0)	(4,0)	
(1,0)	(2,0)	(3,0)	(4,0)	
(1,0)	(2,0)	(3,0)	(4,0)	
(1,0)	(2,0)	(3,0)	(4,0)	
(1,0)	(2,0)	(3,0)	(4,0)	
(1,0)	(2,0)	(3,0)	(4,0)	
(1,0)	(2,0)	(3,0)	(4,0)	
(1,0)	(2,0)	(3,0)	(4,0)	
avg	762.027	0	0	0	719.467	689.6	723.093	737.92	683.627	731.947	730.24	697.493
delay	448.278	0.181818	0.0714286	0.0731707	568.026	566.19	536.804	533.446	559.565	558.301	538.013	537.433
loss	0.0883002	0	0	0	0.0662252	0.0530504	0.0360169	0.0277778	0.0591017	0.125	0.0259067	0.0525
Command ['/home/ubuntu/ns-3.30-obss/build/scratch/simple-ofdma-adhoc6', '--ofdmaEnabled=true', '--startTime=60', '--totalTime=90', '--packetSize=4e3', '--dataMode=HeMcs3', '--datarate=15e6', '--ratio=0.375', '--RngRun=26', '--locationFile=locationtxt/locationFile42a.txt', '--routingFile=locationtxt/routingFile42.txt', '--appFile=locationtxt/appFile.txt', '--tcp=0', '--randomTime=true', '--qosDisabled=true'] terminated with signal SIGSEGV. Run it under a debugger to get more information (./waf --run <program> --command-template="gdb --args %s <args>").
