Waf: Entering directory `/home/ubuntu/ns-3.30-obss/build'
Waf: Leaving directory `/home/ubuntu/ns-3.30-obss/build'
Build commands will be stored in build/compile_commands.json
'build' finished successfully (0.925s)
--------------------------Rate[Kbps]--------------------------
Time[s]	cl-1	cl-2	cl-3	cl-4	cl-5	cl-6	cl-7	cl-8	cl-9	cl-10	cl-11	cl-12
60	11.8	11.8	14.8	14.2	14.4	14.6	16	13.4	15	15.2	10.8	14.8
61	1033.6	0	0	0	284.8	604.8	928	713.6	880	694.4	345.6	531.2
62	419.2	0	0	0	620.8	832	684.8	508.8	518.4	470.4	841.6	870.4
63	672	0	0	0	384	246.4	652.8	604.8	374.4	374.4	582.4	476.8
64	550.4	0	0	0	566.4	476.8	387.2	342.4	601.6	614.4	390.4	451.2
65	467.2	0	0	0	310.4	185.6	659.2	665.6	697.6	464	608	620.8
66	579.2	0	0	0	403.2	515.2	652.8	524.8	336	675.2	345.6	496
67	470.4	0	0	0	691.2	640	563.2	566.4	755.2	656	326.4	457.6
68	515.2	0	0	0	492.8	368	608	611.2	457.6	528	643.2	969.6
69	444.8	0	0	0	460.8	464	518.4	585.6	800	764.8	288	233.6
70	464	0	0	0	864	723.2	220.8	320	416	508.8	883.2	659.2
71	563.2	0	0	0	406.4	326.4	601.6	1120	480	812.8	579.2	265.6
72	585.6	0	0	0	361.6	428.8	624	342.4	515.2	332.8	460.8	483.2
73	288	0	0	0	435.2	924.8	492.8	512	534.4	473.6	745.6	617.6
74	393.6	0	0	0	441.6	547.2	508.8	604.8	435.2	627.2	678.4	601.6
75	419.2	0	0	0	572.8	694.4	432	505.6	720	662.4	720	323.2
76	640	0	0	0	444.8	636.8	518.4	470.4	252.8	467.2	534.4	684.8
77	694.4	0	0	0	428.8	435.2	620.8	368	422.4	476.8	620.8	630.4
78	505.6	0	0	0	384	454.4	662.4	892.8	569.6	377.6	441.6	544
79	537.6	0	0	0	534.4	355.2	470.4	710.4	723.2	518.4	476.8	521.6
80	771.2	0	0	0	448	508.8	736	518.4	694.4	371.2	835.2	460.8
81	723.2	0	0	0	438.4	531.2	393.6	665.6	582.4	588.8	672	425.6
82	515.2	0	0	0	505.6	614.4	249.6	412.8	624	172.8	457.6	518.4
83	553.6	0	0	0	451.2	416	768	569.6	886.4	556.8	419.2	608
84	662.4	0	0	0	899.2	547.2	339.2	422.4	320	252.8	608	563.2
85	700.8	0	0	0	313.6	614.4	819.2	569.6	390.4	636.8	336	284.8
86	419.2	0	0	0	598.4	432	422.4	400	339.2	566.4	675.2	704
87	563.2	0	0	0	387.2	486.4	649.6	364.8	544	944	668.8	659.2
88	521.6	0	0	0	553.6	432	377.6	758.4	428.8	601.6	502.4	480
89	307.2	0	0	0	460.8	585.6	416	608	499.2	531.2	448	620.8
90	528	0	0	0	419.2	419.2	508.8	659.2	384	764.8	614.4	521.6
(1,0)	(2,3411)	(3,3767)	(4,1174)	
(1,0)	(2,1783)	(3,0)	(4,0)	
(1,0)	(2,1700)	(3,0)	(4,0)	
(1,0)	(2,1648)	(3,0)	(4,0)	
(1,0)	(2,1435)	(3,0)	(4,0)	
(1,0)	(2,0)	(3,0)	(4,0)	
(1,0)	(2,0)	(3,0)	(4,0)	
(1,0)	(2,0)	(3,0)	(4,0)	
(1,0)	(2,0)	(3,0)	(4,0)	
(1,0)	(2,0)	(3,0)	(4,0)	
(1,0)	(2,0)	(3,0)	(4,0)	
(1,0)	(2,0)	(3,0)	(4,0)	
(1,0)	(2,0)	(3,0)	(4,0)	
avg	550.293	0	0	0	485.44	514.88	549.547	563.947	539.413	549.547	558.293	542.827
delay	492.188	0.0677966	0.148649	0.0704225	625.933	611.272	632.853	616.162	625.242	623.222	598.517	605.797
loss	0.334405	0	0	0	0.685864	0.295455	0.269747	0.290378	0.66899	0.280551	0.275923	0.660345
Command ['/home/ubuntu/ns-3.30-obss/build/scratch/simple-ofdma-adhoc6', '--ofdmaEnabled=true', '--startTime=60', '--totalTime=90', '--packetSize=4e3', '--dataMode=HeMcs3', '--datarate=25e6', '--ratio=0.375', '--RngRun=45', '--locationFile=locationtxt/locationFile42a.txt', '--routingFile=locationtxt/routingFile42.txt', '--appFile=locationtxt/appFile.txt', '--tcp=0', '--randomTime=true', '--qosDisabled=true'] terminated with signal SIGSEGV. Run it under a debugger to get more information (./waf --run <program> --command-template="gdb --args %s <args>").
