Waf: Entering directory `/home/ubuntu/ns-3.30-obss/build'
Waf: Leaving directory `/home/ubuntu/ns-3.30-obss/build'
Build commands will be stored in build/compile_commands.json
'build' finished successfully (1.099s)
--------------------------Rate[Kbps]--------------------------
Time[s]	cl-1	cl-2	cl-3	cl-4	cl-5	cl-6	cl-7	cl-8	cl-9	cl-10	cl-11	cl-12	cl-13	cl-14
60	17.2	16.4	13.8	15.4	14.4	11.6	13	17	15.2	15.4	14.4	14.6	12	16
61	0	0	0	0	0	0	854.4	867.2	774.4	803.2	1091.2	624	710.4	643.2
62	0	0	0	0	0	0	572.8	592	617.6	582.4	608	528	848	819.2
63	0	0	0	0	0	0	563.2	755.2	713.6	608	672	480	784	480
64	0	0	0	0	0	0	761.6	553.6	544	748.8	544	723.2	492.8	665.6
65	0	0	0	0	0	0	700.8	729.6	678.4	489.6	550.4	620.8	422.4	774.4
66	0	0	0	0	0	0	675.2	1001.6	822.4	432	531.2	707.2	320	457.6
67	0	0	0	0	0	0	707.2	451.2	646.4	467.2	396.8	636.8	736	912
68	0	0	0	0	0	0	400	713.6	745.6	787.2	508.8	627.2	768	848
69	0	0	0	0	0	0	496	281.6	851.2	598.4	742.4	1036.8	704	534.4
70	0	0	0	0	0	0	617.6	604.8	681.6	534.4	713.6	633.6	544	761.6
71	0	0	0	0	0	0	496	588.8	646.4	473.6	544	665.6	835.2	531.2
72	0	0	0	0	0	0	723.2	342.4	796.8	620.8	566.4	531.2	668.8	505.6
73	0	0	0	0	0	0	636.8	464	646.4	732.8	902.4	611.2	502.4	752
74	0	0	0	0	0	0	1024	361.6	736	691.2	656	652.8	515.2	748.8
75	0	0	0	0	0	0	339.2	742.4	412.8	691.2	636.8	755.2	796.8	726.4
76	0	0	0	0	0	0	556.8	819.2	761.6	880	624	806.4	582.4	739.2
77	0	0	0	0	0	0	406.4	614.4	534.4	659.2	745.6	681.6	592	691.2
78	0	0	0	0	0	0	544	592	889.6	780.8	880	553.6	806.4	656
79	0	0	0	0	0	0	668.8	960	739.2	355.2	380.8	627.2	764.8	489.6
80	0	0	0	0	0	0	515.2	547.2	572.8	796.8	691.2	473.6	780.8	646.4
81	0	0	0	0	0	0	537.6	400	473.6	742.4	745.6	819.2	406.4	700.8
82	0	0	0	0	0	0	681.6	774.4	601.6	390.4	915.2	681.6	483.2	640
83	0	0	0	0	0	0	966.4	428.8	528	633.6	620.8	675.2	630.4	784
84	0	0	0	0	0	0	444.8	544	841.6	646.4	672	582.4	489.6	700.8
85	0	0	0	0	0	0	854.4	505.6	662.4	755.2	444.8	614.4	723.2	512
86	0	0	0	0	0	0	649.6	880	771.2	473.6	768	649.6	732.8	656
87	0	0	0	0	0	0	716.8	681.6	512	736	320	780.8	931.2	764.8
88	0	0	0	0	0	0	713.6	505.6	310.4	764.8	566.4	595.2	627.2	668.8
89	0	0	0	0	0	0	736	489.6	476.8	790.4	928	604.8	700.8	608
90	0	0	0	0	0	0	617.6	659.2	793.6	636.8	576	694.4	371.2	371.2
(1,0)	(2,8945)	(3,0)	(4,0)	
(1,0)	(2,3035)	(3,0)	(4,0)	
(1,0)	(2,3003)	(3,0)	(4,0)	
(1,0)	(2,831)	(3,0)	(4,0)	
(1,0)	(2,927)	(3,0)	(4,0)	
(1,0)	(2,953)	(3,0)	(4,0)	
(1,0)	(2,926)	(3,0)	(4,0)	
(1,0)	(2,0)	(3,0)	(4,0)	
(1,0)	(2,0)	(3,0)	(4,0)	
(1,0)	(2,0)	(3,0)	(4,0)	
(1,0)	(2,0)	(3,0)	(4,0)	
(1,0)	(2,0)	(3,0)	(4,0)	
(1,0)	(2,0)	(3,0)	(4,0)	
(1,0)	(2,0)	(3,0)	(4,0)	
(1,0)	(2,0)	(3,0)	(4,0)	
avg	0	0	0	0	0	0	639.253	615.04	659.413	643.413	651.413	655.787	642.347	659.627
delay	0.0697674	0.182927	0.347826	0.350649	0.347222	0.344828	524.016	528.647	550.518	549.074	536.167	533.853	537.979	542.847
loss	0	0	0	0	0	0	0.626687	0.281924	0.582451	0.328205	0.28479	0.263158	0.324451	0.618632
Command ['/home/ubuntu/ns-3.30-obss/build/scratch/simple-ofdma-adhoc6', '--ofdmaEnabled=true', '--startTime=60', '--totalTime=90', '--packetSize=4e3', '--dataMode=HeMcs4', '--datarate=25e6', '--ratio=0.375', '--RngRun=48', '--locationFile=locationtxt/locationFile222.txt', '--routingFile=locationtxt/routingFile222.txt', '--appFile=locationtxt/appFile.txt', '--tcp=0', '--randomTime=true', '--qosDisabled=true'] terminated with signal SIGSEGV. Run it under a debugger to get more information (./waf --run <program> --command-template="gdb --args %s <args>").
