Waf: Entering directory `/home/ubuntu/ns-3.30-obss/build'
Waf: Leaving directory `/home/ubuntu/ns-3.30-obss/build'
Build commands will be stored in build/compile_commands.json
'build' finished successfully (0.835s)
--------------------------Rate[Kbps]--------------------------
Time[s]	cl-1	cl-2	cl-3	cl-4	cl-5	cl-6	cl-7	cl-8	cl-9	cl-10	cl-11	cl-12	cl-13	cl-14
60	18.6	15.8	14.8	18.4	14.6	17.8	13.4	12.4	15.6	12.8	16.8	11.8	13.6	13.8
61	0	0	0	0	0	0	659.2	678.4	803.2	1062.4	924.8	521.6	790.4	563.2
62	0	0	0	0	0	0	649.6	521.6	704	508.8	464	502.4	595.2	476.8
63	0	0	0	0	0	0	595.2	512	518.4	380.8	563.2	768	515.2	358.4
64	0	0	0	0	0	0	489.6	726.4	528	547.2	409.6	368	624	732.8
65	0	0	0	0	0	0	377.6	563.2	553.6	585.6	582.4	534.4	585.6	524.8
66	0	0	0	0	0	0	534.4	684.8	592	518.4	425.6	518.4	569.6	582.4
67	0	0	0	0	0	0	659.2	560	553.6	540.8	544	723.2	432	521.6
68	0	0	0	0	0	0	524.8	524.8	723.2	601.6	422.4	380.8	515.2	486.4
69	0	0	0	0	0	0	688	707.2	582.4	627.2	441.6	531.2	403.2	640
70	0	0	0	0	0	0	457.6	444.8	428.8	432	528	598.4	742.4	630.4
71	0	0	0	0	0	0	688	560	531.2	486.4	579.2	646.4	508.8	473.6
72	0	0	0	0	0	0	550.4	547.2	697.6	755.2	499.2	476.8	512	582.4
73	0	0	0	0	0	0	611.2	643.2	566.4	531.2	598.4	502.4	512	665.6
74	0	0	0	0	0	0	774.4	508.8	694.4	512	438.4	566.4	480	531.2
75	0	0	0	0	0	0	576	684.8	486.4	780.8	531.2	521.6	566.4	576
76	0	0	0	0	0	0	496	547.2	403.2	659.2	588.8	422.4	528	544
77	0	0	0	0	0	0	672	352	572.8	691.2	384	739.2	406.4	588.8
78	0	0	0	0	0	0	425.6	640	438.4	457.6	505.6	480	627.2	617.6
79	0	0	0	0	0	0	515.2	585.6	528	508.8	550.4	604.8	361.6	505.6
80	0	0	0	0	0	0	608	489.6	281.6	684.8	588.8	636.8	508.8	502.4
81	0	0	0	0	0	0	729.6	470.4	428.8	489.6	518.4	588.8	617.6	435.2
82	0	0	0	0	0	0	588.8	550.4	403.2	620.8	720	592	710.4	604.8
83	0	0	0	0	0	0	627.2	467.2	470.4	675.2	662.4	396.8	454.4	480
84	0	0	0	0	0	0	460.8	624	627.2	675.2	435.2	649.6	412.8	502.4
85	0	0	0	0	0	0	384	585.6	576	508.8	611.2	409.6	502.4	576
86	0	0	0	0	0	0	518.4	704	582.4	505.6	723.2	608	492.8	470.4
87	0	0	0	0	0	0	435.2	534.4	569.6	707.2	537.6	608	611.2	348.8
88	0	0	0	0	0	0	547.2	540.8	393.6	560	531.2	502.4	572.8	502.4
89	0	0	0	0	0	0	492.8	454.4	620.8	534.4	572.8	534.4	566.4	579.2
90	0	0	0	0	0	0	771.2	496	614.4	521.6	412.8	512	748.8	483.2
(1,0)	(2,8978)	(3,0)	(4,0)	
(1,0)	(2,3368)	(3,0)	(4,0)	
(1,0)	(2,3318)	(3,0)	(4,0)	
(1,0)	(2,939)	(3,0)	(4,0)	
(1,0)	(2,942)	(3,0)	(4,0)	
(1,0)	(2,945)	(3,0)	(4,0)	
(1,0)	(2,883)	(3,0)	(4,0)	
(1,0)	(2,0)	(3,0)	(4,0)	
(1,0)	(2,0)	(3,0)	(4,0)	
(1,0)	(2,0)	(3,0)	(4,0)	
(1,0)	(2,0)	(3,0)	(4,0)	
(1,0)	(2,0)	(3,0)	(4,0)	
(1,0)	(2,0)	(3,0)	(4,0)	
(1,0)	(2,0)	(3,0)	(4,0)	
(1,0)	(2,0)	(3,0)	(4,0)	
avg	0	0	0	0	0	0	570.24	563.627	549.12	589.013	543.147	548.16	549.12	536.213
delay	0.11828	0.0759494	0.337838	0.369565	0.383562	0.449438	591.514	602.75	603.979	552.089	610.117	555.612	538.915	595.026
loss	0	0	0	0	0	0	0.818182	0.84589	0.606814	0.274384	0.634124	0.305785	0.352941	0.625
Command ['/home/ubuntu/ns-3.30-obss/build/scratch/simple-ofdma-adhoc6', '--ofdmaEnabled=true', '--startTime=60', '--totalTime=90', '--packetSize=4e3', '--dataMode=HeMcs4', '--datarate=35e6', '--ratio=0.375', '--RngRun=12', '--locationFile=locationtxt/locationFile222.txt', '--routingFile=locationtxt/routingFile222.txt', '--appFile=locationtxt/appFile.txt', '--tcp=0', '--randomTime=true', '--qosDisabled=true'] terminated with signal SIGSEGV. Run it under a debugger to get more information (./waf --run <program> --command-template="gdb --args %s <args>").
