Waf: Entering directory `/home/ubuntu/ns-3.30-obss/build'
Waf: Leaving directory `/home/ubuntu/ns-3.30-obss/build'
Build commands will be stored in build/compile_commands.json
'build' finished successfully (0.714s)
--------------------------Rate[Kbps]--------------------------
Time[s]	cl-1	cl-2	cl-3	cl-4	cl-5	cl-6	cl-7	cl-8	cl-9	cl-10	cl-11	cl-12	cl-13	cl-14
60	14.4	15.4	15.8	11.8	16	15.2	13.6	13.2	13.2	14.6	12.8	15.6	15.6	14.4
61	0	0	0	0	0	0	841.6	521.6	848	1158.4	723.2	668.8	1171.2	588.8
62	0	0	0	0	0	0	502.4	755.2	416	496	457.6	768	521.6	627.2
63	0	0	0	0	0	0	659.2	422.4	646.4	556.8	688	432	598.4	825.6
64	0	0	0	0	0	0	588.8	713.6	448	672	502.4	595.2	396.8	656
65	0	0	0	0	0	0	812.8	355.2	652.8	592	636.8	489.6	361.6	819.2
66	0	0	0	0	0	0	611.2	416	691.2	652.8	480	476.8	483.2	614.4
67	0	0	0	0	0	0	681.6	633.6	742.4	473.6	291.2	204.8	531.2	611.2
68	0	0	0	0	0	0	540.8	601.6	553.6	579.2	889.6	851.2	780.8	588.8
69	0	0	0	0	0	0	464	556.8	640	585.6	563.2	406.4	736	902.4
70	0	0	0	0	0	0	304	515.2	774.4	582.4	1046.4	691.2	464	588.8
71	0	0	0	0	0	0	345.6	825.6	540.8	492.8	544	528	531.2	540.8
72	0	0	0	0	0	0	787.2	544	521.6	480	438.4	656	544	704
73	0	0	0	0	0	0	464	656	684.8	729.6	480	502.4	608	550.4
74	0	0	0	0	0	0	460.8	659.2	636.8	780.8	819.2	617.6	598.4	492.8
75	0	0	0	0	0	0	732.8	422.4	582.4	531.2	604.8	659.2	636.8	502.4
76	0	0	0	0	0	0	505.6	384	425.6	505.6	902.4	723.2	761.6	540.8
77	0	0	0	0	0	0	720	636.8	499.2	387.2	608	656	761.6	665.6
78	0	0	0	0	0	0	771.2	537.6	835.2	662.4	492.8	387.2	470.4	441.6
79	0	0	0	0	0	0	563.2	566.4	544	576	716.8	496	460.8	588.8
80	0	0	0	0	0	0	569.6	572.8	684.8	691.2	748.8	579.2	547.2	563.2
81	0	0	0	0	0	0	668.8	643.2	748.8	572.8	585.6	473.6	448	371.2
82	0	0	0	0	0	0	572.8	595.2	668.8	592	566.4	745.6	668.8	726.4
83	0	0	0	0	0	0	556.8	608	816	640	572.8	681.6	499.2	499.2
84	0	0	0	0	0	0	553.6	592	454.4	553.6	476.8	611.2	464	675.2
85	0	0	0	0	0	0	489.6	380.8	697.6	851.2	588.8	601.6	464	588.8
86	0	0	0	0	0	0	441.6	566.4	521.6	684.8	768	569.6	544	467.2
87	0	0	0	0	0	0	390.4	464	617.6	915.2	473.6	739.2	620.8	537.6
88	0	0	0	0	0	0	588.8	688	396.8	569.6	467.2	649.6	579.2	627.2
89	0	0	0	0	0	0	502.4	505.6	550.4	544	505.6	368	358.4	569.6
90	0	0	0	0	0	0	483.2	515.2	537.6	553.6	480	665.6	649.6	540.8
(1,0)	(2,9260)	(3,0)	(4,0)	
(1,0)	(2,3171)	(3,0)	(4,0)	
(1,0)	(2,3147)	(3,0)	(4,0)	
(1,0)	(2,963)	(3,0)	(4,0)	
(1,0)	(2,963)	(3,0)	(4,0)	
(1,0)	(2,975)	(3,0)	(4,0)	
(1,0)	(2,893)	(3,0)	(4,0)	
(1,0)	(2,0)	(3,0)	(4,0)	
(1,0)	(2,0)	(3,0)	(4,0)	
(1,0)	(2,0)	(3,0)	(4,0)	
(1,0)	(2,0)	(3,0)	(4,0)	
(1,0)	(2,0)	(3,0)	(4,0)	
(1,0)	(2,0)	(3,0)	(4,0)	
(1,0)	(2,0)	(3,0)	(4,0)	
(1,0)	(2,0)	(3,0)	(4,0)	
avg	0	0	0	0	0	0	572.48	561.813	612.587	622.08	603.947	583.147	575.36	600.533
delay	0.0694444	0.0779221	0.341772	0.338983	0.35	0.328947	585.562	557.729	551.921	548.327	584.929	581.623	537.143	570.035
loss	0	0	0	0	0	0	0.496098	0.287838	0.329442	0.320802	0.459302	0.470998	0.330226	0.481602
Command ['/home/ubuntu/ns-3.30-obss/build/scratch/simple-ofdma-adhoc6', '--ofdmaEnabled=true', '--startTime=60', '--totalTime=90', '--packetSize=4e3', '--dataMode=HeMcs4', '--datarate=30e6', '--ratio=0.375', '--RngRun=4', '--locationFile=locationtxt/locationFile222.txt', '--routingFile=locationtxt/routingFile222.txt', '--appFile=locationtxt/appFile.txt', '--tcp=0', '--randomTime=true', '--qosDisabled=true'] terminated with signal SIGSEGV. Run it under a debugger to get more information (./waf --run <program> --command-template="gdb --args %s <args>").
