Waf: Entering directory `/home/ubuntu/ns-3.30-obss/build'
Waf: Leaving directory `/home/ubuntu/ns-3.30-obss/build'
Build commands will be stored in build/compile_commands.json
'build' finished successfully (0.767s)
--------------------------Rate[Kbps]--------------------------
Time[s]	cl-1	cl-2	cl-3	cl-4	cl-5	cl-6	cl-7	cl-8	cl-9	cl-10	cl-11	cl-12	cl-13	cl-14
60	15.4	16.2	14.8	11	13.8	15.2	14.6	15.8	15.8	14.6	13.6	12.4	15.4	15.2
61	0	0	0	0	0	0	1001.6	668.8	892.8	851.2	953.6	665.6	665.6	425.6
62	0	0	0	0	0	0	556.8	553.6	675.2	556.8	540.8	774.4	604.8	457.6
63	0	0	0	0	0	0	524.8	576	563.2	540.8	448	560	684.8	585.6
64	0	0	0	0	0	0	518.4	620.8	534.4	604.8	512	688	396.8	627.2
65	0	0	0	0	0	0	496	448	457.6	489.6	537.6	643.2	569.6	518.4
66	0	0	0	0	0	0	531.2	502.4	572.8	588.8	508.8	512	582.4	524.8
67	0	0	0	0	0	0	547.2	598.4	624	598.4	483.2	531.2	627.2	598.4
68	0	0	0	0	0	0	464	556.8	598.4	518.4	697.6	563.2	688	467.2
69	0	0	0	0	0	0	627.2	492.8	499.2	688	454.4	556.8	601.6	624
70	0	0	0	0	0	0	454.4	611.2	531.2	563.2	499.2	460.8	515.2	435.2
71	0	0	0	0	0	0	588.8	496	649.6	601.6	624	470.4	502.4	537.6
72	0	0	0	0	0	0	736	640	361.6	425.6	489.6	464	512	473.6
73	0	0	0	0	0	0	662.4	448	473.6	697.6	595.2	387.2	556.8	620.8
74	0	0	0	0	0	0	700.8	515.2	595.2	470.4	390.4	531.2	553.6	656
75	0	0	0	0	0	0	531.2	512	470.4	953.6	643.2	438.4	675.2	643.2
76	0	0	0	0	0	0	537.6	528	579.2	460.8	345.6	662.4	512	579.2
77	0	0	0	0	0	0	544	364.8	489.6	464	579.2	579.2	355.2	700.8
78	0	0	0	0	0	0	608	652.8	537.6	406.4	502.4	470.4	534.4	579.2
79	0	0	0	0	0	0	470.4	601.6	579.2	432	515.2	531.2	476.8	608
80	0	0	0	0	0	0	540.8	502.4	486.4	496	755.2	518.4	358.4	544
81	0	0	0	0	0	0	489.6	576	553.6	502.4	588.8	467.2	412.8	550.4
82	0	0	0	0	0	0	617.6	748.8	358.4	620.8	716.8	636.8	588.8	496
83	0	0	0	0	0	0	480	422.4	496	441.6	435.2	643.2	681.6	476.8
84	0	0	0	0	0	0	665.6	649.6	595.2	544	473.6	636.8	588.8	406.4
85	0	0	0	0	0	0	512	473.6	515.2	697.6	502.4	336	483.2	556.8
86	0	0	0	0	0	0	752	563.2	579.2	569.6	585.6	294.4	489.6	454.4
87	0	0	0	0	0	0	537.6	480	425.6	473.6	700.8	617.6	601.6	505.6
88	0	0	0	0	0	0	496	662.4	345.6	604.8	524.8	560	457.6	624
89	0	0	0	0	0	0	579.2	502.4	320	473.6	553.6	473.6	544	505.6
90	0	0	0	0	0	0	582.4	313.6	387.2	604.8	643.2	563.2	528	768
(1,0)	(2,8853)	(3,0)	(4,0)	
(1,0)	(2,3336)	(3,0)	(4,0)	
(1,0)	(2,3030)	(3,0)	(4,0)	
(1,0)	(2,964)	(3,0)	(4,0)	
(1,0)	(2,984)	(3,0)	(4,0)	
(1,0)	(2,862)	(3,0)	(4,0)	
(1,0)	(2,837)	(3,0)	(4,0)	
(1,0)	(2,0)	(3,0)	(4,0)	
(1,0)	(2,0)	(3,0)	(4,0)	
(1,0)	(2,0)	(3,0)	(4,0)	
(1,0)	(2,0)	(3,0)	(4,0)	
(1,0)	(2,0)	(3,0)	(4,0)	
(1,0)	(2,0)	(3,0)	(4,0)	
(1,0)	(2,0)	(3,0)	(4,0)	
(1,0)	(2,0)	(3,0)	(4,0)	
avg	0	0	0	0	0	0	578.453	542.72	524.907	564.693	560	541.227	544.96	551.68
delay	0.0649351	0.0740741	0.391892	0.418182	0.434783	0.552632	584.439	611.938	562.123	591.287	558.54	603.61	548.493	598.526
loss	0	0	0	0	0	0	0.874359	0.680347	0.370841	0.884537	0.361493	0.884507	0.402163	0.879477
Command ['/home/ubuntu/ns-3.30-obss/build/scratch/simple-ofdma-adhoc6', '--ofdmaEnabled=true', '--startTime=60', '--totalTime=90', '--packetSize=4e3', '--dataMode=HeMcs4', '--datarate=40e6', '--ratio=0.375', '--RngRun=47', '--locationFile=locationtxt/locationFile222.txt', '--routingFile=locationtxt/routingFile222.txt', '--appFile=locationtxt/appFile.txt', '--tcp=0', '--randomTime=true', '--qosDisabled=true'] terminated with signal SIGSEGV. Run it under a debugger to get more information (./waf --run <program> --command-template="gdb --args %s <args>").
