Waf: Entering directory `/home/ubuntu/ns-3.30-obss/build'
Waf: Leaving directory `/home/ubuntu/ns-3.30-obss/build'
Build commands will be stored in build/compile_commands.json
'build' finished successfully (0.708s)
--------------------------Rate[Kbps]--------------------------
Time[s]	cl-1	cl-2	cl-3	cl-4	cl-5	cl-6	cl-7	cl-8	cl-9	cl-10	cl-11	cl-12	cl-13	cl-14
60	14.4	15.4	15.8	11.8	16	15.2	13.6	13.2	13.2	14.6	12.8	15.6	15.6	14.4
61	0	0	0	0	0	0	755.2	784	905.6	880	630.4	713.6	774.4	595.2
62	0	0	0	0	0	0	816	835.2	672	812.8	979.2	947.2	800	828.8
63	0	0	0	0	0	0	707.2	579.2	713.6	620.8	1040	844.8	806.4	1113.6
64	0	0	0	0	0	0	1046.4	934.4	784	784	803.2	883.2	883.2	665.6
65	0	0	0	0	0	0	921.6	422.4	656	643.2	979.2	915.2	659.2	1251.2
66	0	0	0	0	0	0	832	668.8	752	899.2	585.6	812.8	665.6	796.8
67	0	0	0	0	0	0	806.4	780.8	758.4	544	998.4	553.6	828.8	838.4
68	0	0	0	0	0	0	928	771.2	800	681.6	652.8	841.6	857.6	662.4
69	0	0	0	0	0	0	684.8	697.6	892.8	547.2	857.6	720	1091.2	812.8
70	0	0	0	0	0	0	566.4	953.6	1276.8	755.2	864	636.8	630.4	924.8
71	0	0	0	0	0	0	710.4	1043.2	761.6	537.6	579.2	678.4	937.6	835.2
72	0	0	0	0	0	0	947.2	832	800	729.6	678.4	563.2	819.2	720
73	0	0	0	0	0	0	713.6	940.8	848	608	659.2	880	704	774.4
74	0	0	0	0	0	0	672	732.8	1004.8	937.6	732.8	790.4	729.6	678.4
75	0	0	0	0	0	0	854.4	592	579.2	697.6	876.8	988.8	1110.4	889.6
76	0	0	0	0	0	0	899.2	803.2	912	585.6	758.4	684.8	1024	710.4
77	0	0	0	0	0	0	966.4	860.8	883.2	774.4	627.2	656	710.4	944
78	0	0	0	0	0	0	880	960	880	736	876.8	604.8	499.2	662.4
79	0	0	0	0	0	0	678.4	524.8	576	710.4	889.6	848	739.2	704
80	0	0	0	0	0	0	812.8	886.4	835.2	889.6	777.6	720	684.8	787.2
81	0	0	0	0	0	0	768	633.6	726.4	742.4	1014.4	726.4	601.6	662.4
82	0	0	0	0	0	0	662.4	569.6	716.8	659.2	646.4	1014.4	816	1184
83	0	0	0	0	0	0	1014.4	745.6	800	880	576	761.6	710.4	576
84	0	0	0	0	0	0	620.8	944	675.2	739.2	768	1075.2	710.4	963.2
85	0	0	0	0	0	0	726.4	742.4	921.6	966.4	748.8	768	899.2	550.4
86	0	0	0	0	0	0	825.6	960	716.8	966.4	800	764.8	540.8	633.6
87	0	0	0	0	0	0	662.4	579.2	668.8	662.4	854.4	998.4	876.8	924.8
88	0	0	0	0	0	0	768	793.6	531.2	764.8	649.6	668.8	969.6	924.8
89	0	0	0	0	0	0	896	825.6	537.6	787.2	643.2	713.6	982.4	844.8
90	0	0	0	0	0	0	601.6	976	806.4	819.2	870.4	761.6	780.8	675.2
(1,0)	(2,8643)	(3,0)	(4,0)	
(1,0)	(2,3067)	(3,0)	(4,0)	
(1,0)	(2,3021)	(3,0)	(4,0)	
(1,0)	(2,902)	(3,0)	(4,0)	
(1,0)	(2,863)	(3,0)	(4,0)	
(1,0)	(2,928)	(3,0)	(4,0)	
(1,0)	(2,966)	(3,0)	(4,0)	
(1,0)	(2,0)	(3,0)	(4,0)	
(1,0)	(2,0)	(3,0)	(4,0)	
(1,0)	(2,0)	(3,0)	(4,0)	
(1,0)	(2,0)	(3,0)	(4,0)	
(1,0)	(2,0)	(3,0)	(4,0)	
(1,0)	(2,0)	(3,0)	(4,0)	
(1,0)	(2,0)	(3,0)	(4,0)	
(1,0)	(2,0)	(3,0)	(4,0)	
avg	0	0	0	0	0	0	791.467	779.093	779.733	745.387	780.587	784.533	794.773	804.48
delay	0.0694444	0.0779221	0.341772	0.338983	0.35	0.328947	485.291	484.529	481.174	473.816	479.272	478.695	472.582	476.673
loss	0	0	0	0	0	0	0.0565302	0.0507246	0.0541176	0.0389908	0.0534979	0.0613497	0.0703883	0.0482625
Command ['/home/ubuntu/ns-3.30-obss/build/scratch/simple-ofdma-adhoc6', '--ofdmaEnabled=true', '--startTime=60', '--totalTime=90', '--packetSize=4e3', '--dataMode=HeMcs4', '--datarate=15e6', '--ratio=0.375', '--RngRun=4', '--locationFile=locationtxt/locationFile222.txt', '--routingFile=locationtxt/routingFile222.txt', '--appFile=locationtxt/appFile.txt', '--tcp=0', '--randomTime=true', '--qosDisabled=true'] terminated with signal SIGSEGV. Run it under a debugger to get more information (./waf --run <program> --command-template="gdb --args %s <args>").
