Waf: Entering directory `/home/ubuntu/ns-3.30-obss/build'
Waf: Leaving directory `/home/ubuntu/ns-3.30-obss/build'
Build commands will be stored in build/compile_commands.json
'build' finished successfully (0.762s)
--------------------------Rate[Kbps]--------------------------
Time[s]	cl-1	cl-2	cl-3	cl-4	cl-5	cl-6	cl-7	cl-8	cl-9	cl-10	cl-11	cl-12	cl-13	cl-14
60	13.4	15	10.6	11.6	16.2	16.2	10.4	14.4	14	15.6	15	15.6	16.6	14.4
61	0	0	0	0	0	0	630.4	768	1008	579.2	633.6	412.8	1120	825.6
62	0	0	0	0	0	0	707.2	992	822.4	566.4	822.4	662.4	1155.2	1027.2
63	0	0	0	0	0	0	505.6	1078.4	822.4	585.6	979.2	828.8	912	723.2
64	0	0	0	0	0	0	793.6	774.4	752	1014.4	950.4	883.2	784	768
65	0	0	0	0	0	0	867.2	883.2	732.8	528	748.8	732.8	928	876.8
66	0	0	0	0	0	0	780.8	780.8	758.4	758.4	976	608	560	787.2
67	0	0	0	0	0	0	473.6	720	694.4	704	675.2	886.4	880	963.2
68	0	0	0	0	0	0	918.4	931.2	761.6	784	611.2	803.2	784	876.8
69	0	0	0	0	0	0	793.6	656	489.6	908.8	496	1011.2	844.8	880
70	0	0	0	0	0	0	940.8	451.2	652.8	796.8	793.6	678.4	812.8	819.2
71	0	0	0	0	0	0	736	576	768	812.8	691.2	793.6	777.6	889.6
72	0	0	0	0	0	0	809.6	707.2	1014.4	668.8	464	956.8	710.4	835.2
73	0	0	0	0	0	0	835.2	652.8	652.8	720	764.8	860.8	918.4	819.2
74	0	0	0	0	0	0	998.4	819.2	822.4	604.8	726.4	857.6	729.6	819.2
75	0	0	0	0	0	0	876.8	934.4	729.6	873.6	800	726.4	732.8	732.8
76	0	0	0	0	0	0	771.2	886.4	694.4	521.6	630.4	940.8	886.4	998.4
77	0	0	0	0	0	0	809.6	697.6	489.6	614.4	729.6	803.2	1046.4	876.8
78	0	0	0	0	0	0	1091.2	963.2	1100.8	739.2	905.6	582.4	739.2	585.6
79	0	0	0	0	0	0	915.2	726.4	912	1020.8	854.4	672	697.6	694.4
80	0	0	0	0	0	0	713.6	803.2	646.4	883.2	729.6	832	745.6	851.2
81	0	0	0	0	0	0	969.6	889.6	918.4	617.6	656	598.4	803.2	752
82	0	0	0	0	0	0	726.4	508.8	873.6	755.2	790.4	931.2	979.2	723.2
83	0	0	0	0	0	0	745.6	1136	694.4	688	649.6	825.6	848	697.6
84	0	0	0	0	0	0	710.4	454.4	665.6	848	1043.2	899.2	713.6	716.8
85	0	0	0	0	0	0	851.2	739.2	998.4	812.8	780.8	800	739.2	857.6
86	0	0	0	0	0	0	684.8	595.2	1017.6	937.6	688	444.8	851.2	966.4
87	0	0	0	0	0	0	857.6	928	972.8	988.8	697.6	492.8	828.8	633.6
88	0	0	0	0	0	0	518.4	694.4	796.8	588.8	790.4	777.6	608	1097.6
89	0	0	0	0	0	0	739.2	1052.8	960	774.4	764.8	681.6	668.8	947.2
90	0	0	0	0	0	0	451.2	617.6	803.2	828.8	1110.4	659.2	755.2	790.4
(1,0)	(2,8543)	(3,0)	(4,0)	
(1,0)	(2,3124)	(3,0)	(4,0)	
(1,0)	(2,3055)	(3,0)	(4,0)	
(1,0)	(2,946)	(3,0)	(4,0)	
(1,0)	(2,890)	(3,0)	(4,0)	
(1,0)	(2,925)	(3,0)	(4,0)	
(1,0)	(2,941)	(3,0)	(4,0)	
(1,0)	(2,0)	(3,0)	(4,0)	
(1,0)	(2,0)	(3,0)	(4,0)	
(1,0)	(2,0)	(3,0)	(4,0)	
(1,0)	(2,0)	(3,0)	(4,0)	
(1,0)	(2,0)	(3,0)	(4,0)	
(1,0)	(2,0)	(3,0)	(4,0)	
(1,0)	(2,0)	(3,0)	(4,0)	
(1,0)	(2,0)	(3,0)	(4,0)	
avg	0	0	0	0	0	0	774.08	780.587	800.853	750.827	765.12	754.773	818.667	827.733
delay	0.164179	0.0666667	0.396226	0.344828	0.419753	0.333333	511.098	506.547	495.48	511.415	474.222	490.419	477.798	487.199
loss	0	0	0	0	0	0	0.137421	0.0648379	0.120083	0.13245	0.06621	0.123318	0.0561122	0.0495283
Command ['/home/ubuntu/ns-3.30-obss/build/scratch/simple-ofdma-adhoc6', '--ofdmaEnabled=true', '--startTime=60', '--totalTime=90', '--packetSize=4e3', '--dataMode=HeMcs4', '--datarate=15e6', '--ratio=0.375', '--RngRun=6', '--locationFile=locationtxt/locationFile222.txt', '--routingFile=locationtxt/routingFile222.txt', '--appFile=locationtxt/appFile.txt', '--tcp=0', '--randomTime=true', '--qosDisabled=true'] terminated with signal SIGSEGV. Run it under a debugger to get more information (./waf --run <program> --command-template="gdb --args %s <args>").
