Waf: Entering directory `/home/ubuntu/ns-3.30-obss/build'
Waf: Leaving directory `/home/ubuntu/ns-3.30-obss/build'
Build commands will be stored in build/compile_commands.json
'build' finished successfully (0.716s)
--------------------------Rate[Kbps]--------------------------
Time[s]	cl-1	cl-2	cl-3	cl-4	cl-5	cl-6	cl-7	cl-8	cl-9	cl-10	cl-11	cl-12	cl-13	cl-14
60	15.4	14	13.6	16.8	16.8	11.6	12.4	14	17	15.6	15	14.4	17	14
61	0	0	0	0	0	0	476.8	787.2	790.4	572.8	758.4	841.6	828.8	908.8
62	0	0	0	0	0	0	540.8	572.8	553.6	649.6	556.8	489.6	556.8	486.4
63	0	0	0	0	0	0	281.6	512	601.6	640	396.8	678.4	428.8	688
64	0	0	0	0	0	0	700.8	643.2	630.4	684.8	492.8	416	422.4	371.2
65	0	0	0	0	0	0	534.4	636.8	592	569.6	620.8	569.6	396.8	256
66	0	0	0	0	0	0	425.6	422.4	496	502.4	598.4	758.4	592	755.2
67	0	0	0	0	0	0	550.4	457.6	627.2	716.8	448	560	435.2	745.6
68	0	0	0	0	0	0	528	403.2	422.4	617.6	569.6	480	544	566.4
69	0	0	0	0	0	0	620.8	515.2	720	489.6	403.2	531.2	560	454.4
70	0	0	0	0	0	0	470.4	476.8	396.8	604.8	496	550.4	460.8	659.2
71	0	0	0	0	0	0	697.6	496	649.6	627.2	432	422.4	470.4	492.8
72	0	0	0	0	0	0	518.4	544	547.2	582.4	560	582.4	496	588.8
73	0	0	0	0	0	0	585.6	489.6	547.2	579.2	752	556.8	444.8	428.8
74	0	0	0	0	0	0	374.4	684.8	569.6	518.4	550.4	649.6	435.2	480
75	0	0	0	0	0	0	428.8	508.8	598.4	489.6	524.8	598.4	665.6	694.4
76	0	0	0	0	0	0	361.6	412.8	508.8	595.2	390.4	716.8	508.8	649.6
77	0	0	0	0	0	0	521.6	739.2	691.2	588.8	505.6	467.2	524.8	496
78	0	0	0	0	0	0	396.8	416	390.4	473.6	451.2	512	604.8	678.4
79	0	0	0	0	0	0	572.8	604.8	480	592	521.6	508.8	502.4	480
80	0	0	0	0	0	0	569.6	691.2	342.4	710.4	707.2	425.6	531.2	508.8
81	0	0	0	0	0	0	512	438.4	668.8	844.8	496	460.8	544	518.4
82	0	0	0	0	0	0	496	496	374.4	355.2	614.4	748.8	377.6	435.2
83	0	0	0	0	0	0	448	643.2	646.4	624	556.8	454.4	601.6	643.2
84	0	0	0	0	0	0	579.2	643.2	707.2	278.4	521.6	486.4	540.8	563.2
85	0	0	0	0	0	0	518.4	579.2	419.2	748.8	483.2	716.8	502.4	438.4
86	0	0	0	0	0	0	684.8	464	556.8	630.4	416	518.4	665.6	358.4
87	0	0	0	0	0	0	544	268.8	512	393.6	489.6	563.2	489.6	566.4
88	0	0	0	0	0	0	630.4	665.6	569.6	489.6	617.6	598.4	761.6	512
89	0	0	0	0	0	0	483.2	560	448	428.8	396.8	678.4	611.2	576
90	0	0	0	0	0	0	518.4	483.2	592	576	505.6	528	652.8	364.8
(1,0)	(2,9009)	(3,0)	(4,0)	
(1,0)	(2,3109)	(3,0)	(4,0)	
(1,0)	(2,3274)	(3,0)	(4,0)	
(1,0)	(2,967)	(3,0)	(4,0)	
(1,0)	(2,925)	(3,0)	(4,0)	
(1,0)	(2,927)	(3,0)	(4,0)	
(1,0)	(2,979)	(3,0)	(4,0)	
(1,0)	(2,0)	(3,0)	(4,0)	
(1,0)	(2,0)	(3,0)	(4,0)	
(1,0)	(2,0)	(3,0)	(4,0)	
(1,0)	(2,0)	(3,0)	(4,0)	
(1,0)	(2,0)	(3,0)	(4,0)	
(1,0)	(2,0)	(3,0)	(4,0)	
(1,0)	(2,0)	(3,0)	(4,0)	
(1,0)	(2,0)	(3,0)	(4,0)	
avg	0	0	0	0	0	0	519.04	541.867	554.987	572.48	527.787	568.96	538.56	545.493
delay	0.207792	0.0714286	0.352941	0.333333	0.357143	0.344828	604.006	629.826	628.953	605.839	636.667	587.701	579.51	584.493
loss	0	0	0	0	0	0	0.899635	0.666951	0.885104	0.629816	0.653944	0.374763	0.316881	0.346194
Command ['/home/ubuntu/ns-3.30-obss/build/scratch/simple-ofdma-adhoc6', '--ofdmaEnabled=true', '--startTime=60', '--totalTime=90', '--packetSize=4e3', '--dataMode=HeMcs4', '--datarate=40e6', '--ratio=0.375', '--RngRun=11', '--locationFile=locationtxt/locationFile222.txt', '--routingFile=locationtxt/routingFile222.txt', '--appFile=locationtxt/appFile.txt', '--tcp=0', '--randomTime=true', '--qosDisabled=true'] terminated with signal SIGSEGV. Run it under a debugger to get more information (./waf --run <program> --command-template="gdb --args %s <args>").
