Waf: Entering directory `/home/ubuntu/ns-3.30-obss/build'
Waf: Leaving directory `/home/ubuntu/ns-3.30-obss/build'
Build commands will be stored in build/compile_commands.json
'build' finished successfully (0.885s)
--------------------------Rate[Kbps]--------------------------
Time[s]	cl-1	cl-2	cl-3	cl-4	cl-5	cl-6	cl-7	cl-8	cl-9	cl-10	cl-11	cl-12	cl-13	cl-14
60	18.2	13.2	13.4	16.8	15.8	12.6	15	15	12	15.4	16.2	15.4	12.4	12.6
61	0	0	0	0	0	0	899.2	1059.2	691.2	825.6	838.4	912	803.2	537.6
62	0	0	0	0	0	0	595.2	790.4	883.2	624	745.6	601.6	710.4	905.6
63	0	0	0	0	0	0	691.2	816	691.2	595.2	540.8	620.8	384	934.4
64	0	0	0	0	0	0	630.4	697.6	688	662.4	656	739.2	704	707.2
65	0	0	0	0	0	0	544	745.6	598.4	752	646.4	761.6	646.4	870.4
66	0	0	0	0	0	0	585.6	787.2	720	841.6	614.4	624	771.2	627.2
67	0	0	0	0	0	0	275.2	876.8	649.6	678.4	691.2	617.6	928	713.6
68	0	0	0	0	0	0	652.8	617.6	780.8	473.6	649.6	608	761.6	854.4
69	0	0	0	0	0	0	793.6	956.8	566.4	646.4	867.2	1030.4	828.8	515.2
70	0	0	0	0	0	0	483.2	902.4	732.8	723.2	636.8	777.6	508.8	1097.6
71	0	0	0	0	0	0	428.8	723.2	979.2	748.8	630.4	588.8	803.2	460.8
72	0	0	0	0	0	0	624	406.4	784	966.4	956.8	761.6	521.6	601.6
73	0	0	0	0	0	0	742.4	448	870.4	742.4	739.2	819.2	608	624
74	0	0	0	0	0	0	745.6	707.2	745.6	777.6	643.2	796.8	726.4	598.4
75	0	0	0	0	0	0	745.6	640	694.4	828.8	748.8	496	921.6	819.2
76	0	0	0	0	0	0	726.4	752	688	940.8	460.8	608	646.4	889.6
77	0	0	0	0	0	0	809.6	649.6	806.4	716.8	835.2	697.6	537.6	748.8
78	0	0	0	0	0	0	608	726.4	848	768	694.4	736	876.8	521.6
79	0	0	0	0	0	0	806.4	691.2	665.6	870.4	604.8	819.2	483.2	707.2
80	0	0	0	0	0	0	512	438.4	480	537.6	921.6	755.2	1059.2	800
81	0	0	0	0	0	0	838.4	720	707.2	822.4	608	528	681.6	691.2
82	0	0	0	0	0	0	908.8	544	992	512	956.8	736	457.6	428.8
83	0	0	0	0	0	0	665.6	601.6	643.2	764.8	550.4	777.6	492.8	742.4
84	0	0	0	0	0	0	729.6	771.2	675.2	486.4	896	422.4	755.2	723.2
85	0	0	0	0	0	0	704	630.4	582.4	841.6	697.6	630.4	832	502.4
86	0	0	0	0	0	0	540.8	732.8	489.6	483.2	697.6	656	742.4	739.2
87	0	0	0	0	0	0	723.2	793.6	784	1219.2	678.4	550.4	393.6	665.6
88	0	0	0	0	0	0	665.6	492.8	518.4	723.2	739.2	822.4	835.2	617.6
89	0	0	0	0	0	0	800	822.4	627.2	665.6	694.4	790.4	531.2	492.8
90	0	0	0	0	0	0	662.4	636.8	608	438.4	1008	691.2	784	604.8
(1,0)	(2,8821)	(3,0)	(4,0)	
(1,0)	(2,3082)	(3,0)	(4,0)	
(1,0)	(2,3227)	(3,0)	(4,0)	
(1,0)	(2,837)	(3,0)	(4,0)	
(1,0)	(2,896)	(3,0)	(4,0)	
(1,0)	(2,1017)	(3,0)	(4,0)	
(1,0)	(2,881)	(3,0)	(4,0)	
(1,0)	(2,0)	(3,0)	(4,0)	
(1,0)	(2,0)	(3,0)	(4,0)	
(1,0)	(2,0)	(3,0)	(4,0)	
(1,0)	(2,0)	(3,0)	(4,0)	
(1,0)	(2,0)	(3,0)	(4,0)	
(1,0)	(2,0)	(3,0)	(4,0)	
(1,0)	(2,0)	(3,0)	(4,0)	
(1,0)	(2,0)	(3,0)	(4,0)	
avg	0	0	0	0	0	0	671.253	705.92	706.347	722.56	721.6	699.2	691.2	691.413
delay	0.0659341	0.121212	0.358209	0.404762	0.35443	0.349206	522.336	520.768	533.331	532.839	540.138	526.647	525.239	529.39
loss	0	0	0	0	0	0	0.208333	0.185529	0.204819	0.163418	0.212766	0.234921	0.199346	0.436364
Command ['/home/ubuntu/ns-3.30-obss/build/scratch/simple-ofdma-adhoc6', '--ofdmaEnabled=true', '--startTime=60', '--totalTime=90', '--packetSize=4e3', '--dataMode=HeMcs4', '--datarate=20e6', '--ratio=0.375', '--RngRun=28', '--locationFile=locationtxt/locationFile222.txt', '--routingFile=locationtxt/routingFile222.txt', '--appFile=locationtxt/appFile.txt', '--tcp=0', '--randomTime=true', '--qosDisabled=true'] terminated with signal SIGSEGV. Run it under a debugger to get more information (./waf --run <program> --command-template="gdb --args %s <args>").
