Waf: Entering directory `/home/ubuntu/ns-3.30-obss/build'
Waf: Leaving directory `/home/ubuntu/ns-3.30-obss/build'
Build commands will be stored in build/compile_commands.json
'build' finished successfully (0.738s)
--------------------------Rate[Kbps]--------------------------
Time[s]	cl-1	cl-2	cl-3	cl-4	cl-5	cl-6	cl-7	cl-8	cl-9	cl-10	cl-11	cl-12	cl-13	cl-14
60	15.8	10.4	12.6	13	15.8	14.6	15	15.8	15.6	14	13.6	15.4	13.6	14.2
61	0	0	0	0	0	0	784	1081.6	793.6	841.6	662.4	384	748.8	553.6
62	0	0	0	0	0	0	806.4	883.2	985.6	796.8	713.6	912	598.4	796.8
63	0	0	0	0	0	0	556.8	924.8	675.2	819.2	902.4	774.4	857.6	902.4
64	0	0	0	0	0	0	835.2	844.8	835.2	716.8	819.2	601.6	876.8	876.8
65	0	0	0	0	0	0	822.4	684.8	822.4	729.6	1014.4	704	854.4	627.2
66	0	0	0	0	0	0	518.4	854.4	876.8	848	774.4	854.4	771.2	828.8
67	0	0	0	0	0	0	684.8	704	700.8	963.2	857.6	649.6	665.6	819.2
68	0	0	0	0	0	0	768	867.2	825.6	1056	601.6	566.4	524.8	611.2
69	0	0	0	0	0	0	556.8	857.6	700.8	412.8	880	944	1139.2	1027.2
70	0	0	0	0	0	0	780.8	640	688	736	595.2	768	838.4	883.2
71	0	0	0	0	0	0	780.8	710.4	556.8	864	880	553.6	710.4	736
72	0	0	0	0	0	0	752	643.2	764.8	883.2	822.4	528	739.2	633.6
73	0	0	0	0	0	0	614.4	620.8	1008	752	748.8	668.8	816	995.2
74	0	0	0	0	0	0	1049.6	905.6	755.2	665.6	659.2	729.6	787.2	745.6
75	0	0	0	0	0	0	713.6	768	956.8	1142.4	764.8	883.2	508.8	534.4
76	0	0	0	0	0	0	672	880	464	745.6	944	1107.2	608	1008
77	0	0	0	0	0	0	598.4	822.4	595.2	608	1056	915.2	1011.2	688
78	0	0	0	0	0	0	870.4	726.4	899.2	774.4	761.6	566.4	713.6	844.8
79	0	0	0	0	0	0	809.6	883.2	886.4	672	819.2	758.4	617.6	876.8
80	0	0	0	0	0	0	739.2	816	915.2	732.8	691.2	512	931.2	566.4
81	0	0	0	0	0	0	624	729.6	1056	908.8	700.8	819.2	614.4	700.8
82	0	0	0	0	0	0	435.2	553.6	598.4	540.8	774.4	864	940.8	908.8
83	0	0	0	0	0	0	832	643.2	1168	1040	732.8	864	592	560
84	0	0	0	0	0	0	902.4	956.8	720	1017.6	688	947.2	796.8	668.8
85	0	0	0	0	0	0	787.2	771.2	515.2	790.4	755.2	819.2	745.6	1001.6
86	0	0	0	0	0	0	848	860.8	592	793.6	1024	812.8	572.8	851.2
87	0	0	0	0	0	0	800	678.4	944	921.6	435.2	854.4	912	694.4
88	0	0	0	0	0	0	1056	803.2	790.4	595.2	531.2	1011.2	838.4	694.4
89	0	0	0	0	0	0	771.2	806.4	966.4	755.2	819.2	444.8	761.6	860.8
90	0	0	0	0	0	0	656	681.6	579.2	768	924.8	569.6	912	720
(1,0)	(2,8553)	(3,0)	(4,0)	
(1,0)	(2,3220)	(3,0)	(4,0)	
(1,0)	(2,3154)	(3,0)	(4,0)	
(1,0)	(2,843)	(3,0)	(4,0)	
(1,0)	(2,1080)	(3,0)	(4,0)	
(1,0)	(2,959)	(3,0)	(4,0)	
(1,0)	(2,932)	(3,0)	(4,0)	
(1,0)	(2,0)	(3,0)	(4,0)	
(1,0)	(2,0)	(3,0)	(4,0)	
(1,0)	(2,0)	(3,0)	(4,0)	
(1,0)	(2,0)	(3,0)	(4,0)	
(1,0)	(2,0)	(3,0)	(4,0)	
(1,0)	(2,0)	(3,0)	(4,0)	
(1,0)	(2,0)	(3,0)	(4,0)	
(1,0)	(2,0)	(3,0)	(4,0)	
avg	0	0	0	0	0	0	747.52	786.773	787.84	796.373	778.453	746.24	766.827	773.867
delay	0.0759494	0.0961538	0.380952	0.384615	0.481013	0.328767	487.432	478.446	500.582	504.664	496.205	502.198	489.329	495.182
loss	0	0	0	0	0	0	0.0857788	0.151822	0.0708955	0.144788	0.0560928	0.145833	0.0529412	0.122984
Command ['/home/ubuntu/ns-3.30-obss/build/scratch/simple-ofdma-adhoc6', '--ofdmaEnabled=true', '--startTime=60', '--totalTime=90', '--packetSize=4e3', '--dataMode=HeMcs4', '--datarate=15e6', '--ratio=0.375', '--RngRun=10', '--locationFile=locationtxt/locationFile222.txt', '--routingFile=locationtxt/routingFile222.txt', '--appFile=locationtxt/appFile.txt', '--tcp=0', '--randomTime=true', '--qosDisabled=true'] terminated with signal SIGSEGV. Run it under a debugger to get more information (./waf --run <program> --command-template="gdb --args %s <args>").
