Waf: Entering directory `/home/ubuntu/ns-3.30-obss/build'
Waf: Leaving directory `/home/ubuntu/ns-3.30-obss/build'
Build commands will be stored in build/compile_commands.json
'build' finished successfully (0.754s)
--------------------------Rate[Kbps]--------------------------
Time[s]	cl-1	cl-2	cl-3	cl-4	cl-5	cl-6	cl-7	cl-8	cl-9	cl-10	cl-11	cl-12	cl-13	cl-14
60	14	17.6	12.8	17.4	12.4	13.8	15.8	14	12.8	17.2	17.2	12.6	17	18
61	0	0	0	0	0	0	819.2	732.8	883.2	956.8	611.2	976	489.6	944
62	0	0	0	0	0	0	652.8	547.2	790.4	675.2	521.6	572.8	544	956.8
63	0	0	0	0	0	0	592	745.6	745.6	528	486.4	723.2	467.2	633.6
64	0	0	0	0	0	0	438.4	816	521.6	537.6	528	828.8	809.6	796.8
65	0	0	0	0	0	0	614.4	755.2	771.2	729.6	636.8	496	563.2	630.4
66	0	0	0	0	0	0	531.2	758.4	672	473.6	451.2	572.8	793.6	739.2
67	0	0	0	0	0	0	678.4	704	499.2	640	470.4	547.2	1033.6	742.4
68	0	0	0	0	0	0	828.8	579.2	809.6	803.2	473.6	585.6	704	528
69	0	0	0	0	0	0	668.8	652.8	624	489.6	800	678.4	585.6	905.6
70	0	0	0	0	0	0	723.2	630.4	1040	611.2	736	492.8	448	652.8
71	0	0	0	0	0	0	537.6	828.8	620.8	566.4	576	688	704	700.8
72	0	0	0	0	0	0	672	796.8	540.8	672	748.8	521.6	435.2	652.8
73	0	0	0	0	0	0	860.8	544	496	384	540.8	572.8	636.8	748.8
74	0	0	0	0	0	0	585.6	492.8	595.2	668.8	540.8	627.2	380.8	784
75	0	0	0	0	0	0	617.6	678.4	406.4	550.4	460.8	956.8	592	857.6
76	0	0	0	0	0	0	803.2	662.4	796.8	812.8	444.8	611.2	435.2	636.8
77	0	0	0	0	0	0	761.6	665.6	531.2	694.4	499.2	396.8	739.2	553.6
78	0	0	0	0	0	0	710.4	806.4	604.8	486.4	643.2	723.2	723.2	752
79	0	0	0	0	0	0	576	729.6	582.4	595.2	534.4	480	412.8	931.2
80	0	0	0	0	0	0	825.6	761.6	339.2	467.2	521.6	662.4	560	870.4
81	0	0	0	0	0	0	841.6	480	771.2	681.6	678.4	796.8	502.4	464
82	0	0	0	0	0	0	659.2	406.4	630.4	768	857.6	441.6	886.4	745.6
83	0	0	0	0	0	0	556.8	643.2	697.6	489.6	451.2	668.8	700.8	921.6
84	0	0	0	0	0	0	832	512	681.6	646.4	707.2	544	707.2	793.6
85	0	0	0	0	0	0	547.2	502.4	672	544	812.8	627.2	1001.6	489.6
86	0	0	0	0	0	0	716.8	675.2	940.8	604.8	659.2	425.6	604.8	496
87	0	0	0	0	0	0	352	672	624	761.6	704	710.4	604.8	560
88	0	0	0	0	0	0	732.8	521.6	550.4	771.2	393.6	528	678.4	531.2
89	0	0	0	0	0	0	540.8	438.4	902.4	579.2	611.2	732.8	467.2	521.6
90	0	0	0	0	0	0	822.4	793.6	643.2	521.6	652.8	598.4	556.8	771.2
(1,0)	(2,8845)	(3,0)	(4,0)	
(1,0)	(2,3317)	(3,0)	(4,0)	
(1,0)	(2,3026)	(3,0)	(4,0)	
(1,0)	(2,930)	(3,0)	(4,0)	
(1,0)	(2,907)	(3,0)	(4,0)	
(1,0)	(2,831)	(3,0)	(4,0)	
(1,0)	(2,917)	(3,0)	(4,0)	
(1,0)	(2,0)	(3,0)	(4,0)	
(1,0)	(2,0)	(3,0)	(4,0)	
(1,0)	(2,0)	(3,0)	(4,0)	
(1,0)	(2,0)	(3,0)	(4,0)	
(1,0)	(2,0)	(3,0)	(4,0)	
(1,0)	(2,0)	(3,0)	(4,0)	
(1,0)	(2,0)	(3,0)	(4,0)	
(1,0)	(2,0)	(3,0)	(4,0)	
avg	0	0	0	0	0	0	669.973	651.093	666.133	623.68	591.787	626.24	625.6	710.4
delay	0.0714286	0.0681818	0.359375	0.356322	0.354839	0.376812	558.678	536.111	543.783	548.939	531.46	523.702	528.503	524.887
loss	0	0	0	0	0	0	0.331754	0.319277	0.29771	0.305506	0.310912	0.325798	0.307592	0.296623
Command ['/home/ubuntu/ns-3.30-obss/build/scratch/simple-ofdma-adhoc6', '--ofdmaEnabled=true', '--startTime=60', '--totalTime=90', '--packetSize=4e3', '--dataMode=HeMcs4', '--datarate=25e6', '--ratio=0.375', '--RngRun=29', '--locationFile=locationtxt/locationFile222.txt', '--routingFile=locationtxt/routingFile222.txt', '--appFile=locationtxt/appFile.txt', '--tcp=0', '--randomTime=true', '--qosDisabled=true'] terminated with signal SIGSEGV. Run it under a debugger to get more information (./waf --run <program> --command-template="gdb --args %s <args>").
