Waf: Entering directory `/home/ubuntu/ns-3.30-obss/build'
Waf: Leaving directory `/home/ubuntu/ns-3.30-obss/build'
Build commands will be stored in build/compile_commands.json
'build' finished successfully (0.820s)
--------------------------Rate[Kbps]--------------------------
Time[s]	cl-1	cl-2	cl-3	cl-4	cl-5	cl-6	cl-7	cl-8	cl-9	cl-10	cl-11	cl-12	cl-13	cl-14
60	14.2	13.2	14	14.8	15.4	11.6	14.4	17.6	16.4	15.2	16	12.2	12.6	13.6
61	0	0	0	0	0	0	624	889.6	739.2	1017.6	614.4	1075.2	758.4	502.4
62	0	0	0	0	0	0	435.2	604.8	742.4	531.2	438.4	544	569.6	662.4
63	0	0	0	0	0	0	454.4	464	652.8	505.6	537.6	611.2	579.2	640
64	0	0	0	0	0	0	364.8	502.4	553.6	566.4	569.6	521.6	624	512
65	0	0	0	0	0	0	524.8	633.6	572.8	441.6	457.6	492.8	512	640
66	0	0	0	0	0	0	608	611.2	828.8	710.4	572.8	630.4	358.4	614.4
67	0	0	0	0	0	0	515.2	585.6	358.4	409.6	467.2	624	486.4	553.6
68	0	0	0	0	0	0	476.8	483.2	569.6	467.2	508.8	441.6	550.4	646.4
69	0	0	0	0	0	0	659.2	649.6	547.2	652.8	592	300.8	393.6	422.4
70	0	0	0	0	0	0	435.2	412.8	480	364.8	739.2	697.6	588.8	960
71	0	0	0	0	0	0	604.8	675.2	508.8	524.8	492.8	556.8	556.8	556.8
72	0	0	0	0	0	0	627.2	556.8	508.8	486.4	467.2	521.6	329.6	563.2
73	0	0	0	0	0	0	540.8	371.2	659.2	556.8	400	473.6	662.4	492.8
74	0	0	0	0	0	0	512	518.4	643.2	614.4	451.2	483.2	467.2	665.6
75	0	0	0	0	0	0	620.8	499.2	742.4	662.4	444.8	713.6	464	524.8
76	0	0	0	0	0	0	457.6	502.4	438.4	428.8	572.8	732.8	496	771.2
77	0	0	0	0	0	0	643.2	537.6	640	544	566.4	448	265.6	569.6
78	0	0	0	0	0	0	508.8	355.2	454.4	499.2	582.4	630.4	835.2	515.2
79	0	0	0	0	0	0	384	617.6	524.8	640	710.4	579.2	499.2	502.4
80	0	0	0	0	0	0	697.6	553.6	476.8	681.6	499.2	454.4	297.6	428.8
81	0	0	0	0	0	0	480	588.8	489.6	531.2	704	652.8	809.6	486.4
82	0	0	0	0	0	0	425.6	524.8	624	598.4	646.4	553.6	403.2	524.8
83	0	0	0	0	0	0	556.8	400	464	531.2	496	457.6	707.2	675.2
84	0	0	0	0	0	0	697.6	419.2	428.8	508.8	499.2	659.2	473.6	480
85	0	0	0	0	0	0	467.2	502.4	550.4	678.4	544	640	537.6	598.4
86	0	0	0	0	0	0	476.8	486.4	547.2	585.6	601.6	508.8	662.4	579.2
87	0	0	0	0	0	0	681.6	428.8	454.4	508.8	720	460.8	502.4	384
88	0	0	0	0	0	0	608	505.6	345.6	585.6	633.6	595.2	540.8	566.4
89	0	0	0	0	0	0	502.4	412.8	672	502.4	473.6	563.2	556.8	572.8
90	0	0	0	0	0	0	444.8	556.8	739.2	713.6	400	508.8	425.6	476.8
(1,0)	(2,9173)	(3,0)	(4,0)	
(1,0)	(2,3055)	(3,0)	(4,0)	
(1,0)	(2,3283)	(3,0)	(4,0)	
(1,0)	(2,924)	(3,0)	(4,0)	
(1,0)	(2,944)	(3,0)	(4,0)	
(1,0)	(2,1034)	(3,0)	(4,0)	
(1,0)	(2,927)	(3,0)	(4,0)	
(1,0)	(2,0)	(3,0)	(4,0)	
(1,0)	(2,0)	(3,0)	(4,0)	
(1,0)	(2,0)	(3,0)	(4,0)	
(1,0)	(2,0)	(3,0)	(4,0)	
(1,0)	(2,0)	(3,0)	(4,0)	
(1,0)	(2,0)	(3,0)	(4,0)	
(1,0)	(2,0)	(3,0)	(4,0)	
(1,0)	(2,0)	(3,0)	(4,0)	
avg	0	0	0	0	0	0	534.507	528.32	565.227	568.32	546.773	571.093	530.453	569.6
delay	0.0704225	0.0757576	0.357143	0.391892	0.376623	0.344828	595.624	536.866	590.884	572.995	614.709	570.631	610.67	576.097
loss	0	0	0	0	0	0	0.604086	0.320388	0.570755	0.848059	0.616814	0.320186	0.613813	0.353814
Command ['/home/ubuntu/ns-3.30-obss/build/scratch/simple-ofdma-adhoc6', '--ofdmaEnabled=true', '--startTime=60', '--totalTime=90', '--packetSize=4e3', '--dataMode=HeMcs4', '--datarate=35e6', '--ratio=0.375', '--RngRun=14', '--locationFile=locationtxt/locationFile222.txt', '--routingFile=locationtxt/routingFile222.txt', '--appFile=locationtxt/appFile.txt', '--tcp=0', '--randomTime=true', '--qosDisabled=true'] terminated with signal SIGSEGV. Run it under a debugger to get more information (./waf --run <program> --command-template="gdb --args %s <args>").
