Waf: Entering directory `/home/ubuntu/ns-3.30-obss/build'
Waf: Leaving directory `/home/ubuntu/ns-3.30-obss/build'
Build commands will be stored in build/compile_commands.json
'build' finished successfully (0.822s)
--------------------------Rate[Kbps]--------------------------
Time[s]	cl-1	cl-2	cl-3	cl-4	cl-5	cl-6	cl-7	cl-8	cl-9	cl-10	cl-11	cl-12	cl-13	cl-14
60	14.8	13.2	13.6	13.6	15	12	14	16.4	16	13.4	17	14.2	12.4	13.6
61	0	0	0	0	0	0	668.8	873.6	576	934.4	1043.2	851.2	684.8	457.6
62	0	0	0	0	0	0	768	745.6	844.8	867.2	688	841.6	752	1004.8
63	0	0	0	0	0	0	1008	723.2	723.2	902.4	707.2	569.6	720	668.8
64	0	0	0	0	0	0	742.4	784	524.8	864	966.4	841.6	953.6	979.2
65	0	0	0	0	0	0	691.2	521.6	518.4	764.8	956.8	752	915.2	1075.2
66	0	0	0	0	0	0	784	899.2	1100.8	937.6	697.6	585.6	377.6	787.2
67	0	0	0	0	0	0	1011.2	806.4	518.4	748.8	684.8	662.4	713.6	473.6
68	0	0	0	0	0	0	780.8	793.6	912	694.4	902.4	860.8	771.2	835.2
69	0	0	0	0	0	0	995.2	844.8	857.6	819.2	694.4	588.8	720	784
70	0	0	0	0	0	0	777.6	576	947.2	876.8	777.6	912	851.2	812.8
71	0	0	0	0	0	0	678.4	790.4	896	1046.4	713.6	627.2	908.8	819.2
72	0	0	0	0	0	0	1113.6	819.2	764.8	572.8	630.4	796.8	793.6	940.8
73	0	0	0	0	0	0	617.6	732.8	892.8	921.6	502.4	636.8	819.2	752
74	0	0	0	0	0	0	704	835.2	1046.4	1110.4	870.4	579.2	620.8	908.8
75	0	0	0	0	0	0	832	809.6	848	809.6	412.8	844.8	563.2	758.4
76	0	0	0	0	0	0	1075.2	614.4	678.4	499.2	940.8	854.4	928	828.8
77	0	0	0	0	0	0	668.8	876.8	857.6	780.8	886.4	736	716.8	873.6
78	0	0	0	0	0	0	694.4	790.4	611.2	793.6	793.6	809.6	713.6	828.8
79	0	0	0	0	0	0	838.4	464	633.6	896	739.2	1065.6	752	1043.2
80	0	0	0	0	0	0	707.2	825.6	524.8	601.6	659.2	691.2	828.8	688
81	0	0	0	0	0	0	640	796.8	960	1142.4	828.8	547.2	758.4	403.2
82	0	0	0	0	0	0	873.6	620.8	534.4	707.2	774.4	816	1097.6	976
83	0	0	0	0	0	0	665.6	1030.4	1091.2	832	601.6	624	556.8	816
84	0	0	0	0	0	0	790.4	883.2	886.4	640	841.6	563.2	876.8	764.8
85	0	0	0	0	0	0	976	793.6	646.4	950.4	745.6	822.4	563.2	646.4
86	0	0	0	0	0	0	697.6	912	1004.8	617.6	678.4	694.4	902.4	803.2
87	0	0	0	0	0	0	1033.6	643.2	441.6	883.2	665.6	784	659.2	1001.6
88	0	0	0	0	0	0	707.2	854.4	665.6	713.6	937.6	848	777.6	633.6
89	0	0	0	0	0	0	812.8	537.6	870.4	768	489.6	806.4	800	860.8
90	0	0	0	0	0	0	928	774.4	614.4	899.2	643.2	630.4	595.2	915.2
(1,0)	(2,8629)	(3,0)	(4,0)	
(1,0)	(2,3294)	(3,0)	(4,0)	
(1,0)	(2,3186)	(3,0)	(4,0)	
(1,0)	(2,1028)	(3,0)	(4,0)	
(1,0)	(2,937)	(3,0)	(4,0)	
(1,0)	(2,907)	(3,0)	(4,0)	
(1,0)	(2,971)	(3,0)	(4,0)	
(1,0)	(2,0)	(3,0)	(4,0)	
(1,0)	(2,0)	(3,0)	(4,0)	
(1,0)	(2,0)	(3,0)	(4,0)	
(1,0)	(2,0)	(3,0)	(4,0)	
(1,0)	(2,0)	(3,0)	(4,0)	
(1,0)	(2,0)	(3,0)	(4,0)	
(1,0)	(2,0)	(3,0)	(4,0)	
(1,0)	(2,0)	(3,0)	(4,0)	
avg	0	0	0	0	0	0	809.387	765.76	766.4	819.84	749.12	741.44	756.373	804.693
delay	0.0675676	0.0757576	0.338235	0.558824	0.36	0.45	556.859	574.098	548.425	543.719	502.028	507.013	510.837	516.162
loss	0	0	0	0	0	0	0.0851582	0.0783848	0.0761523	0.0909091	0.0721443	0.0589391	0.0675991	0.120858
Command ['/home/ubuntu/ns-3.30-obss/build/scratch/simple-ofdma-adhoc6', '--ofdmaEnabled=true', '--startTime=60', '--totalTime=90', '--packetSize=4e3', '--dataMode=HeMcs4', '--datarate=15e6', '--ratio=0.375', '--RngRun=22', '--locationFile=locationtxt/locationFile222.txt', '--routingFile=locationtxt/routingFile222.txt', '--appFile=locationtxt/appFile.txt', '--tcp=0', '--randomTime=true', '--qosDisabled=true'] terminated with signal SIGSEGV. Run it under a debugger to get more information (./waf --run <program> --command-template="gdb --args %s <args>").
