Waf: Entering directory `/home/ubuntu/ns-3.30-obss/build'
Waf: Leaving directory `/home/ubuntu/ns-3.30-obss/build'
Build commands will be stored in build/compile_commands.json
'build' finished successfully (0.871s)
--------------------------Rate[Kbps]--------------------------
Time[s]	cl-1	cl-2	cl-3	cl-4	cl-5	cl-6	cl-7	cl-8	cl-9	cl-10	cl-11	cl-12	cl-13	cl-14
60	14.8	13.2	13.6	13.6	15	12	14	16.4	16	13.4	17	14.2	12.4	13.6
61	0	0	0	0	0	0	716.8	611.2	528	876.8	972.8	1056	675.2	380.8
62	0	0	0	0	0	0	556.8	835.2	867.2	972.8	582.4	451.2	736	451.2
63	0	0	0	0	0	0	640	448	662.4	524.8	723.2	704	611.2	668.8
64	0	0	0	0	0	0	595.2	761.6	588.8	684.8	611.2	585.6	713.6	691.2
65	0	0	0	0	0	0	822.4	502.4	681.6	592	608	633.6	377.6	790.4
66	0	0	0	0	0	0	524.8	822.4	982.4	697.6	368	531.2	380.8	716.8
67	0	0	0	0	0	0	995.2	768	307.2	550.4	598.4	979.2	726.4	681.6
68	0	0	0	0	0	0	720	876.8	451.2	553.6	547.2	473.6	569.6	572.8
69	0	0	0	0	0	0	627.2	630.4	560	480	902.4	598.4	512	716.8
70	0	0	0	0	0	0	377.6	496	774.4	892.8	918.4	793.6	620.8	480
71	0	0	0	0	0	0	336	380.8	550.4	672	739.2	681.6	880	784
72	0	0	0	0	0	0	860.8	704	553.6	643.2	425.6	435.2	636.8	576
73	0	0	0	0	0	0	816	812.8	444.8	617.6	598.4	668.8	646.4	643.2
74	0	0	0	0	0	0	496	496	860.8	867.2	646.4	352	601.6	716.8
75	0	0	0	0	0	0	684.8	659.2	697.6	819.2	432	784	448	684.8
76	0	0	0	0	0	0	838.4	384	608	713.6	883.2	553.6	678.4	540.8
77	0	0	0	0	0	0	406.4	636.8	704	684.8	716.8	521.6	419.2	707.2
78	0	0	0	0	0	0	636.8	665.6	713.6	886.4	643.2	499.2	742.4	684.8
79	0	0	0	0	0	0	659.2	480	451.2	704	652.8	873.6	713.6	764.8
80	0	0	0	0	0	0	448	803.2	582.4	652.8	649.6	582.4	752	729.6
81	0	0	0	0	0	0	512	745.6	800	915.2	515.2	134.4	649.6	524.8
82	0	0	0	0	0	0	739.2	393.6	752	787.2	438.4	790.4	716.8	496
83	0	0	0	0	0	0	396.8	608	422.4	588.8	841.6	630.4	809.6	822.4
84	0	0	0	0	0	0	665.6	886.4	726.4	617.6	524.8	624	748.8	441.6
85	0	0	0	0	0	0	864	624	441.6	720	316.8	704	345.6	652.8
86	0	0	0	0	0	0	470.4	777.6	726.4	521.6	643.2	732.8	598.4	819.2
87	0	0	0	0	0	0	672	643.2	486.4	496	678.4	771.2	496	604.8
88	0	0	0	0	0	0	652.8	940.8	470.4	787.2	732.8	505.6	505.6	361.6
89	0	0	0	0	0	0	755.2	563.2	604.8	518.4	499.2	460.8	899.2	547.2
90	0	0	0	0	0	0	707.2	681.6	726.4	496	563.2	348.8	547.2	649.6
(1,0)	(2,9024)	(3,0)	(4,0)	
(1,0)	(2,3274)	(3,0)	(4,0)	
(1,0)	(2,3061)	(3,0)	(4,0)	
(1,0)	(2,928)	(3,0)	(4,0)	
(1,0)	(2,956)	(3,0)	(4,0)	
(1,0)	(2,902)	(3,0)	(4,0)	
(1,0)	(2,867)	(3,0)	(4,0)	
(1,0)	(2,0)	(3,0)	(4,0)	
(1,0)	(2,0)	(3,0)	(4,0)	
(1,0)	(2,0)	(3,0)	(4,0)	
(1,0)	(2,0)	(3,0)	(4,0)	
(1,0)	(2,0)	(3,0)	(4,0)	
(1,0)	(2,0)	(3,0)	(4,0)	
(1,0)	(2,0)	(3,0)	(4,0)	
(1,0)	(2,0)	(3,0)	(4,0)	
avg	0	0	0	0	0	0	639.787	654.613	624.213	684.48	632.427	615.36	625.28	630.08
delay	0.0675676	0.0757576	0.338235	0.558824	0.36	0.45	541.49	547.808	540.329	547.666	556.028	557.695	556.287	573.673
loss	0	0	0	0	0	0	0.345515	0.327476	0.320905	0.331169	0.308642	0.298482	0.30506	0.626437
Command ['/home/ubuntu/ns-3.30-obss/build/scratch/simple-ofdma-adhoc6', '--ofdmaEnabled=true', '--startTime=60', '--totalTime=90', '--packetSize=4e3', '--dataMode=HeMcs4', '--datarate=25e6', '--ratio=0.375', '--RngRun=22', '--locationFile=locationtxt/locationFile222.txt', '--routingFile=locationtxt/routingFile222.txt', '--appFile=locationtxt/appFile.txt', '--tcp=0', '--randomTime=true', '--qosDisabled=true'] terminated with signal SIGSEGV. Run it under a debugger to get more information (./waf --run <program> --command-template="gdb --args %s <args>").
