Waf: Entering directory `/home/ubuntu/ns-3.30-obss/build'
Waf: Leaving directory `/home/ubuntu/ns-3.30-obss/build'
Build commands will be stored in build/compile_commands.json
'build' finished successfully (0.914s)
--------------------------Rate[Kbps]--------------------------
Time[s]	cl-1	cl-2	cl-3	cl-4	cl-5	cl-6
60	16	14.4	14.6	13.8	13.4	15.2
61	0	0	1948.8	2361.6	1356.8	1449.6
62	0	0	1433.6	1548.8	2729.6	1830.4
63	0	0	1945.6	2016	2099.2	1472
64	0	0	2048	2070.4	1827.2	2166.4
65	0	0	1462.4	1536	1776	1350.4
66	0	0	2038.4	2448	1907.2	1612.8
67	0	0	2102.4	1436.8	1737.6	1363.2
68	0	0	1632	1356.8	1267.2	1747.2
69	0	0	1331.2	1702.4	1577.6	1900.8
70	0	0	1728	2153.6	1932.8	1849.6
71	0	0	1718.4	1676.8	1625.6	2230.4
72	0	0	1417.6	2108.8	1849.6	2041.6
73	0	0	1881.6	2172.8	1766.4	1753.6
74	0	0	1913.6	2070.4	1782.4	1625.6
75	0	0	1561.6	2009.6	1500.8	1868.8
76	0	0	1881.6	1110.4	1331.2	2099.2
77	0	0	1779.2	2272	1446.4	1404.8
78	0	0	1974.4	1980.8	1894.4	1027.2
79	0	0	1728	2041.6	1321.6	1920
80	0	0	1590.4	1814.4	1923.2	2080
81	0	0	1724.8	1827.2	2390.4	1907.2
82	0	0	2156.8	2057.6	1497.6	1568
83	0	0	2172.8	1651.2	2073.6	1744
84	0	0	2096	1664	1740.8	1571.2
85	0	0	1990.4	1974.4	2044.8	1862.4
86	0	0	1308.8	1760	2256	1872
87	0	0	1910.4	1430.4	1993.6	2387.2
88	0	0	1456	1667.2	1433.6	1913.6
89	0	0	1948.8	1891.2	1596.8	2284.8
90	0	0	1520	2118.4	1689.6	2256
(1,0)	(2,5888)	(3,0)	(4,0)	
(1,0)	(2,1645)	(3,0)	(4,0)	
(1,0)	(2,1659)	(3,0)	(4,0)	
(1,0)	(2,0)	(3,0)	(4,0)	
(1,0)	(2,0)	(3,0)	(4,0)	
(1,0)	(2,0)	(3,0)	(4,0)	
(1,0)	(2,0)	(3,0)	(4,0)	
avg	0	0	1780.05	1864.32	1778.99	1805.33
delay	0.075	0.0694444	33.1588	37.2713	38.5064	41.0704
loss	0	0	0.00105042	0	0	0.0010989
Command ['/home/ubuntu/ns-3.30-obss/build/scratch/simple-ofdma-adhoc6', '--ofdmaEnabled=true', '--startTime=60', '--totalTime=90', '--packetSize=4e3', '--dataMode=HeMcs3', '--datarate=15e6', '--ratio=0.375', '--RngRun=34', '--locationFile=locationtxt/locationFile22.txt', '--routingFile=locationtxt/routingFile22.txt', '--appFile=locationtxt/appFile.txt', '--tcp=0', '--randomTime=true', '--qosDisabled=true'] terminated with signal SIGSEGV. Run it under a debugger to get more information (./waf --run <program> --command-template="gdb --args %s <args>").
