Waf: Entering directory `/home/ubuntu/ns-3.30-obss/build'
Waf: Leaving directory `/home/ubuntu/ns-3.30-obss/build'
Build commands will be stored in build/compile_commands.json
'build' finished successfully (0.752s)
--------------------------Rate[Kbps]--------------------------
Time[s]	cl-1	cl-2	cl-3	cl-4	cl-5	cl-6
60	15.2	13.4	16.2	17.2	16.2	13.2
61	0	0	1417.6	2272	1651.2	2268.8
62	0	0	1152	1497.6	1417.6	1395.2
63	0	0	1232	1424	1456	1177.6
64	0	0	1324.8	1334.4	1673.6	1292.8
65	0	0	992	1024	1699.2	1203.2
66	0	0	1750.4	1622.4	1372.8	1139.2
67	0	0	1798.4	1353.6	1344	1248
68	0	0	1667.2	937.6	1289.6	1571.2
69	0	0	1292.8	1574.4	1068.8	1600
70	0	0	1680	1206.4	1494.4	1161.6
71	0	0	1452.8	1193.6	1196.8	1260.8
72	0	0	1350.4	1312	1459.2	1305.6
73	0	0	1603.2	1750.4	1468.8	1059.2
74	0	0	1827.2	1424	1449.6	1081.6
75	0	0	1587.2	1094.4	1545.6	1350.4
76	0	0	1340.8	1756.8	1468.8	1315.2
77	0	0	1340.8	1577.6	1347.2	1340.8
78	0	0	1427.2	1081.6	1452.8	1084.8
79	0	0	1040	1158.4	1401.6	1321.6
80	0	0	1929.6	1552	1472	972.8
81	0	0	1251.2	1084.8	1433.6	1913.6
82	0	0	1174.4	1408	1408	1696
83	0	0	1657.6	1417.6	1222.4	1241.6
84	0	0	1280	1283.2	1385.6	1164.8
85	0	0	1452.8	1065.6	1600	1107.2
86	0	0	1420.8	1411.2	1251.2	1536
87	0	0	1632	1411.2	1276.8	1737.6
88	0	0	1340.8	1344	1292.8	1462.4
89	0	0	1107.2	1494.4	1414.4	1484.8
90	0	0	1740.8	1270.4	1321.6	1356.8
(1,0)	(2,9189)	(3,0)	(4,0)	
(1,0)	(2,2717)	(3,0)	(4,0)	
(1,0)	(2,2768)	(3,0)	(4,0)	
(1,0)	(2,0)	(3,0)	(4,0)	
(1,0)	(2,0)	(3,0)	(4,0)	
(1,0)	(2,0)	(3,0)	(4,0)	
(1,0)	(2,0)	(3,0)	(4,0)	
avg	0	0	1442.13	1377.92	1411.2	1361.71
delay	0.0657895	0.149254	563.233	528.364	553.27	524.33
loss	0	0	0.393312	0.214432	0.407368	0.225282
Command ['/home/ubuntu/ns-3.30-obss/build/scratch/simple-ofdma-adhoc6', '--ofdmaEnabled=true', '--startTime=60', '--totalTime=90', '--packetSize=4e3', '--dataMode=HeMcs3', '--datarate=30e6', '--ratio=0.375', '--RngRun=46', '--locationFile=locationtxt/locationFile22.txt', '--routingFile=locationtxt/routingFile22.txt', '--appFile=locationtxt/appFile.txt', '--tcp=0', '--randomTime=true', '--qosDisabled=true'] terminated with signal SIGSEGV. Run it under a debugger to get more information (./waf --run <program> --command-template="gdb --args %s <args>").
