Waf: Entering directory `/home/ubuntu/ns-3.30-obss/build'
Waf: Leaving directory `/home/ubuntu/ns-3.30-obss/build'
Build commands will be stored in build/compile_commands.json
'build' finished successfully (0.688s)
--------------------------Rate[Kbps]--------------------------
Time[s]	cl-1	cl-2	cl-3	cl-4	cl-5	cl-6
60	19	15.8	14	15.2	15.4	17
61	0	0	2041.6	1929.6	1456	1804.8
62	0	0	1676.8	1670.4	1766.4	1760
63	0	0	1379.2	1299.2	1520	1078.4
64	0	0	1129.6	1244.8	1417.6	1593.6
65	0	0	1219.2	1513.6	1283.2	1177.6
66	0	0	1532.8	1740.8	1235.2	1385.6
67	0	0	1507.2	1196.8	1801.6	1248
68	0	0	1321.6	1068.8	1184	1420.8
69	0	0	1564.8	1017.6	1497.6	1686.4
70	0	0	1555.2	1382.4	1158.4	1580.8
71	0	0	1612.8	1609.6	950.4	1840
72	0	0	1676.8	1347.2	1184	1248
73	0	0	1465.6	1532.8	1257.6	1398.4
74	0	0	1062.4	1644.8	1468.8	1132.8
75	0	0	1078.4	1776	1299.2	1228.8
76	0	0	1571.2	892.8	1305.6	1795.2
77	0	0	1196.8	1244.8	1574.4	1478.4
78	0	0	1068.8	1347.2	1257.6	1436.8
79	0	0	1481.6	1225.6	1769.6	1267.2
80	0	0	1158.4	1289.6	1264	1388.8
81	0	0	995.2	1059.2	1884.8	1721.6
82	0	0	1465.6	1532.8	1276.8	918.4
83	0	0	1936	1350.4	1004.8	1376
84	0	0	1664	1456	1376	1321.6
85	0	0	1468.8	1628.8	1363.2	1280
86	0	0	1382.4	1468.8	1465.6	1200
87	0	0	1302.4	1420.8	1561.6	1171.2
88	0	0	1408	1216	1078.4	1436.8
89	0	0	1472	1100.8	1366.4	1676.8
90	0	0	1321.6	1811.2	1382.4	1024
(1,0)	(2,9284)	(3,0)	(4,0)	
(1,0)	(2,2651)	(3,0)	(4,0)	
(1,0)	(2,2516)	(3,0)	(4,0)	
(1,0)	(2,0)	(3,0)	(4,0)	
(1,0)	(2,0)	(3,0)	(4,0)	
(1,0)	(2,0)	(3,0)	(4,0)	
(1,0)	(2,0)	(3,0)	(4,0)	
avg	0	0	1423.89	1400.64	1380.37	1402.56
delay	0.0736842	0.0759494	543.766	515.867	551.36	544.002
loss	0	0	0.402418	0.221695	0.376874	0.733228
Command ['/home/ubuntu/ns-3.30-obss/build/scratch/simple-ofdma-adhoc6', '--ofdmaEnabled=true', '--startTime=60', '--totalTime=90', '--packetSize=4e3', '--dataMode=HeMcs3', '--datarate=30e6', '--ratio=0.375', '--RngRun=3', '--locationFile=locationtxt/locationFile22.txt', '--routingFile=locationtxt/routingFile22.txt', '--appFile=locationtxt/appFile.txt', '--tcp=0', '--randomTime=true', '--qosDisabled=true'] terminated with signal SIGSEGV. Run it under a debugger to get more information (./waf --run <program> --command-template="gdb --args %s <args>").
