Waf: Entering directory `/home/ubuntu/ns-3.30-obss/build'
Waf: Leaving directory `/home/ubuntu/ns-3.30-obss/build'
Build commands will be stored in build/compile_commands.json
'build' finished successfully (0.853s)
--------------------------Rate[Kbps]--------------------------
Time[s]	cl-1	cl-2	cl-3	cl-4	cl-5	cl-6
60	16	14.4	14.6	13.8	13.4	15.2
61	0	0	2390.4	2060.8	1465.6	1500.8
62	0	0	1388.8	1475.2	1308.8	1452.8
63	0	0	1286.4	1568	1433.6	1302.4
64	0	0	1305.6	995.2	1443.2	1091.2
65	0	0	1264	1702.4	1360	1577.6
66	0	0	1564.8	867.2	1302.4	1465.6
67	0	0	1123.2	1225.6	1523.2	1244.8
68	0	0	1452.8	1206.4	1254.4	1225.6
69	0	0	1718.4	1542.4	1116.8	1696
70	0	0	1113.6	1529.6	1107.2	1324.8
71	0	0	1177.6	1078.4	1081.6	1481.6
72	0	0	1542.4	1305.6	1123.2	1500.8
73	0	0	1360	1494.4	1318.4	1427.2
74	0	0	1276.8	1225.6	1142.4	1484.8
75	0	0	1606.4	1369.6	1555.2	1164.8
76	0	0	1388.8	1363.2	1328	1504
77	0	0	1724.8	1315.2	1264	1254.4
78	0	0	1120	1260.8	1712	1353.6
79	0	0	1356.8	1296	1414.4	1027.2
80	0	0	1161.6	1616	1216	1603.2
81	0	0	886.4	1088	1238.4	1465.6
82	0	0	1385.6	1849.6	1008	1542.4
83	0	0	995.2	1251.2	1382.4	1219.2
84	0	0	1427.2	1494.4	1158.4	1257.6
85	0	0	1510.4	1180.8	1046.4	1536
86	0	0	1686.4	1232	1260.8	1222.4
87	0	0	1420.8	1308.8	992	1321.6
88	0	0	1241.6	1180.8	1347.2	1686.4
89	0	0	1459.2	1484.8	784	1817.6
90	0	0	1187.2	1299.2	1318.4	956.8
(1,0)	(2,9222)	(3,0)	(4,0)	
(1,0)	(2,2772)	(3,0)	(4,0)	
(1,0)	(2,2521)	(3,0)	(4,0)	
(1,0)	(2,0)	(3,0)	(4,0)	
(1,0)	(2,0)	(3,0)	(4,0)	
(1,0)	(2,0)	(3,0)	(4,0)	
(1,0)	(2,0)	(3,0)	(4,0)	
avg	0	0	1384.11	1362.24	1266.88	1390.29
delay	0.075	0.0694444	528.136	607.143	518.938	520.616
loss	0	0	0.24948	0.517007	0.253211	0.222888
Command ['/home/ubuntu/ns-3.30-obss/build/scratch/simple-ofdma-adhoc6', '--ofdmaEnabled=true', '--startTime=60', '--totalTime=90', '--packetSize=4e3', '--dataMode=HeMcs3', '--datarate=35e6', '--ratio=0.375', '--RngRun=34', '--locationFile=locationtxt/locationFile22.txt', '--routingFile=locationtxt/routingFile22.txt', '--appFile=locationtxt/appFile.txt', '--tcp=0', '--randomTime=true', '--qosDisabled=true'] terminated with signal SIGSEGV. Run it under a debugger to get more information (./waf --run <program> --command-template="gdb --args %s <args>").
