Waf: Entering directory `/home/ubuntu/ns-3.30-obss/build'
Waf: Leaving directory `/home/ubuntu/ns-3.30-obss/build'
Build commands will be stored in build/compile_commands.json
'build' finished successfully (0.773s)
--------------------------Rate[Kbps]--------------------------
Time[s]	cl-1	cl-2	cl-3	cl-4	cl-5	cl-6
60	12.2	13.2	15	15.8	13.4	16.2
61	0	0	2134.4	1475.2	1792	1798.4
62	0	0	1907.2	1545.6	2659.2	1520
63	0	0	1555.2	1084.8	1872	1929.6
64	0	0	1504	899.2	1920	1420.8
65	0	0	1776	1424	1094.4	1676.8
66	0	0	1017.6	1552	1600	1920
67	0	0	1507.2	1574.4	1171.2	1494.4
68	0	0	1212.8	1491.2	1385.6	1337.6
69	0	0	937.6	2163.2	1782.4	1753.6
70	0	0	1366.4	1584	1692.8	1676.8
71	0	0	1984	1385.6	1478.4	1420.8
72	0	0	1136	1456	1481.6	2041.6
73	0	0	1715.2	1494.4	1203.2	1776
74	0	0	1814.4	1872	1161.6	1363.2
75	0	0	2252.8	1420.8	1609.6	1593.6
76	0	0	1545.6	1385.6	1097.6	1654.4
77	0	0	1398.4	1193.6	1779.2	1603.2
78	0	0	2006.4	1984	1443.2	1212.8
79	0	0	1696	1155.2	1808	1318.4
80	0	0	1680	1545.6	1846.4	1081.6
81	0	0	1478.4	1094.4	1830.4	1865.6
82	0	0	1478.4	1280	2368	1456
83	0	0	1891.2	1446.4	2697.6	899.2
84	0	0	1532.8	2048	1168	1766.4
85	0	0	1369.6	1622.4	1388.8	1548.8
86	0	0	1132.8	1318.4	1404.8	1632
87	0	0	1862.4	1676.8	1232	1545.6
88	0	0	1440	1337.6	1398.4	1420.8
89	0	0	2457.6	1548.8	1721.6	1024
90	0	0	1331.2	1248	1308.8	1945.6
(1,0)	(2,8711)	(3,0)	(4,0)	
(1,0)	(2,2405)	(3,0)	(4,0)	
(1,0)	(2,2576)	(3,0)	(4,0)	
(1,0)	(2,0)	(3,0)	(4,0)	
(1,0)	(2,0)	(3,0)	(4,0)	
(1,0)	(2,0)	(3,0)	(4,0)	
(1,0)	(2,0)	(3,0)	(4,0)	
avg	0	0	1604.05	1476.91	1613.23	1556.59
delay	0.0655738	0.0757576	512.549	533.434	518.307	528.924
loss	0	0	0.457813	0.558176	0.528531	0.522411
Command ['/home/ubuntu/ns-3.30-obss/build/scratch/simple-ofdma-adhoc6', '--ofdmaEnabled=true', '--startTime=60', '--totalTime=90', '--packetSize=4e3', '--dataMode=HeMcs3', '--datarate=25e6', '--ratio=0.375', '--RngRun=47', '--locationFile=locationtxt/locationFile22.txt', '--routingFile=locationtxt/routingFile22.txt', '--appFile=locationtxt/appFile.txt', '--tcp=0', '--randomTime=true', '--qosDisabled=true'] terminated with signal SIGSEGV. Run it under a debugger to get more information (./waf --run <program> --command-template="gdb --args %s <args>").
