Waf: Entering directory `/home/ubuntu/ns-3.30-obss/build'
Waf: Leaving directory `/home/ubuntu/ns-3.30-obss/build'
Build commands will be stored in build/compile_commands.json
'build' finished successfully (0.764s)
--------------------------Rate[Kbps]--------------------------
Time[s]	cl-1	cl-2	cl-3	cl-4	cl-5	cl-6
60	13.6	13	14.8	12.6	14	15.4
61	0	0	1814.4	1980.8	1484.8	1788.8
62	0	0	1388.8	2275.2	2124.8	2208
63	0	0	2163.2	1744	1958.4	1907.2
64	0	0	1683.2	1910.4	1737.6	1830.4
65	0	0	2259.2	1577.6	1833.6	2473.6
66	0	0	2489.6	2080	1779.2	1667.2
67	0	0	2099.2	1644.8	1952	2006.4
68	0	0	1904	1830.4	1990.4	1804.8
69	0	0	2425.6	2028.8	1619.2	2118.4
70	0	0	1894.4	1827.2	1785.6	2457.6
71	0	0	2025.6	1750.4	2396.8	1395.2
72	0	0	1465.6	2288	1673.6	1984
73	0	0	2198.4	1427.2	2230.4	1961.6
74	0	0	1587.2	1555.2	2006.4	2358.4
75	0	0	1872	1929.6	1705.6	1638.4
76	0	0	2086.4	1692.8	2195.2	854.4
77	0	0	1792	1363.2	1721.6	1395.2
78	0	0	2435.2	1824	1916.8	1657.6
79	0	0	2131.2	1513.6	2102.4	1459.2
80	0	0	1609.6	2182.4	2041.6	1680
81	0	0	1843.2	1609.6	1699.2	2531.2
82	0	0	2355.2	1769.6	2022.4	1795.2
83	0	0	1731.2	1587.2	2297.6	2073.6
84	0	0	1926.4	2259.2	2086.4	2054.4
85	0	0	1676.8	1782.4	2105.6	2156.8
86	0	0	1654.4	1923.2	2038.4	1945.6
87	0	0	1984	1830.4	1875.2	2236.8
88	0	0	1833.6	1628.8	1897.6	1811.2
89	0	0	2566.4	2275.2	1612.8	2048
90	0	0	2451.2	1833.6	1651.2	1622.4
(1,0)	(2,7337)	(3,0)	(4,0)	
(1,0)	(2,2099)	(3,0)	(4,0)	
(1,0)	(2,2140)	(3,0)	(4,0)	
(1,0)	(2,0)	(3,0)	(4,0)	
(1,0)	(2,0)	(3,0)	(4,0)	
(1,0)	(2,0)	(3,0)	(4,0)	
(1,0)	(2,0)	(3,0)	(4,0)	
avg	0	0	1978.24	1830.83	1918.08	1897.39
delay	0.0735294	0.0769231	73.1274	78.7674	79.2342	71.1336
loss	0	0	0	0	0	0
Command ['/home/ubuntu/ns-3.30-obss/build/scratch/simple-ofdma-adhoc6', '--ofdmaEnabled=true', '--startTime=60', '--totalTime=90', '--packetSize=4e3', '--dataMode=HeMcs3', '--datarate=15e6', '--ratio=0.375', '--RngRun=8', '--locationFile=locationtxt/locationFile22.txt', '--routingFile=locationtxt/routingFile22.txt', '--appFile=locationtxt/appFile.txt', '--tcp=0', '--randomTime=true', '--qosDisabled=true'] terminated with signal SIGSEGV. Run it under a debugger to get more information (./waf --run <program> --command-template="gdb --args %s <args>").
