Waf: Entering directory `/home/ubuntu/ns-3.30-obss/build'
Waf: Leaving directory `/home/ubuntu/ns-3.30-obss/build'
Build commands will be stored in build/compile_commands.json
'build' finished successfully (0.765s)
--------------------------Rate[Kbps]--------------------------
Time[s]	cl-1	cl-2	cl-3	cl-4	cl-5	cl-6
60	17.8	12.6	13.4	14.8	13.2	13.8
61	0	0	1481.6	2396.8	1657.6	1897.6
62	0	0	2131.2	1356.8	2326.4	2038.4
63	0	0	1731.2	2073.6	2182.4	1776
64	0	0	1804.8	1388.8	2131.2	1555.2
65	0	0	1817.6	1721.6	2230.4	1939.2
66	0	0	2246.4	1587.2	1955.2	1596.8
67	0	0	1974.4	1744	1321.6	1875.2
68	0	0	1424	2268.8	1996.8	1532.8
69	0	0	2416	1603.2	1635.2	1648
70	0	0	1526.4	1740.8	1529.6	1504
71	0	0	1744	1753.6	1740.8	1692.8
72	0	0	1462.4	2108.8	1542.4	2012.8
73	0	0	1465.6	1923.2	1392	2185.6
74	0	0	1872	1875.2	1529.6	1273.6
75	0	0	1449.6	1747.2	1753.6	1731.2
76	0	0	1884.8	1568	1366.4	1814.4
77	0	0	1571.2	1238.4	2432	1670.4
78	0	0	2099.2	1891.2	1404.8	1686.4
79	0	0	1708.8	1878.4	1273.6	1792
80	0	0	1686.4	2179.2	1616	1868.8
81	0	0	1580.8	1955.2	2262.4	2073.6
82	0	0	2038.4	1187.2	2368	1676.8
83	0	0	1440	1990.4	1744	2092.8
84	0	0	2134.4	1465.6	1612.8	1750.4
85	0	0	1936	1472	2089.6	1216
86	0	0	1635.2	1884.8	1974.4	1830.4
87	0	0	1324.8	2108.8	1321.6	2102.4
88	0	0	1856	1644.8	1568	1801.6
89	0	0	1465.6	1676.8	1632	1568
90	0	0	1561.6	1961.6	1468.8	1804.8
(1,0)	(2,8457)	(3,0)	(4,0)	
(1,0)	(2,2423)	(3,0)	(4,0)	
(1,0)	(2,2401)	(3,0)	(4,0)	
(1,0)	(2,0)	(3,0)	(4,0)	
(1,0)	(2,0)	(3,0)	(4,0)	
(1,0)	(2,0)	(3,0)	(4,0)	
(1,0)	(2,0)	(3,0)	(4,0)	
avg	0	0	1749.01	1779.73	1768.64	1766.93
delay	0.0674157	0.111111	485.998	482.297	488.929	475.139
loss	0	0	0.114286	0.11229	0.131902	0.275162
Command ['/home/ubuntu/ns-3.30-obss/build/scratch/simple-ofdma-adhoc6', '--ofdmaEnabled=true', '--startTime=60', '--totalTime=90', '--packetSize=4e3', '--dataMode=HeMcs3', '--datarate=20e6', '--ratio=0.375', '--RngRun=9', '--locationFile=locationtxt/locationFile22.txt', '--routingFile=locationtxt/routingFile22.txt', '--appFile=locationtxt/appFile.txt', '--tcp=0', '--randomTime=true', '--qosDisabled=true'] terminated with signal SIGSEGV. Run it under a debugger to get more information (./waf --run <program> --command-template="gdb --args %s <args>").
