Waf: Entering directory `/home/ubuntu/ns-3.30-obss/build'
Waf: Leaving directory `/home/ubuntu/ns-3.30-obss/build'
Build commands will be stored in build/compile_commands.json
'build' finished successfully (0.370s)
--------------------------Rate[Kbps]--------------------------
Time[s]	cl-1	cl-2	cl-3	cl-4	cl-5	cl-6
60	15.4	14.6	13	14.6	16.2	17.8
61	0	0	1625.6	2051.2	1376	1721.6
62	0	0	1936	1923.2	2160	1833.6
63	0	0	1740.8	1446.4	1728	2492.8
64	0	0	2240	1446.4	2310.4	2089.6
65	0	0	2371.2	1696	1849.6	2176
66	0	0	1350.4	2572.8	1878.4	1926.4
67	0	0	2291.2	1811.2	1481.6	2022.4
68	0	0	1958.4	1968	2313.6	1846.4
69	0	0	1574.4	1356.8	1984	1932.8
70	0	0	1571.2	1539.2	2003.2	1945.6
71	0	0	1958.4	2121.6	2000	1744
72	0	0	2124.8	1609.6	1692.8	2275.2
73	0	0	2169.6	2105.6	1891.2	1404.8
74	0	0	1686.4	2208	1980.8	2332.8
75	0	0	1856	2073.6	2252.8	1616
76	0	0	1865.6	1715.2	2204.8	2137.6
77	0	0	1644.8	2150.4	1894.4	2035.2
78	0	0	1408	2428.8	1452.8	1763.2
79	0	0	1699.2	2000	1744	1820.8
80	0	0	1625.6	2124.8	2380.8	1475.2
81	0	0	2547.2	1587.2	1363.2	1932.8
82	0	0	1923.2	1648	1654.4	1859.2
83	0	0	1651.2	1459.2	1484.8	1744
84	0	0	2403.2	1692.8	1225.6	1600
85	0	0	1923.2	2243.2	1939.2	2185.6
86	0	0	2300.8	1548.8	1849.6	1686.4
87	0	0	1772.8	2035.2	2064	1913.6
88	0	0	2355.2	2012.8	1667.2	1840
89	0	0	2153.6	1257.6	1840	2636.8
90	0	0	2230.4	1699.2	1552	2150.4
(1,0)	(2,6988)	(3,0)	(4,0)	
(1,0)	(2,2037)	(3,0)	(4,0)	
(1,0)	(2,2075)	(3,0)	(4,0)	
(1,0)	(2,0)	(3,0)	(4,0)	
(1,0)	(2,0)	(3,0)	(4,0)	
(1,0)	(2,0)	(3,0)	(4,0)	
(1,0)	(2,0)	(3,0)	(4,0)	
avg	0	0	1931.95	1851.09	1840.64	1938.03
delay	0.12987	0.123288	86.1719	89.2155	88.1216	94.1341
loss	0	0	0.000867303	0	0.00117925	0
Command ['/home/ubuntu/ns-3.30-obss/build/scratch/simple-ofdma-adhoc6', '--ofdmaEnabled=true', '--startTime=60', '--totalTime=90', '--packetSize=4e3', '--dataMode=HeMcs3', '--datarate=15e6', '--ratio=0.375', '--RngRun=2', '--locationFile=locationtxt/locationFile22.txt', '--routingFile=locationtxt/routingFile22.txt', '--appFile=locationtxt/appFile.txt', '--tcp=0', '--randomTime=true', '--qosDisabled=true'] terminated with signal SIGSEGV. Run it under a debugger to get more information (./waf --run <program> --command-template="gdb --args %s <args>").
