Waf: Entering directory `/home/ubuntu/ns-3.30-obss/build'
Waf: Leaving directory `/home/ubuntu/ns-3.30-obss/build'
Build commands will be stored in build/compile_commands.json
'build' finished successfully (0.780s)
--------------------------Rate[Kbps]--------------------------
Time[s]	cl-1	cl-2	cl-3	cl-4	cl-5	cl-6
60	15	15.6	15.4	15	14.4	12.6
61	0	0	1542.4	2524.8	1718.4	1782.4
62	0	0	1526.4	1660.8	1100.8	1321.6
63	0	0	1276.8	1100.8	1456	1084.8
64	0	0	1491.2	1308.8	1360	1344
65	0	0	1356.8	1315.2	1024	1472
66	0	0	921.6	1129.6	1222.4	825.6
67	0	0	1168	1267.2	1222.4	1385.6
68	0	0	1248	1404.8	1200	1481.6
69	0	0	1324.8	1340.8	1107.2	1254.4
70	0	0	1337.6	1404.8	1622.4	1049.6
71	0	0	1241.6	1219.2	1270.4	1136
72	0	0	1283.2	1337.6	1110.4	1024
73	0	0	1561.6	1404.8	1116.8	1107.2
74	0	0	1097.6	1219.2	1289.6	1356.8
75	0	0	1481.6	1078.4	1241.6	1248
76	0	0	1219.2	1305.6	1123.2	1017.6
77	0	0	1651.2	931.2	1779.2	1411.2
78	0	0	1120	1110.4	921.6	1104
79	0	0	1136	1488	1164.8	1648
80	0	0	1334.4	1180.8	1228.8	1100.8
81	0	0	1484.8	1123.2	1372.8	1193.6
82	0	0	1408	969.6	1270.4	940.8
83	0	0	1046.4	1206.4	1472	1328
84	0	0	1222.4	1433.6	1302.4	1020.8
85	0	0	1244.8	1424	713.6	1062.4
86	0	0	953.6	1420.8	1344	1264
87	0	0	1318.4	1478.4	1395.2	1382.4
88	0	0	908.8	1433.6	1062.4	1068.8
89	0	0	1270.4	1417.6	1315.2	1100.8
90	0	0	1196.8	1331.2	928	1052.8
(1,0)	(2,9308)	(3,0)	(4,0)	
(1,0)	(2,2776)	(3,0)	(4,0)	
(1,0)	(2,2708)	(3,0)	(4,0)	
(1,0)	(2,0)	(3,0)	(4,0)	
(1,0)	(2,0)	(3,0)	(4,0)	
(1,0)	(2,0)	(3,0)	(4,0)	
(1,0)	(2,0)	(3,0)	(4,0)	
avg	0	0	1279.15	1332.37	1248.53	1218.99
delay	0.106667	0.0769231	628.562	537.813	630.277	641.527
loss	0	0	0.852071	0.30799	0.628845	0.616423
Command ['/home/ubuntu/ns-3.30-obss/build/scratch/simple-ofdma-adhoc6', '--ofdmaEnabled=true', '--startTime=60', '--totalTime=90', '--packetSize=4e3', '--dataMode=HeMcs3', '--datarate=40e6', '--ratio=0.375', '--RngRun=41', '--locationFile=locationtxt/locationFile22.txt', '--routingFile=locationtxt/routingFile22.txt', '--appFile=locationtxt/appFile.txt', '--tcp=0', '--randomTime=true', '--qosDisabled=true'] terminated with signal SIGSEGV. Run it under a debugger to get more information (./waf --run <program> --command-template="gdb --args %s <args>").
