Waf: Entering directory `/home/ubuntu/ns-3.30-obss/build'
Waf: Leaving directory `/home/ubuntu/ns-3.30-obss/build'
Build commands will be stored in build/compile_commands.json
'build' finished successfully (0.766s)
--------------------------Rate[Kbps]--------------------------
Time[s]	cl-1	cl-2	cl-3	cl-4	cl-5	cl-6
60	15	13.4	12.8	15.2	17.6	15.4
61	0	0	2211.2	2131.2	1529.6	1292.8
62	0	0	2425.6	1894.4	2083.2	1529.6
63	0	0	1740.8	2070.4	1644.8	2409.6
64	0	0	2163.2	1452.8	1456	2265.6
65	0	0	2240	2336	1852.8	1318.4
66	0	0	1404.8	1769.6	1638.4	2272
67	0	0	2032	2057.6	1446.4	2070.4
68	0	0	1603.2	1667.2	2240	2105.6
69	0	0	1488	1974.4	2022.4	1401.6
70	0	0	1577.6	1846.4	1475.2	2057.6
71	0	0	1619.2	1440	2009.6	2275.2
72	0	0	1942.4	1740.8	1625.6	1411.2
73	0	0	1881.6	1657.6	2150.4	1536
74	0	0	1574.4	1888	1193.6	1811.2
75	0	0	1923.2	1382.4	1923.2	1942.4
76	0	0	1580.8	1366.4	1747.2	2073.6
77	0	0	1795.2	1280	2147.2	2252.8
78	0	0	1875.2	2182.4	1964.8	1129.6
79	0	0	1696	1798.4	2656	1600
80	0	0	1891.2	1280	1664	1625.6
81	0	0	1788.8	1632	1440	1577.6
82	0	0	2108.8	1587.2	1888	1750.4
83	0	0	1299.2	1916.8	1558.4	2169.6
84	0	0	1852.8	1916.8	1526.4	1827.2
85	0	0	1622.4	2105.6	1212.8	1507.2
86	0	0	1529.6	2179.2	1788.8	2304
87	0	0	1408	1942.4	1977.6	1676.8
88	0	0	1715.2	1321.6	2416	2035.2
89	0	0	1929.6	1363.2	2316.8	1289.6
90	0	0	1478.4	1328	1859.2	1801.6
(1,0)	(2,8391)	(3,0)	(4,0)	
(1,0)	(2,2199)	(3,0)	(4,0)	
(1,0)	(2,2524)	(3,0)	(4,0)	
(1,0)	(2,0)	(3,0)	(4,0)	
(1,0)	(2,0)	(3,0)	(4,0)	
(1,0)	(2,0)	(3,0)	(4,0)	
(1,0)	(2,0)	(3,0)	(4,0)	
avg	0	0	1779.95	1750.29	1815.15	1810.67
delay	0.0666667	0.0746269	470.589	468.964	489.237	485.753
loss	0	0	0.0901163	0.087886	0.0992204	0.0904159
Command ['/home/ubuntu/ns-3.30-obss/build/scratch/simple-ofdma-adhoc6', '--ofdmaEnabled=true', '--startTime=60', '--totalTime=90', '--packetSize=4e3', '--dataMode=HeMcs3', '--datarate=20e6', '--ratio=0.375', '--RngRun=43', '--locationFile=locationtxt/locationFile22.txt', '--routingFile=locationtxt/routingFile22.txt', '--appFile=locationtxt/appFile.txt', '--tcp=0', '--randomTime=true', '--qosDisabled=true'] terminated with signal SIGSEGV. Run it under a debugger to get more information (./waf --run <program> --command-template="gdb --args %s <args>").
