Waf: Entering directory `/home/ubuntu/ns-3.30-obss/build'
Waf: Leaving directory `/home/ubuntu/ns-3.30-obss/build'
Build commands will be stored in build/compile_commands.json
'build' finished successfully (0.824s)
--------------------------Rate[Kbps]--------------------------
Time[s]	cl-1	cl-2	cl-3	cl-4	cl-5	cl-6
60	10.8	16.2	13	12.2	16.8	16
61	0	0	2128	1603.2	1680	2364.8
62	0	0	2252.8	1036.8	1609.6	1200
63	0	0	1200	1600	1382.4	1148.8
64	0	0	1574.4	966.4	1385.6	1600
65	0	0	1417.6	1091.2	1468.8	1500.8
66	0	0	1641.6	2080	1040	1510.4
67	0	0	1808	1164.8	915.2	1529.6
68	0	0	1436.8	1667.2	1849.6	1193.6
69	0	0	1481.6	1638.4	1104	1532.8
70	0	0	1094.4	1625.6	1334.4	1648
71	0	0	1203.2	1430.4	1043.2	1382.4
72	0	0	1174.4	1587.2	1145.6	1593.6
73	0	0	1158.4	1702.4	1619.2	1504
74	0	0	1113.6	1417.6	1606.4	1232
75	0	0	1302.4	1379.2	1404.8	1206.4
76	0	0	1203.2	1558.4	1673.6	1632
77	0	0	1222.4	1689.6	1756.8	1571.2
78	0	0	1193.6	1401.6	1248	1264
79	0	0	1801.6	1174.4	1097.6	1171.2
80	0	0	1292.8	1644.8	1276.8	1536
81	0	0	1651.2	1340.8	1344	1312
82	0	0	1120	1340.8	1222.4	2022.4
83	0	0	1104	1363.2	1446.4	1334.4
84	0	0	1558.4	1292.8	1545.6	1177.6
85	0	0	1513.6	1248	1452.8	1584
86	0	0	1094.4	1484.8	1366.4	1312
87	0	0	1120	1116.8	1785.6	1427.2
88	0	0	1344	1590.4	1702.4	1081.6
89	0	0	1420.8	1344	2156.8	745.6
90	0	0	1161.6	1123.2	1440	1142.4
(1,0)	(2,9107)	(3,0)	(4,0)	
(1,0)	(2,2712)	(3,0)	(4,0)	
(1,0)	(2,2531)	(3,0)	(4,0)	
(1,0)	(2,0)	(3,0)	(4,0)	
(1,0)	(2,0)	(3,0)	(4,0)	
(1,0)	(2,0)	(3,0)	(4,0)	
(1,0)	(2,0)	(3,0)	(4,0)	
avg	0	0	1392.96	1423.47	1436.8	1415.36
delay	0.0740741	0.0740741	522.499	571.042	544.928	565.988
loss	0	0	0.21871	0.717484	0.689759	0.428571
Command ['/home/ubuntu/ns-3.30-obss/build/scratch/simple-ofdma-adhoc6', '--ofdmaEnabled=true', '--startTime=60', '--totalTime=90', '--packetSize=4e3', '--dataMode=HeMcs3', '--datarate=30e6', '--ratio=0.375', '--RngRun=25', '--locationFile=locationtxt/locationFile22.txt', '--routingFile=locationtxt/routingFile22.txt', '--appFile=locationtxt/appFile.txt', '--tcp=0', '--randomTime=true', '--qosDisabled=true'] terminated with signal SIGSEGV. Run it under a debugger to get more information (./waf --run <program> --command-template="gdb --args %s <args>").
