Waf: Entering directory `/home/ubuntu/ns-3.30-obss/build'
Waf: Leaving directory `/home/ubuntu/ns-3.30-obss/build'
Build commands will be stored in build/compile_commands.json
'build' finished successfully (0.958s)
--------------------------Rate[Kbps]--------------------------
Time[s]	cl-1	cl-2	cl-3	cl-4	cl-5	cl-6
60	13	12	16.8	13.4	15.8	17.4
61	0	0	1955.2	1664	1792	2476.8
62	0	0	1612.8	992	1411.2	1356.8
63	0	0	1177.6	1273.6	1152	1436.8
64	0	0	1436.8	1718.4	1196.8	1401.6
65	0	0	1084.8	1388.8	1280	1462.4
66	0	0	1241.6	1779.2	1187.2	1680
67	0	0	1939.2	1270.4	1587.2	1200
68	0	0	1148.8	1360	1379.2	1808
69	0	0	1232	1459.2	1414.4	1401.6
70	0	0	1283.2	1504	1561.6	1632
71	0	0	1340.8	1523.2	1340.8	1475.2
72	0	0	1529.6	1139.2	1196.8	1203.2
73	0	0	1299.2	1097.6	1350.4	1363.2
74	0	0	1619.2	1081.6	1308.8	1526.4
75	0	0	1305.6	1468.8	1542.4	1184
76	0	0	1536	729.6	1270.4	1792
77	0	0	1459.2	1638.4	1161.6	1280
78	0	0	1411.2	1196.8	1555.2	1049.6
79	0	0	1184	1289.6	1654.4	1353.6
80	0	0	1305.6	1360	1113.6	1385.6
81	0	0	1449.6	1456	1452.8	1171.2
82	0	0	1852.8	1011.2	1584	1552
83	0	0	1638.4	1526.4	1465.6	1334.4
84	0	0	1600	822.4	1587.2	1577.6
85	0	0	1366.4	1596.8	1446.4	1235.2
86	0	0	1062.4	1696	1769.6	1120
87	0	0	1145.6	1257.6	1561.6	1299.2
88	0	0	1584	1136	1478.4	1740.8
89	0	0	1366.4	1331.2	1616	1484.8
90	0	0	1609.6	1203.2	1091.2	1449.6
(1,0)	(2,9266)	(3,0)	(4,0)	
(1,0)	(2,2526)	(3,0)	(4,0)	
(1,0)	(2,2651)	(3,0)	(4,0)	
(1,0)	(2,0)	(3,0)	(4,0)	
(1,0)	(2,0)	(3,0)	(4,0)	
(1,0)	(2,0)	(3,0)	(4,0)	
(1,0)	(2,0)	(3,0)	(4,0)	
avg	0	0	1425.92	1332.37	1416.96	1447.79
delay	0.0615385	0.0666667	518.45	537.385	540.619	514.68
loss	0	0	0.227041	0.691812	0.707215	0.244275
Command ['/home/ubuntu/ns-3.30-obss/build/scratch/simple-ofdma-adhoc6', '--ofdmaEnabled=true', '--startTime=60', '--totalTime=90', '--packetSize=4e3', '--dataMode=HeMcs3', '--datarate=30e6', '--ratio=0.375', '--RngRun=14', '--locationFile=locationtxt/locationFile22.txt', '--routingFile=locationtxt/routingFile22.txt', '--appFile=locationtxt/appFile.txt', '--tcp=0', '--randomTime=true', '--qosDisabled=true'] terminated with signal SIGSEGV. Run it under a debugger to get more information (./waf --run <program> --command-template="gdb --args %s <args>").
