Waf: Entering directory `/home/ubuntu/ns-3.30-obss/build'
Waf: Leaving directory `/home/ubuntu/ns-3.30-obss/build'
Build commands will be stored in build/compile_commands.json
'build' finished successfully (0.820s)
--------------------------Rate[Kbps]--------------------------
Time[s]	cl-1	cl-2	cl-3	cl-4	cl-5	cl-6
60	11.4	14	16.6	15	12.8	14.8
61	0	0	2307.2	1424	1856	1878.4
62	0	0	1081.6	1974.4	1424	1392
63	0	0	1030.4	1254.4	1388.8	1228.8
64	0	0	1795.2	1625.6	953.6	1536
65	0	0	1276.8	1664	1206.4	1769.6
66	0	0	1091.2	1641.6	1632	1827.2
67	0	0	1481.6	1555.2	1222.4	1328
68	0	0	1689.6	1212.8	2041.6	1404.8
69	0	0	1564.8	1353.6	1376	1353.6
70	0	0	1369.6	1276.8	1177.6	1248
71	0	0	1657.6	1388.8	1084.8	1580.8
72	0	0	1808	982.4	1212.8	1635.2
73	0	0	1004.8	1609.6	1161.6	1443.2
74	0	0	1292.8	1100.8	1142.4	1260.8
75	0	0	1203.2	1350.4	1475.2	1523.2
76	0	0	1430.4	1353.6	1472	1164.8
77	0	0	1235.2	1587.2	1990.4	1267.2
78	0	0	1532.8	1382.4	1104	1747.2
79	0	0	822.4	1612.8	1552	1616
80	0	0	1718.4	1766.4	1299.2	1136
81	0	0	1059.2	1334.4	1216	1868.8
82	0	0	1251.2	1318.4	1219.2	1456
83	0	0	1014.4	1401.6	1392	1225.6
84	0	0	1068.8	2230.4	835.2	972.8
85	0	0	1148.8	992	1382.4	1907.2
86	0	0	1168	825.6	1513.6	1376
87	0	0	1548.8	1472	1411.2	1180.8
88	0	0	1504	1641.6	1254.4	1420.8
89	0	0	1366.4	1180.8	1635.2	1296
90	0	0	1164.8	1616	1299.2	1196.8
(1,0)	(2,9148)	(3,0)	(4,0)	
(1,0)	(2,2477)	(3,0)	(4,0)	
(1,0)	(2,2618)	(3,0)	(4,0)	
(1,0)	(2,0)	(3,0)	(4,0)	
(1,0)	(2,0)	(3,0)	(4,0)	
(1,0)	(2,0)	(3,0)	(4,0)	
(1,0)	(2,0)	(3,0)	(4,0)	
avg	0	0	1356.27	1437.65	1364.37	1441.39
delay	0.0701754	0.0714286	546.265	569.552	558.809	553.923
loss	0	0	0.388521	0.700751	0.711606	0.37192
Command ['/home/ubuntu/ns-3.30-obss/build/scratch/simple-ofdma-adhoc6', '--ofdmaEnabled=true', '--startTime=60', '--totalTime=90', '--packetSize=4e3', '--dataMode=HeMcs3', '--datarate=30e6', '--ratio=0.375', '--RngRun=13', '--locationFile=locationtxt/locationFile22.txt', '--routingFile=locationtxt/routingFile22.txt', '--appFile=locationtxt/appFile.txt', '--tcp=0', '--randomTime=true', '--qosDisabled=true'] terminated with signal SIGSEGV. Run it under a debugger to get more information (./waf --run <program> --command-template="gdb --args %s <args>").
