Waf: Entering directory `/home/ubuntu/ns-3.30-obss/build'
Waf: Leaving directory `/home/ubuntu/ns-3.30-obss/build'
Build commands will be stored in build/compile_commands.json
'build' finished successfully (0.896s)
--------------------------Rate[Kbps]--------------------------
Time[s]	cl-1	cl-2	cl-3	cl-4	cl-5	cl-6	cl-7	cl-8
60	13.6	15.2	12.8	15.2	12	13.2	17.4	12
61	0	0	1446.4	1523.2	2137.6	1849.6	1651.2	2019.2
62	0	0	995.2	1737.6	1721.6	1264	2348.8	1452.8
63	0	0	1590.4	1696	1475.2	1292.8	1212.8	1731.2
64	0	0	1644.8	1180.8	1545.6	1715.2	1366.4	1481.6
65	0	0	1308.8	1296	1446.4	1270.4	1452.8	1404.8
66	0	0	1715.2	1353.6	1481.6	1161.6	1612.8	1193.6
67	0	0	1510.4	1654.4	1651.2	1280	1222.4	1766.4
68	0	0	1196.8	1449.6	1603.2	1472	1584	1785.6
69	0	0	1612.8	1779.2	1440	1494.4	1094.4	1244.8
70	0	0	918.4	1622.4	1632	1753.6	1884.8	1459.2
71	0	0	1404.8	1312	1318.4	1417.6	1062.4	1459.2
72	0	0	1472	1539.2	1481.6	918.4	1779.2	1750.4
73	0	0	1520	1580.8	1296	1779.2	1907.2	1532.8
74	0	0	1292.8	1542.4	1798.4	1302.4	1420.8	1408
75	0	0	1398.4	1097.6	1609.6	1209.6	1756.8	1494.4
76	0	0	1577.6	1430.4	1187.2	1443.2	1491.2	1401.6
77	0	0	1360	1657.6	1152	1475.2	1340.8	1372.8
78	0	0	1468.8	1836.8	1792	1091.2	1654.4	1350.4
79	0	0	1542.4	1852.8	960	1747.2	1548.8	1475.2
80	0	0	1721.6	1561.6	1171.2	1628.8	1398.4	1225.6
81	0	0	1299.2	1164.8	1344	1123.2	1664	1097.6
82	0	0	1273.6	1475.2	1408	1500.8	1222.4	1107.2
83	0	0	1238.4	1187.2	1440	1705.6	1088	1475.2
84	0	0	1347.2	1891.2	1724.8	1548.8	1315.2	1465.6
85	0	0	1500.8	1539.2	1312	1526.4	1865.6	1347.2
86	0	0	1801.6	2102.4	1299.2	928	1808	1180.8
87	0	0	1443.2	1344	1494.4	1337.6	1356.8	1177.6
88	0	0	1222.4	1516.8	1408	1625.6	1331.2	1587.2
89	0	0	1696	1529.6	1587.2	1536	1529.6	1433.6
90	0	0	1961.6	1174.4	1347.2	1606.4	1715.2	1203.2
(1,0)	(2,11658)	(3,0)	(4,0)	
(1,0)	(2,2467)	(3,333)	(4,0)	
(1,0)	(2,2627)	(3,399)	(4,0)	
(1,0)	(2,0)	(3,0)	(4,0)	
(1,0)	(2,0)	(3,0)	(4,0)	
(1,0)	(2,0)	(3,0)	(4,0)	
(1,0)	(2,0)	(3,0)	(4,0)	
(1,0)	(2,0)	(3,0)	(4,0)	
(1,0)	(2,0)	(3,0)	(4,0)	
avg	0	0	1449.39	1520.96	1475.52	1433.49	1522.88	1436.16
delay	0.0735294	0.0789474	519.481	517.465	492.39	521.454	492.319	520.36
loss	0	0	0.215596	0.228748	0.0951904	0.221169	0.1	0.194566
Command ['/home/ubuntu/ns-3.30-obss/build/scratch/simple-ofdma-adhoc6', '--ofdmaEnabled=true', '--startTime=60', '--totalTime=90', '--packetSize=4e3', '--dataMode=HeMcs4', '--datarate=30e6', '--ratio=0.375', '--RngRun=38', '--locationFile=locationtxt/locationFile23.txt', '--routingFile=locationtxt/routingFile23.txt', '--appFile=locationtxt/appFile.txt', '--tcp=0', '--randomTime=true', '--qosDisabled=true'] terminated with signal SIGSEGV. Run it under a debugger to get more information (./waf --run <program> --command-template="gdb --args %s <args>").
