Waf: Entering directory `/home/ubuntu/ns-3.30-obss/build'
Waf: Leaving directory `/home/ubuntu/ns-3.30-obss/build'
Build commands will be stored in build/compile_commands.json
'build' finished successfully (0.879s)
--------------------------Rate[Kbps]--------------------------
Time[s]	cl-1	cl-2	cl-3	cl-4	cl-5	cl-6	cl-7	cl-8
60	13.4	20.2	15	17.2	14.6	11	16	13.8
61	0	0	1152	2105.6	1264	1491.2	1238.4	1296
62	0	0	1484.8	1488	1897.6	1824	1632	1376
63	0	0	1289.6	1830.4	950.4	1462.4	2169.6	1564.8
64	0	0	1670.4	1750.4	1878.4	1596.8	1280	1052.8
65	0	0	1862.4	1443.2	1699.2	1609.6	1920	1750.4
66	0	0	1536	1379.2	1385.6	1420.8	2176	1942.4
67	0	0	1292.8	1750.4	1798.4	1968	1235.2	1881.6
68	0	0	1798.4	1417.6	2080	1516.8	1712	1718.4
69	0	0	1244.8	1148.8	1718.4	2252.8	2054.4	1577.6
70	0	0	1574.4	1462.4	1638.4	1536	1766.4	1756.8
71	0	0	1731.2	1273.6	1987.2	1740.8	1404.8	1174.4
72	0	0	1798.4	1696	1932.8	1913.6	1443.2	1552
73	0	0	1478.4	2028.8	1308.8	1859.2	1353.6	1475.2
74	0	0	1388.8	1702.4	1705.6	1424	1513.6	2060.8
75	0	0	1430.4	1459.2	1964.8	1657.6	1433.6	1872
76	0	0	1692.8	1891.2	1840	1507.2	1609.6	1670.4
77	0	0	1507.2	1561.6	1516.8	1824	1692.8	1728
78	0	0	2083.2	1622.4	1555.2	1868.8	1270.4	1955.2
79	0	0	1753.6	1731.2	1692.8	1356.8	1449.6	1683.2
80	0	0	1955.2	1475.2	1529.6	1584	1324.8	1760
81	0	0	1676.8	1699.2	1769.6	2035.2	1308.8	2060.8
82	0	0	1376	1718.4	1651.2	1552	1660.8	2153.6
83	0	0	1760	1308.8	1744	1638.4	1494.4	1734.4
84	0	0	1353.6	1468.8	1139.2	1488	1670.4	1424
85	0	0	1539.2	1830.4	1939.2	1555.2	1523.2	1596.8
86	0	0	1424	1417.6	1696	1859.2	1926.4	1616
87	0	0	1328	1884.8	1555.2	1769.6	2166.4	1414.4
88	0	0	1680	1075.2	1622.4	1468.8	985.6	1392
89	0	0	1001.6	1315.2	1833.6	1545.6	1689.6	1628.8
90	0	0	1868.8	1568	1574.4	1833.6	1971.2	1337.6
(1,0)	(2,7936)	(3,0)	(4,0)	
(1,0)	(2,1846)	(3,277)	(4,0)	
(1,0)	(2,1855)	(3,253)	(4,0)	
(1,0)	(2,0)	(3,0)	(4,0)	
(1,0)	(2,0)	(3,0)	(4,0)	
(1,0)	(2,0)	(3,0)	(4,0)	
(1,0)	(2,0)	(3,0)	(4,0)	
(1,0)	(2,0)	(3,0)	(4,0)	
(1,0)	(2,0)	(3,0)	(4,0)	
avg	0	0	1557.76	1583.47	1662.29	1672	1602.56	1640.21
delay	0.208955	0.0792079	21.6087	25.6033	23.6229	26.7611	25.0497	26.4771
loss	0	0	0.00223714	0	0	0	0	0.00108814
Command ['/home/ubuntu/ns-3.30-obss/build/scratch/simple-ofdma-adhoc6', '--ofdmaEnabled=true', '--startTime=60', '--totalTime=90', '--packetSize=4e3', '--dataMode=HeMcs4', '--datarate=20e6', '--ratio=0.375', '--RngRun=13', '--locationFile=locationtxt/locationFile23.txt', '--routingFile=locationtxt/routingFile23.txt', '--appFile=locationtxt/appFile.txt', '--tcp=0', '--randomTime=true', '--qosDisabled=true'] terminated with signal SIGSEGV. Run it under a debugger to get more information (./waf --run <program> --command-template="gdb --args %s <args>").
