Waf: Entering directory `/home/ubuntu/ns-3.30-obss/build'
Waf: Leaving directory `/home/ubuntu/ns-3.30-obss/build'
Build commands will be stored in build/compile_commands.json
'build' finished successfully (0.682s)
--------------------------Rate[Kbps]--------------------------
Time[s]	cl-1	cl-2	cl-3	cl-4	cl-5	cl-6	cl-7	cl-8
60	18	13.8	12.8	13	16.2	13.2	14.6	12.2
61	0	0	982.4	1113.6	758.4	832	553.6	684.8
62	0	0	889.6	806.4	1078.4	736	736	883.2
63	0	0	857.6	720	768	777.6	896	700.8
64	0	0	675.2	912	681.6	662.4	985.6	662.4
65	0	0	633.6	604.8	822.4	1004.8	982.4	563.2
66	0	0	857.6	864	787.2	646.4	812.8	729.6
67	0	0	1104	944	742.4	886.4	806.4	710.4
68	0	0	1011.2	771.2	985.6	876.8	1065.6	931.2
69	0	0	684.8	835.2	732.8	931.2	592	758.4
70	0	0	809.6	1168	748.8	857.6	883.2	764.8
71	0	0	1174.4	915.2	771.2	694.4	742.4	1030.4
72	0	0	700.8	960	720	745.6	912	864
73	0	0	803.2	928	732.8	668.8	819.2	841.6
74	0	0	995.2	828.8	931.2	560	1171.2	681.6
75	0	0	732.8	982.4	838.4	822.4	614.4	880
76	0	0	1027.2	864	1065.6	684.8	934.4	617.6
77	0	0	940.8	988.8	624	592	812.8	848
78	0	0	966.4	886.4	953.6	809.6	1091.2	825.6
79	0	0	870.4	1030.4	982.4	636.8	640	704
80	0	0	902.4	787.2	796.8	1168	1065.6	838.4
81	0	0	739.2	918.4	838.4	889.6	864	1011.2
82	0	0	604.8	665.6	777.6	979.2	995.2	1036.8
83	0	0	832	777.6	809.6	822.4	1126.4	1068.8
84	0	0	867.2	611.2	739.2	774.4	905.6	748.8
85	0	0	793.6	848	851.2	1033.6	825.6	720
86	0	0	1033.6	633.6	518.4	988.8	640	784
87	0	0	1059.2	835.2	732.8	1100.8	940.8	707.2
88	0	0	867.2	659.2	700.8	1107.2	816	838.4
89	0	0	694.4	1081.6	720	560	1068.8	924.8
90	0	0	892.8	675.2	720	851.2	963.2	704
(1,0)	(2,756)	(3,0)	(4,0)	
(1,0)	(2,265)	(3,6)	(4,0)	
(1,0)	(2,263)	(3,7)	(4,0)	
(1,0)	(2,0)	(3,0)	(4,0)	
(1,0)	(2,0)	(3,0)	(4,0)	
(1,0)	(2,0)	(3,0)	(4,0)	
(1,0)	(2,0)	(3,0)	(4,0)	
(1,0)	(2,0)	(3,0)	(4,0)	
(1,0)	(2,0)	(3,0)	(4,0)	
avg	0	0	866.773	853.867	797.653	823.36	875.413	802.133
delay	0.0666667	0.0724638	1.3812	1.29231	1.29306	1.77186	3.40719	1.88532
loss	0	0	0	0	0	0	0	0
Command ['/home/ubuntu/ns-3.30-obss/build/scratch/simple-ofdma-adhoc6', '--ofdmaEnabled=true', '--startTime=60', '--totalTime=90', '--packetSize=4e3', '--dataMode=HeMcs4', '--datarate=10e6', '--ratio=0.375', '--RngRun=47', '--locationFile=locationtxt/locationFile23.txt', '--routingFile=locationtxt/routingFile23.txt', '--appFile=locationtxt/appFile.txt', '--tcp=0', '--randomTime=true', '--qosDisabled=true'] terminated with signal SIGSEGV. Run it under a debugger to get more information (./waf --run <program> --command-template="gdb --args %s <args>").
