Waf: Entering directory `/home/ubuntu/ns-3.30-obss/build'
Waf: Leaving directory `/home/ubuntu/ns-3.30-obss/build'
Build commands will be stored in build/compile_commands.json
'build' finished successfully (0.661s)
--------------------------Rate[Kbps]--------------------------
Time[s]	cl-1	cl-2	cl-3	cl-4	cl-5	cl-6	cl-7	cl-8
60	12.8	11.2	13.4	15.4	13.2	13.6	16	15.6
61	0	0	2499.2	1923.2	2076.8	915.2	1430.4	1654.4
62	0	0	1152	1260.8	1283.2	1414.4	1382.4	1328
63	0	0	1299.2	1251.2	1030.4	1324.8	1065.6	1382.4
64	0	0	1484.8	1222.4	1158.4	1443.2	1305.6	1107.2
65	0	0	1180.8	1446.4	1276.8	1369.6	1344	921.6
66	0	0	1456	1219.2	1241.6	1254.4	1379.2	1206.4
67	0	0	1475.2	1043.2	1164.8	1283.2	976	1152
68	0	0	1504	1353.6	1043.2	1129.6	960	1398.4
69	0	0	1244.8	1417.6	1097.6	1440	1206.4	1228.8
70	0	0	1539.2	1347.2	1008	969.6	1283.2	1238.4
71	0	0	1091.2	1369.6	1356.8	1584	1212.8	1139.2
72	0	0	1097.6	1126.4	1536	1040	1657.6	1545.6
73	0	0	1337.6	998.4	1286.4	1452.8	1353.6	1001.6
74	0	0	912	1280	1241.6	1369.6	1414.4	1084.8
75	0	0	1001.6	1395.2	1353.6	1385.6	1008	1363.2
76	0	0	1254.4	1449.6	1347.2	1065.6	1264	940.8
77	0	0	1276.8	1161.6	1184	1552	1065.6	921.6
78	0	0	1139.2	1526.4	1107.2	1510.4	1068.8	1331.2
79	0	0	1248	1171.2	1324.8	1452.8	1206.4	1084.8
80	0	0	1244.8	1398.4	1344	1216	1171.2	1443.2
81	0	0	1449.6	1312	1299.2	1468.8	1379.2	1139.2
82	0	0	1171.2	1411.2	1286.4	1228.8	1440	1104
83	0	0	956.8	1052.8	1292.8	1107.2	1248	1193.6
84	0	0	1164.8	1177.6	1331.2	1152	1552	1219.2
85	0	0	956.8	1462.4	1433.6	1139.2	876.8	1302.4
86	0	0	1059.2	1363.2	1257.6	1184	1286.4	1462.4
87	0	0	1158.4	1305.6	1411.2	1196.8	1273.6	1241.6
88	0	0	1366.4	896	1411.2	1523.2	1267.2	1164.8
89	0	0	1353.6	1321.6	1491.2	1177.6	1385.6	1264
90	0	0	784	1289.6	1526.4	1196.8	1571.2	1382.4
(1,0)	(2,11582)	(3,0)	(4,0)	
(1,0)	(2,2501)	(3,379)	(4,0)	
(1,0)	(2,2470)	(3,378)	(4,0)	
(1,0)	(2,0)	(3,0)	(4,0)	
(1,0)	(2,0)	(3,0)	(4,0)	
(1,0)	(2,0)	(3,0)	(4,0)	
(1,0)	(2,0)	(3,0)	(4,0)	
(1,0)	(2,0)	(3,0)	(4,0)	
(1,0)	(2,0)	(3,0)	(4,0)	
avg	0	0	1261.97	1298.45	1306.77	1284.91	1267.84	1231.57
delay	0.0625	0.0714286	510.705	576.163	517.122	516.071	575.324	600.614
loss	0	0	0.138428	0.460889	0.140969	0.136396	0.735791	0.518187
Command ['/home/ubuntu/ns-3.30-obss/build/scratch/simple-ofdma-adhoc6', '--ofdmaEnabled=true', '--startTime=60', '--totalTime=90', '--packetSize=4e3', '--dataMode=HeMcs4', '--datarate=40e6', '--ratio=0.375', '--RngRun=42', '--locationFile=locationtxt/locationFile23.txt', '--routingFile=locationtxt/routingFile23.txt', '--appFile=locationtxt/appFile.txt', '--tcp=0', '--randomTime=true', '--qosDisabled=true'] terminated with signal SIGSEGV. Run it under a debugger to get more information (./waf --run <program> --command-template="gdb --args %s <args>").
