Waf: Entering directory `/home/ubuntu/ns-3.30-obss/build'
Waf: Leaving directory `/home/ubuntu/ns-3.30-obss/build'
Build commands will be stored in build/compile_commands.json
'build' finished successfully (0.703s)
--------------------------Rate[Kbps]--------------------------
Time[s]	cl-1	cl-2	cl-3	cl-4	cl-5	cl-6	cl-7	cl-8
60	12.6	16	15.4	16	16	15	12.6	16.4
61	0	0	704	745.6	777.6	716.8	780.8	803.2
62	0	0	777.6	697.6	803.2	1113.6	640	630.4
63	0	0	844.8	1123.2	809.6	809.6	998.4	832
64	0	0	796.8	764.8	944	896	710.4	902.4
65	0	0	899.2	1027.2	758.4	1024	899.2	886.4
66	0	0	572.8	870.4	1014.4	867.2	812.8	908.8
67	0	0	873.6	624	835.2	691.2	1020.8	908.8
68	0	0	787.2	1065.6	1110.4	988.8	1014.4	780.8
69	0	0	764.8	697.6	790.4	758.4	835.2	1033.6
70	0	0	441.6	806.4	809.6	915.2	876.8	630.4
71	0	0	812.8	800	931.2	899.2	931.2	950.4
72	0	0	713.6	880	739.2	710.4	716.8	921.6
73	0	0	979.2	617.6	1001.6	700.8	908.8	694.4
74	0	0	736	844.8	771.2	598.4	499.2	934.4
75	0	0	787.2	764.8	950.4	1017.6	915.2	832
76	0	0	707.2	908.8	595.2	1052.8	867.2	982.4
77	0	0	838.4	1036.8	592	982.4	972.8	816
78	0	0	617.6	1056	608	966.4	1011.2	896
79	0	0	739.2	774.4	953.6	784	870.4	508.8
80	0	0	758.4	1027.2	844.8	668.8	1062.4	848
81	0	0	729.6	825.6	934.4	835.2	876.8	838.4
82	0	0	742.4	940.8	793.6	784	1040	790.4
83	0	0	806.4	998.4	825.6	912	969.6	985.6
84	0	0	723.2	620.8	1065.6	876.8	896	1059.2
85	0	0	1120	944	1043.2	848	912	1148.8
86	0	0	876.8	873.6	608	771.2	857.6	812.8
87	0	0	1030.4	963.2	985.6	710.4	857.6	739.2
88	0	0	889.6	1110.4	873.6	838.4	934.4	844.8
89	0	0	825.6	822.4	675.2	764.8	998.4	950.4
90	0	0	748.8	956.8	947.2	787.2	812.8	950.4
(1,0)	(2,797)	(3,0)	(4,0)	
(1,0)	(2,285)	(3,6)	(4,0)	
(1,0)	(2,245)	(3,9)	(4,0)	
(1,0)	(2,0)	(3,0)	(4,0)	
(1,0)	(2,0)	(3,0)	(4,0)	
(1,0)	(2,0)	(3,0)	(4,0)	
(1,0)	(2,0)	(3,0)	(4,0)	
(1,0)	(2,0)	(3,0)	(4,0)	
(1,0)	(2,0)	(3,0)	(4,0)	
avg	0	0	788.16	872.96	846.4	842.987	883.307	860.693
delay	0.0634921	0.075	3.61305	1.72222	3.44016	1.93638	3.30495	3.25311
loss	0	0	0	0	0	0	0	0
Command ['/home/ubuntu/ns-3.30-obss/build/scratch/simple-ofdma-adhoc6', '--ofdmaEnabled=true', '--startTime=60', '--totalTime=90', '--packetSize=4e3', '--dataMode=HeMcs4', '--datarate=10e6', '--ratio=0.375', '--RngRun=22', '--locationFile=locationtxt/locationFile23.txt', '--routingFile=locationtxt/routingFile23.txt', '--appFile=locationtxt/appFile.txt', '--tcp=0', '--randomTime=true', '--qosDisabled=true'] terminated with signal SIGSEGV. Run it under a debugger to get more information (./waf --run <program> --command-template="gdb --args %s <args>").
