Waf: Entering directory `/home/ubuntu/ns-3.30-obss/build'
Waf: Leaving directory `/home/ubuntu/ns-3.30-obss/build'
Build commands will be stored in build/compile_commands.json
'build' finished successfully (1.008s)
--------------------------Rate[Kbps]--------------------------
Time[s]	cl-1	cl-2	cl-3	cl-4	cl-5	cl-6	cl-7	cl-8
60	13.8	13.8	16.2	19.2	14	11.6	14.8	11.8
61	0	0	2099.2	1712	1539.2	1190.4	1443.2	1891.2
62	0	0	2131.2	1740.8	2643.2	1344	1776	1116.8
63	0	0	1328	1555.2	1996.8	1443.2	1936	1686.4
64	0	0	1264	1884.8	1334.4	1363.2	1507.2	1926.4
65	0	0	1798.4	1136	1513.6	1507.2	1417.6	2265.6
66	0	0	1593.6	1276.8	2003.2	1609.6	1856	1248
67	0	0	1545.6	1737.6	1644.8	1324.8	1539.2	1840
68	0	0	1411.2	963.2	1632	2009.6	1996.8	1532.8
69	0	0	1660.8	1680	2179.2	1948.8	1232	1395.2
70	0	0	1545.6	1740.8	1820.8	1654.4	1827.2	1692.8
71	0	0	1372.8	1596.8	1609.6	2099.2	1849.6	1225.6
72	0	0	1670.4	1273.6	1254.4	1910.4	1520	1632
73	0	0	1696	1507.2	1920	1542.4	1612.8	1814.4
74	0	0	1328	1811.2	1907.2	1750.4	1827.2	1299.2
75	0	0	1577.6	1523.2	1712	1507.2	1635.2	2144
76	0	0	1427.2	1936	1139.2	1500.8	1715.2	1910.4
77	0	0	1856	1708.8	1264	1808	1900.8	1510.4
78	0	0	1952	1555.2	1465.6	1814.4	1987.2	1436.8
79	0	0	1164.8	1680	1398.4	1939.2	1401.6	1350.4
80	0	0	1830.4	2038.4	1136	1500.8	1267.2	1392
81	0	0	1552	1731.2	1657.6	2268.8	1260.8	1241.6
82	0	0	1324.8	1782.4	1516.8	1657.6	1088	1798.4
83	0	0	2163.2	1315.2	1139.2	1683.2	1827.2	1612.8
84	0	0	1494.4	1542.4	1657.6	1916.8	1750.4	1440
85	0	0	1852.8	1814.4	1769.6	1680	1536	1478.4
86	0	0	1705.6	1324.8	1568	2080	1484.8	1744
87	0	0	1568	1136	1062.4	1868.8	2169.6	1878.4
88	0	0	2025.6	1667.2	1452.8	1772.8	1744	1964.8
89	0	0	1625.6	1065.6	1328	2192	1798.4	2064
90	0	0	1817.6	1641.6	1590.4	1897.6	1286.4	1612.8
(1,0)	(2,11040)	(3,0)	(4,0)	
(1,0)	(2,2404)	(3,391)	(4,0)	
(1,0)	(2,2601)	(3,340)	(4,0)	
(1,0)	(2,0)	(3,0)	(4,0)	
(1,0)	(2,0)	(3,0)	(4,0)	
(1,0)	(2,0)	(3,0)	(4,0)	
(1,0)	(2,0)	(3,0)	(4,0)	
(1,0)	(2,0)	(3,0)	(4,0)	
(1,0)	(2,0)	(3,0)	(4,0)	
avg	0	0	1646.08	1569.28	1595.2	1726.19	1639.79	1638.19
delay	0.0724638	0.0724638	478.786	482.037	481.291	482.5	477.985	482.996
loss	0	0	0.0537634	0.205258	0.0664305	0.170155	0.0810811	0.0668577
Command ['/home/ubuntu/ns-3.30-obss/build/scratch/simple-ofdma-adhoc6', '--ofdmaEnabled=true', '--startTime=60', '--totalTime=90', '--packetSize=4e3', '--dataMode=HeMcs4', '--datarate=25e6', '--ratio=0.375', '--RngRun=7', '--locationFile=locationtxt/locationFile23.txt', '--routingFile=locationtxt/routingFile23.txt', '--appFile=locationtxt/appFile.txt', '--tcp=0', '--randomTime=true', '--qosDisabled=true'] terminated with signal SIGSEGV. Run it under a debugger to get more information (./waf --run <program> --command-template="gdb --args %s <args>").
