Waf: Entering directory `/home/ubuntu/ns-3.30-obss/build'
Waf: Leaving directory `/home/ubuntu/ns-3.30-obss/build'
Build commands will be stored in build/compile_commands.json
'build' finished successfully (0.706s)
--------------------------Rate[Kbps]--------------------------
Time[s]	cl-1	cl-2	cl-3	cl-4	cl-5	cl-6	cl-7	cl-8
60	14.2	14.6	16.8	16.4	13.8	16.2	15	17
61	0	0	1779.2	1622.4	1424	1273.6	1667.2	1676.8
62	0	0	1884.8	2160	1776	1734.4	1644.8	1593.6
63	0	0	1404.8	2035.2	1712	1379.2	1264	1862.4
64	0	0	1449.6	1958.4	1753.6	2185.6	1340.8	1804.8
65	0	0	1248	1817.6	2012.8	1817.6	1673.6	1270.4
66	0	0	1968	1472	1744	1529.6	2480	1289.6
67	0	0	2041.6	1833.6	1577.6	1411.2	1689.6	1612.8
68	0	0	1462.4	1328	1724.8	2291.2	2019.2	2185.6
69	0	0	1872	832	1545.6	1577.6	1542.4	1648
70	0	0	1260.8	1660.8	2035.2	1849.6	1881.6	2185.6
71	0	0	1516.8	1664	1734.4	1552	1769.6	2012.8
72	0	0	1804.8	1552	1830.4	2214.4	1491.2	2000
73	0	0	1836.8	1478.4	1942.4	1145.6	1468.8	1171.2
74	0	0	1808	1667.2	1737.6	1888	1363.2	1785.6
75	0	0	1500.8	1641.6	1955.2	1414.4	1724.8	1500.8
76	0	0	1539.2	1228.8	1692.8	1689.6	1379.2	1929.6
77	0	0	1616	1913.6	1452.8	1808	2233.6	1862.4
78	0	0	1744	1548.8	1763.2	1638.4	2198.4	1788.8
79	0	0	1961.6	1628.8	1516.8	2012.8	1788.8	1651.2
80	0	0	2019.2	1993.6	1241.6	1612.8	1388.8	1744
81	0	0	2307.2	1715.2	1404.8	1286.4	2025.6	1900.8
82	0	0	2022.4	2140.8	1315.2	1724.8	1593.6	1868.8
83	0	0	1510.4	1852.8	1654.4	1673.6	1145.6	1616
84	0	0	1878.4	1648	1523.2	1545.6	1708.8	1705.6
85	0	0	1779.2	1155.2	1417.6	1558.4	2054.4	956.8
86	0	0	1779.2	1385.6	2041.6	1369.6	1680	1414.4
87	0	0	2067.2	998.4	1392	1820.8	1849.6	1472
88	0	0	1619.2	1625.6	1670.4	1635.2	1689.6	1724.8
89	0	0	1680	1513.6	1481.6	2515.2	1833.6	1376
90	0	0	1782.4	1756.8	1820.8	1468.8	1932.8	1862.4
(1,0)	(2,9408)	(3,0)	(4,0)	
(1,0)	(2,2155)	(3,255)	(4,0)	
(1,0)	(2,2100)	(3,312)	(4,0)	
(1,0)	(2,0)	(3,0)	(4,0)	
(1,0)	(2,0)	(3,0)	(4,0)	
(1,0)	(2,0)	(3,0)	(4,0)	
(1,0)	(2,0)	(3,0)	(4,0)	
(1,0)	(2,0)	(3,0)	(4,0)	
(1,0)	(2,0)	(3,0)	(4,0)	
avg	0	0	1738.13	1627.63	1663.15	1687.47	1717.44	1682.45
delay	0.0704225	0.0684932	41.45	45.412	40.9335	45.445	42.2432	48.047
loss	0	0	0	0	0	0	0	0.00104275
Command ['/home/ubuntu/ns-3.30-obss/build/scratch/simple-ofdma-adhoc6', '--ofdmaEnabled=true', '--startTime=60', '--totalTime=90', '--packetSize=4e3', '--dataMode=HeMcs4', '--datarate=20e6', '--ratio=0.375', '--RngRun=32', '--locationFile=locationtxt/locationFile23.txt', '--routingFile=locationtxt/routingFile23.txt', '--appFile=locationtxt/appFile.txt', '--tcp=0', '--randomTime=true', '--qosDisabled=true'] terminated with signal SIGSEGV. Run it under a debugger to get more information (./waf --run <program> --command-template="gdb --args %s <args>").
