Waf: Entering directory `/home/ubuntu/ns-3.30-obss/build'
Waf: Leaving directory `/home/ubuntu/ns-3.30-obss/build'
Build commands will be stored in build/compile_commands.json
'build' finished successfully (0.799s)
--------------------------Rate[Kbps]--------------------------
Time[s]	cl-1	cl-2	cl-3	cl-4	cl-5	cl-6	cl-7	cl-8
60	14.2	15	16	12.8	15.2	16.6	13.6	15
61	0	0	1878.4	1836.8	1728	1545.6	1657.6	1622.4
62	0	0	1475.2	1212.8	1337.6	1321.6	1888	1542.4
63	0	0	1222.4	1206.4	1097.6	1161.6	1232	1216
64	0	0	1088	1414.4	1084.8	1056	1273.6	1168
65	0	0	1321.6	1267.2	1043.2	1347.2	1177.6	1235.2
66	0	0	1212.8	1523.2	1420.8	1305.6	1200	1459.2
67	0	0	1392	1366.4	1187.2	1203.2	1433.6	1161.6
68	0	0	1180.8	1084.8	1222.4	1222.4	1430.4	1116.8
69	0	0	1465.6	1318.4	1398.4	1014.4	1347.2	1152
70	0	0	1168	1292.8	1142.4	1228.8	1254.4	1312
71	0	0	1350.4	1507.2	921.6	1158.4	1318.4	1296
72	0	0	1452.8	1011.2	1248	1225.6	1145.6	1446.4
73	0	0	1312	1446.4	1360	1312	1097.6	1424
74	0	0	1635.2	1305.6	1203.2	1459.2	841.6	1462.4
75	0	0	1065.6	1334.4	1238.4	1360	1081.6	1193.6
76	0	0	1123.2	1110.4	1395.2	1049.6	1212.8	1193.6
77	0	0	1475.2	1180.8	1206.4	1142.4	1238.4	1216
78	0	0	1142.4	1440	1203.2	1302.4	915.2	1097.6
79	0	0	1110.4	1337.6	1219.2	1251.2	1292.8	1264
80	0	0	1340.8	976	1286.4	1404.8	1264	1193.6
81	0	0	1398.4	1161.6	1360	915.2	902.4	1424
82	0	0	1500.8	1424	1193.6	1430.4	1049.6	1446.4
83	0	0	1270.4	1606.4	1254.4	1356.8	1398.4	1203.2
84	0	0	1296	1436.8	988.8	1337.6	953.6	1417.6
85	0	0	1452.8	1532.8	1366.4	1401.6	950.4	1340.8
86	0	0	1091.2	1574.4	1315.2	1216	1289.6	1459.2
87	0	0	953.6	1084.8	1251.2	1424	851.2	1126.4
88	0	0	1344	1411.2	1065.6	1424	1414.4	1043.2
89	0	0	1420.8	1046.4	1286.4	1020.8	1443.2	1308.8
90	0	0	963.2	1481.6	1260.8	1395.2	1104	1276.8
(1,0)	(2,11611)	(3,0)	(4,0)	
(1,0)	(2,2631)	(3,580)	(4,0)	
(1,0)	(2,2409)	(3,367)	(4,0)	
(1,0)	(2,0)	(3,0)	(4,0)	
(1,0)	(2,0)	(3,0)	(4,0)	
(1,0)	(2,0)	(3,0)	(4,0)	
(1,0)	(2,0)	(3,0)	(4,0)	
(1,0)	(2,0)	(3,0)	(4,0)	
(1,0)	(2,0)	(3,0)	(4,0)	
avg	0	0	1303.47	1331.09	1242.88	1266.45	1221.97	1293.97
delay	0.0704225	0.133333	590.786	519.578	523.694	512.081	593.766	607.297
loss	0	0	0.725949	0.132504	0.170092	0.151926	0.468637	0.482797
Command ['/home/ubuntu/ns-3.30-obss/build/scratch/simple-ofdma-adhoc6', '--ofdmaEnabled=true', '--startTime=60', '--totalTime=90', '--packetSize=4e3', '--dataMode=HeMcs4', '--datarate=40e6', '--ratio=0.375', '--RngRun=15', '--locationFile=locationtxt/locationFile23.txt', '--routingFile=locationtxt/routingFile23.txt', '--appFile=locationtxt/appFile.txt', '--tcp=0', '--randomTime=true', '--qosDisabled=true'] terminated with signal SIGSEGV. Run it under a debugger to get more information (./waf --run <program> --command-template="gdb --args %s <args>").
