Waf: Entering directory `/home/ubuntu/ns-3.30-obss/build'
Waf: Leaving directory `/home/ubuntu/ns-3.30-obss/build'
Build commands will be stored in build/compile_commands.json
'build' finished successfully (1.049s)
--------------------------Rate[Kbps]--------------------------
Time[s]	cl-1	cl-2	cl-3	cl-4	cl-5	cl-6	cl-7	cl-8
60	12.8	14	15.6	14.2	16	18.4	16.6	13.8
61	0	0	1200	2131.2	1846.4	1958.4	1273.6	2105.6
62	0	0	1315.2	1612.8	1184	1584	2016	2265.6
63	0	0	1724.8	1132.8	1392	1859.2	1635.2	1449.6
64	0	0	1328	1635.2	1507.2	1321.6	1686.4	1161.6
65	0	0	1564.8	1446.4	1187.2	1427.2	1494.4	1206.4
66	0	0	1219.2	1020.8	1376	1440	1187.2	1638.4
67	0	0	1497.6	1526.4	1328	1056	1088	1484.8
68	0	0	1673.6	1552	1212.8	2054.4	1302.4	1411.2
69	0	0	1273.6	1747.2	1536	1414.4	1443.2	1344
70	0	0	1228.8	1529.6	1513.6	1494.4	1440	1427.2
71	0	0	1398.4	1651.2	1110.4	1372.8	1232	1459.2
72	0	0	1600	1888	1145.6	1203.2	1552	1779.2
73	0	0	1507.2	1472	1654.4	1574.4	1651.2	1299.2
74	0	0	1776	1513.6	1606.4	1107.2	1289.6	1344
75	0	0	1705.6	1552	963.2	1276.8	1440	1148.8
76	0	0	1168	1657.6	1334.4	1132.8	1353.6	1315.2
77	0	0	1200	1433.6	1308.8	1545.6	1200	1366.4
78	0	0	1596.8	1616	1936	1366.4	1014.4	1760
79	0	0	1580.8	1561.6	1836.8	1033.6	1824	1059.2
80	0	0	1523.2	1609.6	1318.4	1590.4	1308.8	1280
81	0	0	1216	1795.2	1232	1219.2	1497.6	1334.4
82	0	0	1350.4	1411.2	1744	1264	1491.2	1481.6
83	0	0	1612.8	1033.6	1564.8	1161.6	1414.4	1587.2
84	0	0	976	1177.6	1910.4	1696	1708.8	1168
85	0	0	1404.8	1785.6	921.6	1526.4	1443.2	1379.2
86	0	0	1494.4	1782.4	1235.2	1648	1718.4	1222.4
87	0	0	1164.8	1664	1280	1446.4	1548.8	1248
88	0	0	937.6	1776	1267.2	1574.4	1222.4	1430.4
89	0	0	1459.2	1632	1408	947.2	1529.6	1625.6
90	0	0	1369.6	1584	1347.2	1318.4	1580.8	1228.8
(1,0)	(2,11658)	(3,0)	(4,0)	
(1,0)	(2,2600)	(3,458)	(4,0)	
(1,0)	(2,2494)	(3,408)	(4,0)	
(1,0)	(2,0)	(3,0)	(4,0)	
(1,0)	(2,0)	(3,0)	(4,0)	
(1,0)	(2,0)	(3,0)	(4,0)	
(1,0)	(2,0)	(3,0)	(4,0)	
(1,0)	(2,0)	(3,0)	(4,0)	
(1,0)	(2,0)	(3,0)	(4,0)	
avg	0	0	1402.24	1564.37	1406.93	1420.48	1452.91	1433.71
delay	0.078125	0.128571	499.7	498.991	518.364	510.077	493.826	493.75
loss	0	0	0.101614	0.114311	0.255513	0.454472	0.0930435	0.120555
Command ['/home/ubuntu/ns-3.30-obss/build/scratch/simple-ofdma-adhoc6', '--ofdmaEnabled=true', '--startTime=60', '--totalTime=90', '--packetSize=4e3', '--dataMode=HeMcs4', '--datarate=30e6', '--ratio=0.375', '--RngRun=50', '--locationFile=locationtxt/locationFile23.txt', '--routingFile=locationtxt/routingFile23.txt', '--appFile=locationtxt/appFile.txt', '--tcp=0', '--randomTime=true', '--qosDisabled=true'] terminated with signal SIGSEGV. Run it under a debugger to get more information (./waf --run <program> --command-template="gdb --args %s <args>").
