Waf: Entering directory `/home/ubuntu/ns-3.30-obss/build'
Waf: Leaving directory `/home/ubuntu/ns-3.30-obss/build'
Build commands will be stored in build/compile_commands.json
'build' finished successfully (0.960s)
--------------------------Rate[Kbps]--------------------------
Time[s]	cl-1	cl-2	cl-3	cl-4	cl-5	cl-6	cl-7	cl-8	cl-9	cl-10	cl-11	cl-12
60	18.6	17	12.2	13	13.4	14.4	18.4	14.4	15.4	13.8	17.4	16
61	931.2	851.2	694.4	0	697.6	873.6	908.8	806.4	854.4	860.8	883.2	1084.8
62	748.8	985.6	1161.6	0	1049.6	944	630.4	819.2	1084.8	966.4	1001.6	1059.2
63	860.8	889.6	809.6	0	710.4	969.6	902.4	854.4	937.6	1011.2	713.6	947.2
64	742.4	960	988.8	0	880	976	963.2	787.2	864	937.6	1078.4	579.2
65	924.8	771.2	995.2	0	793.6	1190.4	684.8	857.6	902.4	944	825.6	393.6
66	688	476.8	540.8	0	867.2	515.2	819.2	793.6	928	704	995.2	1414.4
67	780.8	649.6	1011.2	0	940.8	640	560	854.4	876.8	921.6	576	979.2
68	713.6	1110.4	544	0	544	889.6	652.8	982.4	745.6	1238.4	681.6	704
69	614.4	755.2	672	0	659.2	800	486.4	640	646.4	787.2	1129.6	1011.2
70	1049.6	726.4	569.6	0	790.4	569.6	889.6	921.6	748.8	700.8	876.8	822.4
71	662.4	758.4	771.2	0	704	886.4	540.8	1107.2	905.6	854.4	771.2	768
72	841.6	803.2	707.2	0	720	864	662.4	880	582.4	713.6	1062.4	998.4
73	777.6	697.6	979.2	0	755.2	838.4	739.2	556.8	972.8	851.2	790.4	672
74	851.2	841.6	812.8	0	950.4	972.8	784	918.4	889.6	1116.8	307.2	1100.8
75	716.8	656	851.2	0	633.6	816	828.8	688	368	464	1248	851.2
76	713.6	761.6	700.8	0	592	726.4	912	899.2	1260.8	1363.2	646.4	723.2
77	1139.2	704	832	0	691.2	764.8	825.6	684.8	787.2	790.4	620.8	864
78	748.8	841.6	659.2	0	748.8	1049.6	531.2	972.8	803.2	688	1084.8	713.6
79	822.4	780.8	1004.8	0	758.4	864	582.4	921.6	1468.8	780.8	953.6	777.6
80	841.6	1020.8	835.2	0	614.4	716.8	777.6	896	729.6	844.8	908.8	1004.8
81	848	966.4	716.8	0	857.6	636.8	499.2	883.2	614.4	752	758.4	1280
82	771.2	1139.2	848	0	976	755.2	627.2	713.6	806.4	867.2	1075.2	684.8
83	912	921.6	643.2	0	816	953.6	627.2	675.2	713.6	1088	851.2	896
84	796.8	630.4	595.2	0	816	544	883.2	579.2	761.6	697.6	387.2	649.6
85	854.4	675.2	691.2	0	560	556.8	755.2	864	864	652.8	1001.6	710.4
86	883.2	1260.8	758.4	0	1385.6	748.8	771.2	784	928	899.2	470.4	291.2
87	998.4	726.4	694.4	0	832	851.2	419.2	675.2	710.4	851.2	1020.8	1110.4
88	892.8	816	624	0	771.2	636.8	528	508.8	716.8	796.8	921.6	809.6
89	556.8	768	876.8	0	720	880	1033.6	841.6	592	614.4	883.2	1017.6
90	883.2	1196.8	470.4	0	572.8	1174.4	537.6	556.8	953.6	966.4	812.8	880
(1,0)	(2,4847)	(3,5263)	(4,1393)	
(1,0)	(2,1272)	(3,0)	(4,0)	
(1,0)	(2,1405)	(3,0)	(4,0)	
(1,0)	(2,1610)	(3,0)	(4,0)	
(1,0)	(2,1564)	(3,0)	(4,0)	
(1,0)	(2,0)	(3,0)	(4,0)	
(1,0)	(2,0)	(3,0)	(4,0)	
(1,0)	(2,0)	(3,0)	(4,0)	
(1,0)	(2,0)	(3,0)	(4,0)	
(1,0)	(2,0)	(3,0)	(4,0)	
(1,0)	(2,0)	(3,0)	(4,0)	
(1,0)	(2,0)	(3,0)	(4,0)	
(1,0)	(2,0)	(3,0)	(4,0)	
avg	818.88	838.08	768.64	0	780.267	820.16	712.107	797.44	833.92	857.493	844.587	859.947
delay	461.655	460.134	472.067	0.0615385	501.157	492.526	515.456	531.295	528.381	510.66	526.27	521.177
loss	0.25947	0.1	0.122083	0	0.0899123	0.0800654	0.276231	0.262664	0.0981595	0.206039	0.0906096	0.084507
Command ['/home/ubuntu/ns-3.30-obss/build/scratch/simple-ofdma-adhoc6', '--ofdmaEnabled=true', '--startTime=60', '--totalTime=90', '--packetSize=4e3', '--dataMode=HeMcs4', '--datarate=25e6', '--ratio=0.375', '--RngRun=32', '--locationFile=locationtxt/locationFile42c.txt', '--routingFile=locationtxt/routingFile42.txt', '--appFile=locationtxt/appFile.txt', '--tcp=0', '--randomTime=true', '--qosDisabled=true'] terminated with signal SIGSEGV. Run it under a debugger to get more information (./waf --run <program> --command-template="gdb --args %s <args>").
