Waf: Entering directory `/home/ubuntu/ns-3.30-obss/build'
Waf: Leaving directory `/home/ubuntu/ns-3.30-obss/build'
Build commands will be stored in build/compile_commands.json
'build' finished successfully (0.854s)
--------------------------Rate[Kbps]--------------------------
Time[s]	cl-1	cl-2	cl-3	cl-4	cl-5	cl-6	cl-7	cl-8	cl-9	cl-10	cl-11	cl-12
60	15	16.6	16	13.6	14.8	13.6	15	18.6	16.4	14.4	12.8	14.8
61	816	892.8	556.8	0	697.6	736	732.8	835.2	854.4	940.8	960	976
62	905.6	761.6	704	0	985.6	672	816	771.2	1024	931.2	1004.8	835.2
63	1193.6	1033.6	825.6	0	1248	944	1014.4	681.6	809.6	985.6	937.6	1081.6
64	860.8	969.6	835.2	0	764.8	851.2	956.8	857.6	1120	748.8	825.6	793.6
65	1139.2	1174.4	1033.6	0	905.6	995.2	1094.4	931.2	880	569.6	649.6	892.8
66	1100.8	1238.4	848	0	1068.8	787.2	889.6	796.8	899.2	912	963.2	809.6
67	809.6	729.6	793.6	0	982.4	988.8	1036.8	1049.6	1081.6	803.2	867.2	899.2
68	1052.8	972.8	1049.6	0	998.4	812.8	1059.2	902.4	1184	643.2	812.8	873.6
69	1168	723.2	963.2	0	1052.8	547.2	1078.4	1004.8	886.4	896	691.2	1020.8
70	937.6	691.2	777.6	0	844.8	972.8	825.6	611.2	739.2	608	985.6	873.6
71	748.8	812.8	1084.8	0	985.6	953.6	688	1081.6	1020.8	963.2	940.8	633.6
72	1024	876.8	1040	0	896	886.4	707.2	806.4	982.4	688	851.2	1094.4
73	854.4	1065.6	1008	0	1027.2	992	771.2	876.8	867.2	940.8	838.4	1068.8
74	912	739.2	774.4	0	950.4	899.2	1004.8	966.4	979.2	611.2	819.2	892.8
75	688	873.6	790.4	0	1011.2	944	1014.4	1091.2	950.4	864	835.2	784
76	1008	867.2	1072	0	905.6	908.8	700.8	867.2	838.4	1075.2	992	1001.6
77	1139.2	947.2	841.6	0	822.4	1008	998.4	1043.2	1104	777.6	1084.8	937.6
78	732.8	1017.6	880	0	828.8	976	1059.2	544	870.4	944	1136	902.4
79	736	819.2	921.6	0	902.4	697.6	752	822.4	758.4	736	1049.6	1088
80	1318.4	787.2	806.4	0	819.2	960	624	844.8	985.6	812.8	726.4	953.6
81	646.4	675.2	1088	0	1036.8	806.4	1059.2	870.4	752	656	1033.6	713.6
82	940.8	758.4	1232	0	1072	838.4	1104	1113.6	902.4	678.4	976	931.2
83	1078.4	1014.4	918.4	0	736	1008	950.4	995.2	774.4	953.6	851.2	1049.6
84	723.2	1030.4	969.6	0	931.2	652.8	793.6	1107.2	675.2	585.6	1251.2	988.8
85	886.4	1081.6	976	0	931.2	809.6	921.6	649.6	1088	800	755.2	876.8
86	979.2	1033.6	972.8	0	896	742.4	956.8	1107.2	822.4	768	822.4	710.4
87	1104	963.2	969.6	0	947.2	937.6	832	1116.8	579.2	835.2	892.8	748.8
88	982.4	988.8	1152	0	777.6	963.2	636.8	688	883.2	947.2	1196.8	729.6
89	1049.6	803.2	540.8	0	905.6	1100.8	707.2	841.6	892.8	1116.8	841.6	1072
90	620.8	713.6	1046.4	0	950.4	1008	812.8	844.8	966.4	1123.2	800	928
(1,0)	(2,4698)	(3,4333)	(4,980)	
(1,0)	(2,1023)	(3,0)	(4,0)	
(1,0)	(2,918)	(3,0)	(4,0)	
(1,0)	(2,1049)	(3,0)	(4,0)	
(1,0)	(2,1093)	(3,0)	(4,0)	
(1,0)	(2,0)	(3,0)	(4,0)	
(1,0)	(2,0)	(3,0)	(4,0)	
(1,0)	(2,0)	(3,0)	(4,0)	
(1,0)	(2,0)	(3,0)	(4,0)	
(1,0)	(2,0)	(3,0)	(4,0)	
(1,0)	(2,0)	(3,0)	(4,0)	
(1,0)	(2,0)	(3,0)	(4,0)	
(1,0)	(2,0)	(3,0)	(4,0)	
avg	938.56	901.867	915.733	0	929.387	880	886.613	890.667	905.707	830.507	913.067	905.387
delay	41.5833	42.3448	46.9411	0.0735294	76.0131	72.7856	63.1227	61.0657	60.8773	70.8067	68.7646	80.9216
loss	0	0	0	0	0.00373134	0.002	0	0.00211416	0.00226757	0	0.00194175	0.0077821
Command ['/home/ubuntu/ns-3.30-obss/build/scratch/simple-ofdma-adhoc6', '--ofdmaEnabled=true', '--startTime=60', '--totalTime=90', '--packetSize=4e3', '--dataMode=HeMcs4', '--datarate=20e6', '--ratio=0.375', '--RngRun=20', '--locationFile=locationtxt/locationFile42c.txt', '--routingFile=locationtxt/routingFile42.txt', '--appFile=locationtxt/appFile.txt', '--tcp=0', '--randomTime=true', '--qosDisabled=true'] terminated with signal SIGSEGV. Run it under a debugger to get more information (./waf --run <program> --command-template="gdb --args %s <args>").
