Waf: Entering directory `/home/ubuntu/ns-3.30-obss/build'
Waf: Leaving directory `/home/ubuntu/ns-3.30-obss/build'
Build commands will be stored in build/compile_commands.json
'build' finished successfully (0.760s)
--------------------------Rate[Kbps]--------------------------
Time[s]	cl-1	cl-2	cl-3	cl-4	cl-5	cl-6	cl-7	cl-8	cl-9	cl-10	cl-11	cl-12
60	13.4	16.4	13.2	14.8	17.2	13.2	15.2	15.4	16.8	12.6	14.8	15.6
61	592	950.4	716.8	0	854.4	742.4	684.8	889.6	665.6	902.4	636.8	1056
62	860.8	1097.6	1052.8	0	883.2	1120	963.2	918.4	950.4	960	812.8	745.6
63	1062.4	809.6	656	0	1126.4	969.6	905.6	643.2	886.4	854.4	745.6	787.2
64	726.4	1305.6	931.2	0	1036.8	947.2	636.8	777.6	992	985.6	1049.6	652.8
65	816	931.2	777.6	0	998.4	758.4	796.8	1017.6	1046.4	921.6	566.4	937.6
66	1276.8	742.4	742.4	0	835.2	822.4	934.4	995.2	1180.8	793.6	1401.6	1152
67	886.4	704	742.4	0	729.6	1084.8	953.6	777.6	739.2	761.6	1145.6	1033.6
68	1120	899.2	1008	0	1011.2	726.4	755.2	636.8	985.6	883.2	755.2	1046.4
69	649.6	934.4	1001.6	0	940.8	883.2	825.6	1052.8	931.2	848	918.4	793.6
70	892.8	745.6	1056	0	867.2	1180.8	908.8	803.2	892.8	976	793.6	771.2
71	985.6	1110.4	745.6	0	732.8	787.2	921.6	899.2	947.2	848	739.2	1020.8
72	860.8	864	828.8	0	742.4	915.2	985.6	489.6	860.8	924.8	806.4	905.6
73	812.8	963.2	684.8	0	1033.6	1212.8	528	736	1008	921.6	816	992
74	1033.6	864	761.6	0	800	822.4	1027.2	1321.6	960	806.4	934.4	966.4
75	1056	758.4	780.8	0	467.2	608	1056	780.8	902.4	793.6	899.2	947.2
76	867.2	713.6	1036.8	0	912	1379.2	668.8	758.4	656	556.8	921.6	1052.8
77	857.6	828.8	921.6	0	1209.6	937.6	995.2	940.8	1264	1148.8	672	844.8
78	963.2	985.6	873.6	0	931.2	876.8	1104	988.8	691.2	886.4	988.8	848
79	860.8	780.8	860.8	0	1065.6	934.4	764.8	1139.2	979.2	835.2	745.6	944
80	988.8	928	828.8	0	854.4	953.6	707.2	918.4	1107.2	1043.2	742.4	768
81	1004.8	835.2	905.6	0	889.6	995.2	620.8	627.2	1136	1004.8	646.4	976
82	995.2	790.4	892.8	0	809.6	1174.4	1126.4	768	758.4	982.4	883.2	457.6
83	768	828.8	812.8	0	966.4	729.6	934.4	780.8	841.6	1004.8	899.2	982.4
84	736	1020.8	1017.6	0	857.6	812.8	915.2	985.6	1088	835.2	870.4	841.6
85	736	857.6	915.2	0	780.8	966.4	870.4	1120	816	1097.6	880	1270.4
86	777.6	787.2	963.2	0	928	825.6	995.2	876.8	1027.2	1088	771.2	928
87	998.4	838.4	1008	0	851.2	985.6	934.4	1398.4	915.2	822.4	803.2	1001.6
88	880	556.8	816	0	1180.8	716.8	1017.6	640	697.6	806.4	812.8	873.6
89	592	832	896	0	979.2	947.2	860.8	883.2	1459.2	854.4	1091.2	905.6
90	1216	956.8	947.2	0	1248	636.8	499.2	636.8	640	832	931.2	1120
(1,0)	(2,4879)	(3,4903)	(4,1192)	
(1,0)	(2,1391)	(3,0)	(4,0)	
(1,0)	(2,1555)	(3,0)	(4,0)	
(1,0)	(2,1266)	(3,0)	(4,0)	
(1,0)	(2,1296)	(3,0)	(4,0)	
(1,0)	(2,0)	(3,0)	(4,0)	
(1,0)	(2,0)	(3,0)	(4,0)	
(1,0)	(2,0)	(3,0)	(4,0)	
(1,0)	(2,0)	(3,0)	(4,0)	
(1,0)	(2,0)	(3,0)	(4,0)	
(1,0)	(2,0)	(3,0)	(4,0)	
(1,0)	(2,0)	(3,0)	(4,0)	
(1,0)	(2,0)	(3,0)	(4,0)	
avg	895.787	874.027	872.747	0	917.44	915.093	863.253	873.387	934.187	899.307	856	920.747
delay	112.19	109.291	113.872	0.0810811	152.873	158.8	189.315	183.329	142.804	152.07	142.645	155.191
loss	0	0	0	0	0.00487805	0.0018797	0.00618557	0.00764818	0	0.00193798	0.00616016	0.00192308
Command ['/home/ubuntu/ns-3.30-obss/build/scratch/simple-ofdma-adhoc6', '--ofdmaEnabled=true', '--startTime=60', '--totalTime=90', '--packetSize=4e3', '--dataMode=HeMcs4', '--datarate=20e6', '--ratio=0.375', '--RngRun=17', '--locationFile=locationtxt/locationFile42c.txt', '--routingFile=locationtxt/routingFile42.txt', '--appFile=locationtxt/appFile.txt', '--tcp=0', '--randomTime=true', '--qosDisabled=true'] terminated with signal SIGSEGV. Run it under a debugger to get more information (./waf --run <program> --command-template="gdb --args %s <args>").
