Waf: Entering directory `/home/ubuntu/ns-3.30-obss/build'
Waf: Leaving directory `/home/ubuntu/ns-3.30-obss/build'
Build commands will be stored in build/compile_commands.json
'build' finished successfully (0.909s)
--------------------------Rate[Kbps]--------------------------
Time[s]	cl-1	cl-2	cl-3	cl-4	cl-5	cl-6	cl-7	cl-8	cl-9	cl-10	cl-11	cl-12
60	17.8	15.8	16.4	15.8	13.2	14.6	14.2	16	14.2	13.2	17	13.2
61	0	0	0	1456	736	611.2	1107.2	1209.6	905.6	851.2	1056	1078.4
62	0	0	0	672	713.6	742.4	899.2	601.6	793.6	720	844.8	864
63	0	0	0	992	908.8	393.6	489.6	995.2	816	710.4	950.4	678.4
64	0	0	0	665.6	787.2	473.6	643.2	723.2	768	668.8	649.6	496
65	0	0	0	652.8	899.2	374.4	867.2	768	822.4	646.4	892.8	800
66	0	0	0	662.4	585.6	483.2	902.4	816	857.6	486.4	656	364.8
67	0	0	0	742.4	809.6	649.6	800	473.6	662.4	790.4	700.8	985.6
68	0	0	0	806.4	796.8	409.6	652.8	726.4	627.2	553.6	611.2	672
69	0	0	0	832	537.6	390.4	969.6	630.4	892.8	659.2	675.2	864
70	0	0	0	816	889.6	726.4	678.4	1065.6	736	732.8	652.8	697.6
71	0	0	0	585.6	780.8	598.4	659.2	822.4	803.2	819.2	665.6	982.4
72	0	0	0	752	966.4	412.8	944	697.6	812.8	694.4	665.6	540.8
73	0	0	0	598.4	745.6	448	688	716.8	668.8	710.4	844.8	889.6
74	0	0	0	828.8	777.6	380.8	777.6	736	848	748.8	601.6	867.2
75	0	0	0	726.4	995.2	553.6	544	822.4	803.2	547.2	691.2	659.2
76	0	0	0	691.2	579.2	444.8	764.8	752	611.2	825.6	720	636.8
77	0	0	0	771.2	819.2	627.2	329.6	540.8	393.6	668.8	771.2	969.6
78	0	0	0	588.8	377.6	428.8	969.6	1056	988.8	601.6	441.6	774.4
79	0	0	0	739.2	915.2	444.8	752	800	579.2	617.6	835.2	716.8
80	0	0	0	512	665.6	403.2	742.4	752	780.8	796.8	723.2	780.8
81	0	0	0	540.8	777.6	582.4	496	873.6	649.6	668.8	611.2	681.6
82	0	0	0	892.8	908.8	572.8	726.4	886.4	662.4	624	598.4	860.8
83	0	0	0	880	832	371.2	608	585.6	611.2	848	620.8	832
84	0	0	0	710.4	649.6	470.4	864	1008	723.2	569.6	822.4	771.2
85	0	0	0	806.4	841.6	566.4	1084.8	688	592	758.4	521.6	588.8
86	0	0	0	982.4	588.8	579.2	636.8	816	646.4	806.4	684.8	851.2
87	0	0	0	828.8	822.4	380.8	1052.8	886.4	899.2	688	787.2	620.8
88	0	0	0	720	774.4	556.8	771.2	780.8	550.4	710.4	710.4	774.4
89	0	0	0	668.8	870.4	534.4	643.2	620.8	540.8	835.2	880	736
90	0	0	0	601.6	902.4	627.2	844.8	726.4	995.2	713.6	857.6	812.8
(1,0)	(2,6373)	(3,4453)	(4,0)	
(1,0)	(2,1706)	(3,652)	(4,0)	
(1,0)	(2,1954)	(3,862)	(4,0)	
(1,0)	(2,1878)	(3,741)	(4,0)	
(1,0)	(2,0)	(3,0)	(4,0)	
(1,0)	(2,0)	(3,0)	(4,0)	
(1,0)	(2,0)	(3,0)	(4,0)	
(1,0)	(2,0)	(3,0)	(4,0)	
(1,0)	(2,0)	(3,0)	(4,0)	
(1,0)	(2,0)	(3,0)	(4,0)	
(1,0)	(2,0)	(3,0)	(4,0)	
(1,0)	(2,0)	(3,0)	(4,0)	
(1,0)	(2,0)	(3,0)	(4,0)	
avg	0	0	0	757.44	775.147	507.947	763.627	785.92	734.72	702.4	724.8	761.6
delay	0.146067	0.126582	0.0731707	580.296	528.348	618.061	575.114	543.034	591.113	607.652	604.291	542.475
loss	0	0	0	0.412013	0.229399	0.849917	0.726121	0.180905	0.466407	0.465738	0.462963	0.199753
Command ['/home/ubuntu/ns-3.30-obss/build/scratch/simple-ofdma-adhoc6', '--ofdmaEnabled=true', '--startTime=60', '--totalTime=90', '--packetSize=4e3', '--dataMode=HeMcs4', '--datarate=35e6', '--ratio=0.375', '--RngRun=6', '--locationFile=locationtxt/locationFile33.txt', '--routingFile=locationtxt/routingFile33.txt', '--appFile=locationtxt/appFile.txt', '--tcp=0', '--randomTime=true', '--qosDisabled=true'] terminated with signal SIGSEGV. Run it under a debugger to get more information (./waf --run <program> --command-template="gdb --args %s <args>").
