Waf: Entering directory `/home/ubuntu/ns-3.30-obss/build'
Waf: Leaving directory `/home/ubuntu/ns-3.30-obss/build'
Build commands will be stored in build/compile_commands.json
'build' finished successfully (0.358s)
--------------------------Rate[Kbps]--------------------------
Time[s]	cl-1	cl-2	cl-3	cl-4	cl-5	cl-6	cl-7	cl-8	cl-9	cl-10	cl-11	cl-12
60	13.6	17	16.6	16	15	17.4	12.6	13.4	17.8	14.8	15	12
61	0	0	0	896	864	928	572.8	752	851.2	950.4	1075.2	1068.8
62	0	0	0	822.4	918.4	777.6	1305.6	1424	870.4	780.8	1024	966.4
63	0	0	0	1417.6	742.4	1011.2	960	854.4	1264	956.8	1030.4	905.6
64	0	0	0	851.2	998.4	1116.8	1030.4	1283.2	956.8	889.6	1299.2	998.4
65	0	0	0	1008	704	640	892.8	688	953.6	947.2	1027.2	665.6
66	0	0	0	873.6	1094.4	713.6	710.4	1206.4	832	950.4	700.8	1017.6
67	0	0	0	992	771.2	1180.8	803.2	841.6	780.8	956.8	937.6	1052.8
68	0	0	0	1180.8	908.8	1369.6	566.4	377.6	499.2	953.6	1030.4	1049.6
69	0	0	0	1136	745.6	768	1228.8	1059.2	1449.6	1193.6	640	643.2
70	0	0	0	819.2	1033.6	1110.4	1030.4	496	979.2	966.4	761.6	1110.4
71	0	0	0	707.2	448	908.8	1100.8	1228.8	1273.6	982.4	851.2	1014.4
72	0	0	0	937.6	828.8	944	848	992	921.6	828.8	864	803.2
73	0	0	0	1084.8	1040	851.2	636.8	828.8	1014.4	1088	1344	1100.8
74	0	0	0	806.4	832	1059.2	992	1308.8	883.2	780.8	832	988.8
75	0	0	0	940.8	723.2	1033.6	988.8	857.6	841.6	928	755.2	844.8
76	0	0	0	864	950.4	880	1168	1078.4	1014.4	508.8	822.4	1184
77	0	0	0	713.6	1014.4	1334.4	537.6	992	1283.2	1228.8	1158.4	812.8
78	0	0	0	1232	1004.8	940.8	880	726.4	905.6	985.6	979.2	905.6
79	0	0	0	940.8	1078.4	1136	889.6	659.2	956.8	1129.6	1097.6	758.4
80	0	0	0	1075.2	838.4	899.2	1411.2	771.2	1017.6	1008	745.6	809.6
81	0	0	0	841.6	921.6	656	819.2	876.8	1132.8	992	1123.2	902.4
82	0	0	0	988.8	912	972.8	675.2	643.2	873.6	883.2	803.2	969.6
83	0	0	0	1001.6	864	915.2	1241.6	1161.6	1168	793.6	1008	912
84	0	0	0	758.4	809.6	918.4	870.4	800	1174.4	1216	848	918.4
85	0	0	0	652.8	678.4	659.2	1129.6	1334.4	803.2	1456	1113.6	1302.4
86	0	0	0	976	1584	1212.8	710.4	924.8	678.4	774.4	720	1027.2
87	0	0	0	956.8	748.8	512	953.6	1120	1270.4	1062.4	1267.2	995.2
88	0	0	0	803.2	921.6	892.8	1075.2	1177.6	1206.4	710.4	569.6	716.8
89	0	0	0	598.4	886.4	806.4	992	604.8	956.8	998.4	1366.4	1001.6
90	0	0	0	854.4	960	816	1068.8	752	867.2	992	857.6	1014.4
(1,0)	(2,6274)	(3,4316)	(4,0)	
(1,0)	(2,1847)	(3,774)	(4,0)	
(1,0)	(2,2010)	(3,834)	(4,0)	
(1,0)	(2,1862)	(3,657)	(4,0)	
(1,0)	(2,0)	(3,0)	(4,0)	
(1,0)	(2,0)	(3,0)	(4,0)	
(1,0)	(2,0)	(3,0)	(4,0)	
(1,0)	(2,0)	(3,0)	(4,0)	
(1,0)	(2,0)	(3,0)	(4,0)	
(1,0)	(2,0)	(3,0)	(4,0)	
(1,0)	(2,0)	(3,0)	(4,0)	
(1,0)	(2,0)	(3,0)	(4,0)	
(1,0)	(2,0)	(3,0)	(4,0)	
avg	0	0	0	924.373	894.187	932.16	936.32	927.36	989.333	963.093	955.093	948.693
delay	0.0735294	0.0705882	0.156627	490.758	497.462	493.558	513.665	498.571	499.912	495.383	486.62	492.517
loss	0	0	0	0.0566802	0.0693642	0.107774	0.129983	0.0358974	0.05	0.115192	0.0607843	0.053719
Command ['/home/ubuntu/ns-3.30-obss/build/scratch/simple-ofdma-adhoc6', '--ofdmaEnabled=true', '--startTime=60', '--totalTime=90', '--packetSize=4e3', '--dataMode=HeMcs4', '--datarate=20e6', '--ratio=0.375', '--RngRun=1', '--locationFile=locationtxt/locationFile33.txt', '--routingFile=locationtxt/routingFile33.txt', '--appFile=locationtxt/appFile.txt', '--tcp=0', '--randomTime=true', '--qosDisabled=true'] terminated with signal SIGSEGV. Run it under a debugger to get more information (./waf --run <program> --command-template="gdb --args %s <args>").
