Waf: Entering directory `/home/ubuntu/ns-3.30-obss/build'
Waf: Leaving directory `/home/ubuntu/ns-3.30-obss/build'
Build commands will be stored in build/compile_commands.json
'build' finished successfully (0.786s)
--------------------------Rate[Kbps]--------------------------
Time[s]	cl-1	cl-2	cl-3	cl-4	cl-5	cl-6	cl-7	cl-8	cl-9	cl-10	cl-11	cl-12
60	13.2	11	13.8	15.8	17	14.2	12	15.6	15.2	15.4	13.8	13
61	908.8	0	1177.6	0	1180.8	1164.8	988.8	1568	1292.8	1152	1468.8	972.8
62	1030.4	0	1228.8	0	1084.8	1299.2	1356.8	1187.2	1414.4	1190.4	1580.8	1459.2
63	1561.6	0	1619.2	0	1347.2	1116.8	1449.6	1177.6	1011.2	1187.2	1312	1222.4
64	1376	0	1280	0	1292.8	1110.4	1180.8	1100.8	1529.6	1331.2	1712	1072
65	1523.2	0	1337.6	0	851.2	1427.2	880	969.6	1084.8	1340.8	1484.8	1462.4
66	1286.4	0	1184	0	1171.2	940.8	950.4	1411.2	1276.8	1145.6	1548.8	1340.8
67	864	0	915.2	0	1139.2	1168	1654.4	934.4	1161.6	1129.6	963.2	1273.6
68	816	0	1052.8	0	1254.4	822.4	1196.8	886.4	1139.2	886.4	1190.4	1136
69	924.8	0	1059.2	0	1148.8	1116.8	1331.2	880	1027.2	1033.6	1190.4	1500.8
70	1516.8	0	1472	0	1164.8	1091.2	1449.6	1299.2	1068.8	1635.2	1219.2	982.4
71	1228.8	0	1200	0	982.4	908.8	1049.6	1404.8	1427.2	1331.2	1328	1350.4
72	1792	0	1440	0	944	1408	1161.6	1123.2	1168	1219.2	1494.4	1420.8
73	1529.6	0	1312	0	1404.8	1129.6	1033.6	1120	1017.6	1180.8	1654.4	1360
74	1219.2	0	1184	0	966.4	1270.4	1324.8	1251.2	1283.2	956.8	1100.8	1360
75	1264	0	1148.8	0	1091.2	1113.6	1251.2	1536	1161.6	1014.4	1536	1100.8
76	758.4	0	668.8	0	1478.4	1072	1164.8	1158.4	982.4	1516.8	1004.8	1481.6
77	1212.8	0	1235.2	0	1065.6	864	1228.8	1388.8	713.6	1564.8	1164.8	1411.2
78	1196.8	0	995.2	0	928	1235.2	1270.4	1216	1196.8	1036.8	1350.4	1193.6
79	1315.2	0	1273.6	0	1020.8	928	1203.2	1232	1340.8	889.6	1312	1142.4
80	1561.6	0	1104	0	1196.8	1564.8	1344	1366.4	1062.4	1148.8	1142.4	864
81	1056	0	1110.4	0	1270.4	921.6	1196.8	1206.4	1180.8	1174.4	1843.2	1315.2
82	1062.4	0	1232	0	1222.4	1097.6	1424	1100.8	1587.2	1024	1177.6	1241.6
83	1440	0	1187.2	0	1417.6	1424	1264	1305.6	1142.4	873.6	1379.2	1353.6
84	1017.6	0	1440	0	1164.8	1065.6	1232	1270.4	947.2	992	1139.2	1001.6
85	1046.4	0	1491.2	0	1417.6	1360	1008	937.6	1302.4	854.4	1276.8	1107.2
86	1046.4	0	1536	0	1446.4	1219.2	1513.6	1264	940.8	953.6	1308.8	963.2
87	774.4	0	1798.4	0	1161.6	1443.2	896	1430.4	1001.6	995.2	1462.4	1728
88	1286.4	0	755.2	0	1001.6	819.2	1136	1187.2	1190.4	1385.6	1187.2	1366.4
89	1136	0	1222.4	0	1251.2	979.2	1331.2	1382.4	1075.2	998.4	1235.2	1056
90	1168	0	1084.8	0	1132.8	921.6	1244.8	1398.4	1251.2	921.6	1027.2	1356.8
(1,0)	(2,5876)	(3,6742)	(4,1581)	
(1,0)	(2,1584)	(3,0)	(4,0)	
(1,0)	(2,1536)	(3,0)	(4,0)	
(1,0)	(2,1513)	(3,0)	(4,0)	
(1,0)	(2,1572)	(3,0)	(4,0)	
(1,0)	(2,0)	(3,0)	(4,0)	
(1,0)	(2,0)	(3,0)	(4,0)	
(1,0)	(2,0)	(3,0)	(4,0)	
(1,0)	(2,0)	(3,0)	(4,0)	
(1,0)	(2,0)	(3,0)	(4,0)	
(1,0)	(2,0)	(3,0)	(4,0)	
(1,0)	(2,0)	(3,0)	(4,0)	
(1,0)	(2,0)	(3,0)	(4,0)	
avg	1197.33	0	1224.85	0	1173.33	1133.44	1223.89	1223.15	1165.97	1135.47	1326.51	1253.23
delay	482.573	0.0545455	475.813	0.0506329	498.79	514.678	493.854	495.15	482.381	486.777	494.164	482.249
loss	0.142665	0	0.0247813	0	0.0968137	0.220472	0.121508	0.0616175	0.035061	0.0290698	0.0680272	0.0265625
Command ['/home/ubuntu/ns-3.30-obss/build/scratch/simple-ofdma-adhoc6', '--ofdmaEnabled=true', '--startTime=60', '--totalTime=90', '--packetSize=4e3', '--dataMode=HeMcs6', '--datarate=30e6', '--ratio=0.375', '--RngRun=36', '--locationFile=locationtxt/locationFile42b2.txt', '--routingFile=locationtxt/routingFile42.txt', '--appFile=locationtxt/appFile.txt', '--tcp=0', '--randomTime=true', '--qosDisabled=true'] terminated with signal SIGSEGV. Run it under a debugger to get more information (./waf --run <program> --command-template="gdb --args %s <args>").
